1701075617807 0.325390625 0
1701075659189 1.41494140625 0
1701075706417 1.31318359375 0
1701075756997 1.5337890625 0
1701075802685 1.41845703125 0
1701075847545 8.5330078125 0
1701075892387 2.3419921875 0
1701075937173 1.63515625 0
1701075981982 1.55498046875 0
1701076027133 10.3275390625 0
1701076072422 7.008203125 0
1701076118459 1.85556640625 0
1701076163041 2.31787109375 0
1701076207721 1.50126953125 0
1701076252505 2.356640625 0
1701076296901 2.4287109375 0
1701076341406 1.71181640625 0
1701076386003 1.83701171875 0
1701076430220 2.56123046875 0
1701076474487 1.90537109375 0
1701076519222 5.8037109375 0
1701076564398 2.1841796875 0
1701076609532 2.13330078125 0
1701076654744 1.82119140625 0
1701076699706 2.6646484375 0
1701076744580 1.7037109375 0
1701076789381 1.71630859375 0
1701076833856 1.72080078125 0
1701076878592 2.02109375 0
1701076923604 1.66015625 0
1701076968109 2.0595703125 0
1701077013038 17.48837890625 0
1701077057876 1.814453125 0
1701077103392 2.15205078125 0
1701077148611 1.9865234375 0
1701077193586 1.9673828125 0
1701077237949 17.99775390625 0
1701077282307 2.47802734375 0
1701077326997 2.44716796875 0
1701077371825 2.12041015625 0
1701077417200 2.28056640625 0
1701077462196 16.6958984375 0
1701077506550 2.37197265625 0
1701077550877 2.7833984375 0
1701077596003 2.1822265625 0
1701077640386 2.371484375 0
1701077684810 2.51796875 0
1701077729837 2.42255859375 0
1701077774825 2.61259765625 0
1701077821921 6.869140625 0
1701077869884 15.7712890625 0
1701077917820 2.5953125 0
1701077962718 3.321875 0
1701078007281 3.384375 0
1701078053023 3.08828125 0
1701078098298 3.1888671875 0
1701078143485 3.625 0
1701078187678 2.869140625 0
1701078231881 2.9953125 0
1701078276413 3.08515625 0
1701078321333 3.559765625 0
1701078365677 3.1091796875 0
1701078410029 3.0724609375 0
1701078454991 3.085546875 0
1701078499377 17.8697265625 0
1701078543558 3.1970703125 0
1701078588091 3.18984375 0
1701078633521 3.2611328125 0
1701078678568 3.3455078125 0
1701078723722 17.151171875 0
1701078768698 3.4275390625 0
1701078813708 3.4501953125 0
1701078858444 4.999609375 0
1701078904037 3.583203125 0
1701078948803 3.99921875 0
1701078992810 3.862890625 0
1701079037229 4.342578125 0
1701079081658 3.9302734375 0
1701079126860 3.71640625 0
1701079172389 4.65859375 0
1701079217703 4.25703125 0
1701079262680 4.445703125 0
1701079308033 4.0013671875 0
1701079352934 4.5255859375 0
1701079398101 4.3201171875 0
1701079443158 4.675 0
1701079487221 4.5400390625 0
1701079531909 7.744921875 0
1701079577034 5.67265625 0
1701079622139 5.89453125 0
1701079667130 8.223046875 0
1701079711822 8.1125 0
1701079757160 9.503515625 0
1701079801777 10.934375 0
1701079848943 10.69609375 0
1701079896533 10.3390625 0
1701079944240 10.64765625 0
1701079988632 13.665625 0
1701080032857 11.37578125 0
1701080077210 10.8296875 0
1701080122483 11.246875 0
1701080167602 12.08515625 0
1701080212767 15.28984375 0
1701080258221 14.2015625 0
1701080302365 14.303125 0
1701080346448 14.8140625 0
1701080391080 14.22890625 0
1701080435557 29.58828125 0
1701080480144 14.6734375 0
1701080524849 15.01328125 0
1701080569637 14.8515625 0
1701080614305 14.59375 0
1701080658814 16.3328125 0
1701080703440 20.8359375 0
1701080748525 15.940625 0
1701080793398 19.98671875 0
1701080838689 17.9828125 0
1701080884085 18.31953125 0
1701080929234 17.66171875 0
1701080974393 19.334375 0
1701081019472 18.021875 0
1701081064608 18.834375 0
1701081109374 34.7078125 0
1701081154943 20.1859375 0
1701081201614 20.4109375 0
1701081249007 19.6203125 0
1701081297209 20.4859375 0
1701081343127 20.43125 0
1701081388345 20.5375 0
1701081432553 22.1703125 0
1701081476573 21.6984375 0
1701081521405 20.9546875 0
1701081566328 21.6921875 0
1701081649953 22.5546875 0
1701081694613 21.5125 0
1701081739069 21.9609375 0
1701081784364 22.134375 0
1701081829342 23.6359375 0
1701081874209 34.1796875 0
1701081919022 22.6734375 0
1701081964684 21.3203125 0
1701082009651 22.6484375 0
1701082054642 22.128125 0
1701082099077 33.2984375 0
1701082143489 22.36875 0
1701082187910 22.365625 0
1701082232889 23.540625 0
1701082277724 22.475 0
1701082322989 23.4796875 0
1701082367883 23.025 0
1701082412885 22.7734375 0
1701082458052 23.771875 0
1701082502985 23.115625 0
1701082547613 23.2625 0
1701082592566 23.840625 0
1701082637649 22.5328125 0
1701082682909 23.07021484375 0
1701082728136 23.1640625 0
1701082772735 22.3703125 0
1701082817112 23.6875 0
1701082861349 21.7890625 0
1701082906054 23.2140625 0
1701082951292 22.696875 0
1701082995773 22.2234375 0
1701083040000 22.3359375 0
1701083084345 22.5765625 0
1701083129149 22.6140625 0
1701083174461 23.321875 0
1701083221459 23.3734375 0
1701083268480 23.2828125 0
1701083316466 23.240625 0
1701083362334 21.8859375 0
1701083406505 23.884375 0
1701083450864 22.5203125 0
1701083495663 22.7125 0
1701083541053 22.70625 0
1701083586115 23.153125 0
1701083631266 23.5453125 0
1701083676607 21.834375 0
1701083721437 23.028125 0
1701083766102 23.9140625 0
1701083810349 22.6140625 0
1701083854793 23.19375 0
1701083899393 22.6921875 0
1701083943901 22.478125 0
1701083988254 23.128125 0
1701084033153 22.3625 0
1701084078359 22.8703125 0
1701084123820 23.971875 0
1701084168906 23.1640625 0
1701084214402 22.8765625 0
1701084259717 23.18125 0
1701084305054 24.2875 0
1701084350363 21.403125 0
1701084395341 22.70625 0
1701084440005 23.565625 0
1701084485009 22.65625 0
1701084530145 23.2390625 0
1701084575305 24.3578125 0
1701084621093 22.96875 0
