1701075617810 0.0013113617897033691 0
1701075659192 0.004052519798278809 0
1701075706421 0.004194974899291992 0
1701075757002 0.004312336444854736 0
1701075802689 0.004419505596160889 0
1701075847550 0.005034446716308594 0
1701075892391 0.005838751792907715 0
1701075937177 0.005941927433013916 0
1701075981987 0.0055394768714904785 0
1701076027138 0.0055536627769470215 0
1701076072425 0.005666851997375488 0
1701076118463 0.0057964324951171875 0
1701076163046 0.0059021711349487305 0
1701076207725 0.005993008613586426 0
1701076252510 0.006081283092498779 0
1701076296905 0.006190478801727295 0
1701076341410 0.006309211254119873 0
1701076386006 0.006404101848602295 0
1701076430224 0.006494879722595215 0
1701076474490 0.006622493267059326 0
1701076519226 0.006793498992919922 0
1701076564402 0.007027685642242432 0
1701076609536 0.0072754621505737305 0
1701076654748 0.007580459117889404 0
1701076699710 0.007880568504333496 0
1701076744584 0.008211970329284668 0
1701076789386 0.0084647536277771 0
1701076833860 0.009158730506896973 0
1701076878595 0.009824216365814209 0
1701076923608 0.010279178619384766 0
1701076968113 0.010762810707092285 0
1701077013042 0.011555314064025879 0
1701077057880 0.01259845495223999 0
1701077103395 0.013368725776672363 0
1701077148615 0.0143013596534729 0
1701077193590 0.014793992042541504 0
1701077237953 0.015669286251068115 0
1701077282311 0.016479551792144775 0
1701077327001 0.017403066158294678 0
1701077371829 0.018358290195465088 0
1701077417204 0.019690096378326416 0
1701077462201 0.02051699161529541 0
1701077506554 0.02129596471786499 0
1701077550882 0.022296786308288574 0
1701077596007 0.023751676082611084 0
1701077640390 0.02517235279083252 0
1701077684814 0.026433944702148438 0
1701077729841 0.027551591396331787 0
1701077774829 0.028501272201538086 0
1701077821925 0.02951681613922119 0
1701077869888 0.031423091888427734 0
1701077917825 0.034348249435424805 0
1701077962722 0.03622359037399292 0
1701078007285 0.03830909729003906 0
1701078053027 0.03993004560470581 0
1701078098302 0.0413590669631958 0
1701078143489 0.042312681674957275 0
1701078187682 0.04351973533630371 0
1701078231885 0.04505389928817749 0
1701078276417 0.046441733837127686 0
1701078321337 0.04729980230331421 0
1701078365682 0.048097431659698486 0
1701078410033 0.049003779888153076 0
1701078454995 0.05027741193771362 0
1701078499380 0.05174809694290161 0
1701078543562 0.05470496416091919 0
1701078588095 0.05652707815170288 0
1701078633525 0.058204472064971924 0
1701078678572 0.0596160888671875 0
1701078723726 0.0612255334854126 0
1701078768702 0.06315970420837402 0
1701078813713 0.0652880072593689 0
1701078858449 0.06684732437133789 0
1701078904041 0.0690116286277771 0
1701078948807 0.07093995809555054 0
1701078992813 0.07258105278015137 0
1701079037233 0.07383453845977783 0
1701079081662 0.0750228762626648 0
1701079126864 0.07633459568023682 0
1701079172393 0.07750660181045532 0
1701079217706 0.07901978492736816 0
1701079262684 0.08113962411880493 0
1701079308037 0.08385860919952393 0
1701079352938 0.08565104007720947 0
1701079398105 0.08798891305923462 0
1701079443162 0.09315472841262817 0
1701079487226 0.09904062747955322 0
1701079531912 0.10645252466201782 0
1701079577038 0.11508524417877197 0
1701079622142 0.1257038712501526 0
1701079667134 0.13948333263397217 0
1701079711826 0.1567528247833252 0
1701079757164 0.17535239458084106 0
1701079801781 0.1798272728919983 0
1701079848947 0.1887701153755188 0
1701079896537 0.19654440879821777 0
1701079944244 0.20350182056427002 0
1701079988636 0.210976243019104 0
1701080032861 0.21811401844024658 0
1701080077214 0.22487705945968628 0
1701080122486 0.23215126991271973 0
1701080167606 0.2388298511505127 0
1701080212771 0.24553251266479492 0
1701080258224 0.2523195147514343 0
1701080302369 0.2590913772583008 0
1701080346452 0.265669584274292 0
1701080391084 0.27214759588241577 0
1701080435560 0.27848291397094727 0
1701080480148 0.2846541404724121 0
1701080524853 0.2908012866973877 0
1701080569641 0.29724395275115967 0
1701080614310 0.30330806970596313 0
1701080658818 0.3092191815376282 0
1701080703444 0.3155243396759033 0
1701080748529 0.3213847279548645 0
1701080793402 0.327282190322876 0
1701080838693 0.3334397077560425 0
1701080884089 0.3386980891227722 0
1701080929238 0.3444370627403259 0
1701080974397 0.3502925634384155 0
1701081019476 0.3555186986923218 0
1701081064612 0.3619052767753601 0
1701081109378 0.3668357729911804 0
1701081154947 0.3727184534072876 0
1701081201618 0.3782511353492737 0
1701081249011 0.3832463026046753 0
1701081297213 0.3886033892631531 0
1701081343131 0.394361674785614 0
1701081388349 0.39950162172317505 0
1701081432557 0.40449202060699463 0
1701081476577 0.4092748165130615 0
1701081521409 0.41433531045913696 0
1701081566332 0.41914302110671997 0
1701081649957 0.4239209294319153 0
1701081694617 0.4280967116355896 0
1701081739073 0.4315704107284546 0
1701081784369 0.4323045015335083 0
1701081829345 0.4336186647415161 0
1701081874213 0.4349241852760315 0
1701081919026 0.4363108277320862 0
1701081964688 0.4376220107078552 0
1701082009655 0.43879497051239014 0
1701082054646 0.43999719619750977 0
1701082099081 0.4411885142326355 0
1701082143493 0.4426577091217041 0
1701082187914 0.44376951456069946 0
1701082232893 0.44488525390625 0
1701082277727 0.4461444020271301 0
1701082322992 0.4469475746154785 0
1701082367887 0.4481961131095886 0
1701082412889 0.4492954611778259 0
1701082458056 0.4503694772720337 0
1701082502989 0.45139163732528687 0
1701082547617 0.45247066020965576 0
1701082592569 0.45344239473342896 0
1701082637653 0.4544900059700012 0
1701082682912 0.4553842544555664 0
1701082728139 0.4564823508262634 0
1701082772739 0.45730316638946533 0
1701082817116 0.458284854888916 0
1701082861353 0.4591529369354248 0
1701082906058 0.460061252117157 0
1701082951296 0.460987389087677 0
1701082995777 0.4617709517478943 0
1701083040004 0.4626386761665344 0
1701083084349 0.46362733840942383 0
1701083129153 0.46440809965133667 0
1701083174465 0.4651315212249756 0
1701083221463 0.4658969044685364 0
1701083268484 0.466714084148407 0
1701083316470 0.46746504306793213 0
1701083362338 0.4681941270828247 0
1701083406509 0.4689284563064575 0
1701083450868 0.46970832347869873 0
1701083495666 0.47049379348754883 0
1701083541057 0.4711633324623108 0
1701083586119 0.4718717336654663 0
1701083631270 0.47254323959350586 0
1701083676611 0.4730856418609619 0
1701083721440 0.4738903045654297 0
1701083766105 0.4743068218231201 0
1701083810353 0.4749443531036377 0
1701083854796 0.4756423830986023 0
1701083899397 0.47618991136550903 0
1701083943905 0.47679227590560913 0
1701083988258 0.477384090423584 0
1701084033157 0.4779242277145386 0
1701084078363 0.47846829891204834 0
1701084123824 0.4789847135543823 0
1701084168910 0.4795492887496948 0
1701084214406 0.48007023334503174 0
1701084259721 0.4805949926376343 0
1701084305057 0.4811522960662842 0
1701084350367 0.48150527477264404 0
1701084395345 0.482074499130249 0
1701084440009 0.4824705123901367 0
1701084485013 0.4829499125480652 0
1701084530149 0.4833739995956421 0
1701084575309 0.4838337302207947 0
1701084621098 0.48424047231674194 0
