1701075620240 4088.0 0
1701075661724 4088.0 0
1701075708917 4087.0 0
1701075759570 4087.0 0
1701075805143 4087.0 0
1701075849948 4086.0 0
1701075894821 4084.0 0
1701075939599 4084.0 0
1701075984406 4085.0 0
1701076029603 4086.0 0
1701076074842 4086.0 0
1701076120870 4085.0 0
1701076165558 4086.0 0
1701076210131 4086.0 0
1701076254920 4086.0 0
1701076299337 4086.0 0
1701076343800 4086.0 0
1701076388457 4086.0 0
1701076432684 4086.0 0
1701076476899 4086.0 0
1701076521686 4086.0 0
1701076566841 4086.0 0
1701076611929 4086.0 0
1701076657196 4086.0 0
1701076702180 4086.0 0
1701076747009 4086.0 0
1701076791823 4086.0 0
1701076836297 4086.0 0
1701076881069 4086.0 0
1701076926063 4086.0 0
1701076970542 4086.0 0
1701077015480 4086.0 0
1701077060356 4086.0 0
1701077105811 4086.0 0
1701077151029 4086.0 0
1701077196001 4086.0 0
1701077240364 4086.0 0
1701077284713 4085.0 0
1701077329407 4085.0 0
1701077374310 4085.0 0
1701077419608 4086.0 0
1701077464623 4086.0 0
1701077508983 4085.0 0
1701077553312 4085.0 0
1701077598390 4085.0 0
1701077642789 4085.0 0
1701077687229 4085.0 0
1701077732248 4085.0 0
1701077777268 4085.0 0
1701077824474 4085.0 0
1701077872435 4084.0 0
1701077920328 4084.0 0
1701077965210 4084.0 0
1701078009784 4084.0 0
1701078055489 4084.0 0
1701078100727 4084.0 0
1701078145924 4084.0 0
1701078190068 4084.0 0
1701078234304 4084.0 0
1701078278839 4085.0 0
1701078323779 4085.0 0
1701078368110 4085.0 0
1701078412397 4085.0 0
1701078457438 4085.0 0
1701078501811 4085.0 0
1701078545961 4085.0 0
1701078590478 4085.0 0
1701078635968 4085.0 0
1701078681053 4085.0 0
1701078726168 4084.0 0
1701078771114 4084.0 0
1701078816160 4084.0 0
1701078860905 4084.0 0
1701078906486 4084.0 0
1701078951200 4084.0 0
1701078995210 4085.0 0
1701079039686 4085.0 0
1701079084050 4085.0 0
1701079129279 4085.0 0
1701079174830 4085.0 0
1701079220157 4085.0 0
1701079265075 4085.0 0
1701079310468 4085.0 0
1701079355360 4085.0 0
1701079400554 4085.0 0
1701079445591 4084.0 0
1701079489668 4082.0 0
1701079534393 4075.0 0
1701079579472 4064.0 0
1701079624552 4043.0 0
1701079669577 4006.0 0
1701079714277 3955.0 0
1701079759586 3901.0 0
1701079804176 3896.0 0
1701079851503 3875.0 0
1701079899067 3858.0 0
1701079946716 3845.0 0
1701079991033 3830.0 0
1701080035368 3818.0 0
1701080079612 3807.0 0
1701080124875 3797.0 0
1701080170009 3788.0 0
1701080215213 3778.0 0
1701080260601 3768.0 0
1701080304802 3758.0 0
1701080348877 3749.0 0
1701080393499 3738.0 0
1701080438001 3727.0 0
1701080482592 3718.0 0
1701080527309 3707.0 0
1701080572083 3695.0 0
1701080616764 3685.0 0
1701080661272 3674.0 0
1701080705948 3661.0 0
1701080750955 3648.0 0
1701080795823 3636.0 0
1701080841163 3622.0 0
1701080886518 3611.0 0
1701080931668 3599.0 0
1701080976761 3589.0 0
1701081021879 3579.0 0
1701081067066 3566.0 0
1701081111807 3558.0 0
1701081157465 3548.0 0
1701081204246 3538.0 0
1701081251559 3530.0 0
1701081299697 3521.0 0
1701081345491 3509.0 0
1701081390700 3501.0 0
1701081434932 3492.0 0
1701081478944 3484.0 0
1701081523851 3475.0 0
1701081568723 3466.0 0
1701081652354 3458.0 0
1701081696964 3451.0 0
1701081741438 3447.0 0
1701081786769 3448.0 0
1701081831762 3448.0 0
1701081876619 3448.0 0
1701081921441 3449.0 0
1701081967084 3449.0 0
1701082011993 3449.0 0
1701082057027 3449.0 0
1701082101479 3450.0 0
1701082145905 3449.0 0
1701082190323 3449.0 0
1701082235268 3448.0 0
1701082280112 3447.0 0
1701082325388 3448.0 0
1701082370283 3447.0 0
1701082415248 3447.0 0
1701082460468 3447.0 0
1701082505377 3447.0 0
1701082550013 3447.0 0
1701082594961 3447.0 0
1701082640028 3447.0 0
1701082685363 3447.0 0
1701082730551 3447.0 0
1701082775180 3448.0 0
1701082819533 3448.0 0
1701082863731 3448.0 0
1701082908494 3448.0 0
1701082953779 3447.0 0
1701082998298 3448.0 0
1701083042419 3448.0 0
1701083086703 3448.0 0
1701083131517 3448.0 0
1701083176830 3448.0 0
1701083223972 3448.0 0
1701083270974 3448.0 0
1701083319214 3448.0 0
1701083364749 3448.0 0
1701083408882 3448.0 0
1701083453258 3448.0 0
1701083498010 3448.0 0
1701083543477 3448.0 0
1701083588615 3448.0 0
1701083633611 3448.0 0
1701083678984 3448.0 0
1701083723823 3448.0 0
1701083768580 3448.0 0
1701083812739 3448.0 0
1701083857159 3448.0 0
1701083901755 3448.0 0
1701083946260 3448.0 0
1701083990596 3448.0 0
1701084035503 3448.0 0
1701084080843 3449.0 0
1701084126231 3449.0 0
1701084171373 3449.0 0
1701084216750 3449.0 0
1701084262133 3449.0 0
1701084307496 3449.0 0
1701084352783 3449.0 0
1701084397714 3449.0 0
1701084442398 3449.0 0
1701084487416 3449.0 0
1701084532528 3449.0 0
1701084577789 3449.0 0
1701084623515 3449.0 0
