1701075617808 0.0 0
1701075659189 0.0007104184478521347 0
1701075706418 -0.001600479893386364 0
1701075756998 -0.0038414446637034414 0
1701075802686 0.0028394408524036407 0
1701075847546 0.020371992141008377 0
1701075892388 0.04822219461202622 0
1701075937174 0.08712742924690246 0
1701075981983 0.14219024181365966 0
1701076027134 0.210914945602417 0
1701076072423 0.2917651176452637 0
1701076118460 0.38563051223754885 0
1701076163042 0.4932090759277344 0
1701076207722 0.6147085189819336 0
1701076252506 0.7503353118896484 0
1701076296902 0.8998109817504882 0
1701076341407 1.0631855010986329 0
1701076386003 1.2411571502685548 0
1701076430221 1.4339103698730469 0
1701076474487 1.640892791748047 0
1701076519223 1.861669921875 0
1701076564399 2.0946189880371096 0
1701076609533 2.341810607910156 0
1701076654745 2.600921630859375 0
1701076699707 2.8754898071289063 0
1701076744581 3.160664367675781 0
1701076789382 3.4649978637695313 0
1701076833857 3.7736785888671873 0
1701076878592 4.083831787109375 0
1701076923605 4.41585693359375 0
1701076968110 4.7676025390625 0
1701077013039 5.121783447265625 0
1701077057877 5.470166015625 0
1701077103392 5.834808349609375 0
1701077148611 6.213165283203125 0
1701077193587 6.614013671875 0
1701077237950 7.0318603515625 0
1701077282308 7.446368408203125 0
1701077326998 7.876654052734375 0
1701077371825 8.313409423828125 0
1701077417201 8.74256591796875 0
1701077462197 9.18961181640625 0
1701077506551 9.67763671875 0
1701077550878 10.16649169921875 0
1701077596003 10.63951416015625 0
1701077640387 11.09288330078125 0
1701077684811 11.5837158203125 0
1701077729838 12.086865234375 0
1701077774826 12.62567138671875 0
1701077821921 13.1784423828125 0
1701077869884 13.697509765625 0
1701077917821 14.1076171875 0
1701077962719 14.5340087890625 0
1701078007282 15.0245361328125 0
1701078053024 15.51875 0
1701078098299 16.0633056640625 0
1701078143486 16.6645263671875 0
1701078187679 17.2904052734375 0
1701078231882 17.875 0
1701078276414 18.47509765625 0
1701078321334 19.1285888671875 0
1701078365678 19.84990234375 0
1701078410030 20.547802734375 0
1701078454992 21.2453125 0
1701078499377 21.92177734375 0
1701078543559 22.475 0
1701078588092 23.0068359375 0
1701078633521 23.658154296875 0
1701078678569 24.339794921875 0
1701078723722 25.0685546875 0
1701078768699 25.7048828125 0
1701078813709 26.32607421875 0
1701078858445 27.0162109375 0
1701078904038 27.699267578125 0
1701078948804 28.324658203125 0
1701078992810 29.054052734375 0
1701079037230 29.826513671875 0
1701079081659 30.671630859375 0
1701079126860 31.47548828125 0
1701079172390 32.3384765625 0
1701079217704 33.18427734375 0
1701079262681 33.93984375 0
1701079308034 34.583984375 0
1701079352935 35.28896484375 0
1701079398102 36.07236328125 0
1701079443159 36.4642578125 0
1701079487222 36.50947265625 0
1701079531910 36.32685546875 0
1701079577035 35.83837890625 0
1701079622139 34.97705078125 0
1701079667131 33.65615234375 0
1701079711823 31.6412109375 0
1701079757160 28.85458984375 0
1701079801778 27.8240234375 0
1701079848944 27.4796875 0
1701079896534 26.8974609375 0
1701079944241 26.3494140625 0
1701079988633 25.818359375 0
1701080032858 25.300390625 0
1701080077211 24.81328125 0
1701080122483 24.31904296875 0
1701080167603 23.8484375 0
1701080212768 23.40576171875 0
1701080258221 22.9609375 0
1701080302366 22.51416015625 0
1701080346449 22.0927734375 0
1701080391081 21.6787109375 0
1701080435558 21.2654296875 0
1701080480144 20.887890625 0
1701080524849 20.49453125 0
1701080569638 20.136328125 0
1701080614306 19.7505859375 0
1701080658815 19.3830078125 0
1701080703441 19.0181640625 0
1701080748526 18.67109375 0
1701080793398 18.32890625 0
1701080838690 17.9888671875 0
1701080884086 17.694921875 0
1701080929234 17.359375 0
1701080974394 17.040234375 0
1701081019473 16.8138671875 0
1701081064609 16.465625 0
1701081109375 16.15703125 0
1701081154944 15.8984375 0
1701081201615 15.5439453125 0
1701081249008 15.3533203125 0
1701081297210 15.1169921875 0
1701081343128 14.8255859375 0
1701081388346 14.5287109375 0
1701081432554 14.3486328125 0
1701081476574 14.1755859375 0
1701081521406 13.9890625 0
1701081566329 13.8046875 0
1701081649954 13.6333984375 0
1701081694614 13.280078125 0
1701081739069 12.5654296875 0
1701081784365 12.2224609375 0
1701081829343 12.12109375 0
1701081874210 11.8703125 0
1701081919023 11.6169921875 0
1701081964685 11.4232421875 0
1701082009652 11.2095703125 0
1701082054643 10.994921875 0
1701082099078 10.758203125 0
1701082143490 10.5533203125 0
1701082187911 10.36171875 0
1701082232890 10.1595703125 0
1701082277725 9.9591796875 0
1701082322989 9.7548828125 0
1701082367884 9.57890625 0
1701082412886 9.3853515625 0
1701082458053 9.1939453125 0
1701082502986 9.01484375 0
1701082547614 8.8326171875 0
1701082592567 8.6509765625 0
1701082637650 8.4736328125 0
1701082682910 8.30078125 0
1701082728136 8.129296875 0
1701082772735 7.9505859375 0
1701082817113 7.7828125 0
1701082861350 7.62890625 0
1701082906055 7.4564453125 0
1701082951293 7.3107421875 0
1701082995774 7.16171875 0
1701083040001 6.9890625 0
1701083084346 6.8447265625 0
1701083129150 6.70859375 0
1701083174462 6.56015625 0
1701083221459 6.4130859375 0
1701083268481 6.2736328125 0
1701083316467 6.13984375 0
1701083362335 5.9947265625 0
1701083406506 5.8623046875 0
1701083450865 5.7287109375 0
1701083495663 5.6 0
1701083541054 5.4720703125 0
1701083586115 5.3220703125 0
1701083631267 5.2353515625 0
1701083676608 5.084375 0
1701083721438 4.984375 0
1701083766102 4.8646484375 0
1701083810350 4.7541015625 0
1701083854793 4.639453125 0
1701083899394 4.53515625 0
1701083943902 4.4283203125 0
1701083988255 4.318359375 0
1701084033154 4.2138671875 0
1701084078360 4.1123046875 0
1701084123821 4.0111328125 0
1701084168907 3.90234375 0
1701084214402 3.8162109375 0
1701084259718 3.7166015625 0
1701084305055 3.623828125 0
1701084350364 3.526953125 0
1701084395342 3.4328125 0
1701084440006 3.357421875 0
1701084485010 3.263671875 0
1701084530146 3.1865234375 0
1701084575306 3.1013671875 0
1701084621094 3.0150390625 0
