1701075617810 0.09942184388637543 0
1701075659191 0.8399556875228882 0
1701075706420 1.3661285638809204 0
1701075757001 2.431196451187134 0
1701075802688 3.7985172271728516 0
1701075847549 5.324906826019287 0
1701075892391 6.955667495727539 0
1701075937176 8.661903381347656 0
1701075981986 10.451652526855469 0
1701076027137 12.310569763183594 0
1701076072425 14.20820426940918 0
1701076118462 16.13042449951172 0
1701076163045 18.07189178466797 0
1701076207724 20.02997398376465 0
1701076252509 22.002534866333008 0
1701076296904 23.987098693847656 0
1701076341409 25.981096267700195 0
1701076386005 27.98296356201172 0
1701076430223 29.99195098876953 0
1701076474490 32.00679016113281 0
1701076519225 34.025665283203125 0
1701076564401 36.04604721069336 0
1701076609535 38.06648635864258 0
1701076654747 40.08578872680664 0
1701076699710 42.103851318359375 0
1701076744584 44.1197624206543 0
1701076789385 46.134674072265625 0
1701076833859 48.147613525390625 0
1701076878595 50.15141296386719 0
1701076923607 52.147151947021484 0
1701076968112 54.139923095703125 0
1701077013042 56.12937545776367 0
1701077057880 58.10966110229492 0
1701077103394 60.07855224609375 0
1701077148614 62.039306640625 0
1701077193590 63.99416732788086 0
1701077237952 65.94851684570312 0
1701077282310 67.89920043945312 0
1701077327001 69.84599304199219 0
1701077371828 71.78800964355469 0
1701077417204 73.72290802001953 0
1701077462200 75.6485366821289 0
1701077506553 77.57115173339844 0
1701077550881 79.49302673339844 0
1701077596006 81.41071319580078 0
1701077640389 83.31739807128906 0
1701077684813 85.21409606933594 0
1701077729840 87.10350799560547 0
1701077774828 88.98966979980469 0
1701077821924 90.87559509277344 0
1701077869887 92.75894927978516 0
1701077917824 94.62579345703125 0
1701077962721 96.46672058105469 0
1701078007285 98.29008483886719 0
1701078053026 100.09944152832031 0
1701078098301 101.90128326416016 0
1701078143488 103.70237731933594 0
1701078187681 105.50852966308594 0
1701078231884 107.31733703613281 0
1701078276416 109.12589263916016 0
1701078321336 110.93594360351562 0
1701078365681 112.75389862060547 0
1701078410032 114.57942962646484 0
1701078454995 116.41089630126953 0
1701078499379 118.24427032470703 0
1701078543561 120.07164764404297 0
1701078588094 121.88182067871094 0
1701078633524 123.68092346191406 0
1701078678571 125.47434997558594 0
1701078723725 127.26734161376953 0
1701078768701 129.05628967285156 0
1701078813712 130.83766174316406 0
1701078858448 132.61196899414062 0
1701078904040 134.382080078125 0
1701078948806 136.14427185058594 0
1701078992813 137.90121459960938 0
1701079037232 139.65682983398438 0
1701079081661 141.4159393310547 0
1701079126863 143.17893981933594 0
1701079172392 144.94607543945312 0
1701079217705 146.7174072265625 0
1701079262684 148.4885711669922 0
1701079308036 150.252197265625 0
1701079352937 152.0047149658203 0
1701079398105 153.75112915039062 0
1701079443161 155.48291015625 0
1701079487225 157.17779541015625 0
1701079531911 158.82177734375 0
1701079577037 160.3997802734375 0
1701079622142 161.89727783203125 0
1701079667133 163.2971649169922 0
1701079711825 164.57437133789062 0
1701079757163 165.6981658935547 0
1701079801780 166.68911743164062 0
1701079848946 167.61688232421875 0
1701079896536 168.49583435058594 0
1701079944244 169.33306884765625 0
1701079988635 170.13424682617188 0
1701080032860 170.9014129638672 0
1701080077213 171.63674926757812 0
1701080122485 172.3423614501953 0
1701080167605 173.02003479003906 0
1701080212770 173.67149353027344 0
1701080258224 174.29840087890625 0
1701080302368 174.9013671875 0
1701080346451 175.48182678222656 0
1701080391084 176.0408477783203 0
1701080435560 176.57923889160156 0
1701080480147 177.09841918945312 0
1701080524852 177.59934997558594 0
1701080569640 178.08302307128906 0
1701080614309 178.54953002929688 0
1701080658817 178.99952697753906 0
1701080703444 179.43385314941406 0
1701080748529 179.8529815673828 0
1701080793401 180.2576904296875 0
1701080838692 180.64865112304688 0
1701080884089 181.02642822265625 0
1701080929237 181.3919219970703 0
1701080974397 181.74520874023438 0
1701081019475 182.08763122558594 0
1701081064611 182.41961669921875 0
1701081109378 182.7394256591797 0
1701081154946 183.0495147705078 0
1701081201617 183.3485565185547 0
1701081249010 183.63819885253906 0
1701081297213 183.9199676513672 0
1701081343130 184.1931915283203 0
1701081388348 184.456787109375 0
1701081432556 184.71267700195312 0
1701081476576 184.96217346191406 0
1701081521408 185.2059783935547 0
1701081566332 185.4438934326172 0
1701081649957 185.67633056640625 0
1701081694616 185.9021759033203 0
1701081739072 186.11341857910156 0
1701081784368 186.30996704101562 0
1701081829345 186.49905395507812 0
1701081874213 186.6817169189453 0
1701081919025 186.8578338623047 0
1701081964687 187.0280303955078 0
1701082009654 187.19252014160156 0
1701082054646 187.35154724121094 0
1701082099080 187.5048370361328 0
1701082143493 187.65289306640625 0
1701082187913 187.7957763671875 0
1701082232893 187.93380737304688 0
1701082277727 188.06710815429688 0
1701082322992 188.19558715820312 0
1701082367886 188.3197784423828 0
1701082412888 188.43968200683594 0
1701082458055 188.55531311035156 0
1701082502988 188.66685485839844 0
1701082547616 188.77444458007812 0
1701082592569 188.87814331054688 0
1701082637653 188.9781036376953 0
1701082682912 189.0744171142578 0
1701082728139 189.167236328125 0
1701082772738 189.25648498535156 0
1701082817116 189.3424072265625 0
1701082861352 189.4251708984375 0
1701082906057 189.50479125976562 0
1701082951295 189.58151245117188 0
1701082995777 189.6553955078125 0
1701083040004 189.7263946533203 0
1701083084348 189.7947235107422 0
1701083129152 189.86045837402344 0
1701083174464 189.92369079589844 0
1701083221462 189.9844970703125 0
1701083268484 190.04295349121094 0
1701083316469 190.09915161132812 0
1701083362337 190.15309143066406 0
1701083406509 190.2048797607422 0
1701083450867 190.25460815429688 0
1701083495666 190.3023223876953 0
1701083541056 190.34805297851562 0
1701083586118 190.39181518554688 0
1701083631269 190.43386840820312 0
1701083676610 190.47413635253906 0
1701083721440 190.51280212402344 0
1701083766105 190.5498046875 0
1701083810353 190.58535766601562 0
1701083854795 190.6194610595703 0
1701083899397 190.65211486816406 0
1701083943904 190.68341064453125 0
1701083988257 190.71336364746094 0
1701084033156 190.74203491210938 0
1701084078362 190.76947021484375 0
1701084123823 190.79571533203125 0
1701084168909 190.8207550048828 0
1701084214405 190.84469604492188 0
1701084259720 190.86758422851562 0
1701084305057 190.8894500732422 0
1701084350366 190.9102783203125 0
1701084395345 190.93016052246094 0
1701084440009 190.9491424560547 0
1701084485012 190.96725463867188 0
1701084530148 190.9845733642578 0
1701084575308 191.00108337402344 0
1701084621097 191.0167999267578 0
