1701075617809 0.09999923408031464 0
1701075659191 0.9335607886314392 0
1701075706419 1.172890543937683 0
1701075757000 0.30164045095443726 0
1701075802687 -0.9832019805908203 0
1701075847548 -2.4129669666290283 0
1701075892390 -3.9072818756103516 0
1701075937175 -5.438205718994141 0
1701075981985 -7.010573387145996 0
1701076027136 -8.619941711425781 0
1701076072424 -10.248686790466309 0
1701076118462 -11.887228965759277 0
1701076163044 -13.531669616699219 0
1701076207724 -15.180407524108887 0
1701076252508 -16.83250617980957 0
1701076296903 -18.48701286315918 0
1701076341408 -20.14292335510254 0
1701076386004 -21.799680709838867 0
1701076430222 -23.45713233947754 0
1701076474489 -25.114904403686523 0
1701076519225 -26.772319793701172 0
1701076564400 -28.428314208984375 0
1701076609535 -30.08224868774414 0
1701076654746 -31.733612060546875 0
1701076699709 -33.382362365722656 0
1701076744583 -35.02812957763672 0
1701076789384 -36.671478271484375 0
1701076833858 -38.31208038330078 0
1701076878594 -39.94679641723633 0
1701076923606 -41.57592010498047 0
1701076968112 -43.2016487121582 0
1701077013041 -44.8239631652832 0
1701077057879 -46.440391540527344 0
1701077103394 -48.04984664916992 0
1701077148613 -49.653656005859375 0
1701077193589 -51.2528076171875 0
1701077237951 -52.849727630615234 0
1701077282310 -54.44322967529297 0
1701077327000 -56.03328323364258 0
1701077371827 -57.61957931518555 0
1701077417203 -59.2011604309082 0
1701077462199 -60.77708053588867 0
1701077506552 -62.3499870300293 0
1701077550880 -63.920963287353516 0
1701077596005 -65.4886703491211 0
1701077640388 -67.05021667480469 0
1701077684812 -68.60592651367188 0
1701077729839 -70.15693664550781 0
1701077774827 -71.7049789428711 0
1701077821923 -73.25141906738281 0
1701077869886 -74.79540252685547 0
1701077917823 -76.33102416992188 0
1701077962720 -77.85408020019531 0
1701078007284 -79.36788940429688 0
1701078053026 -80.8738784790039 0
1701078098300 -82.3747787475586 0
1701078143487 -83.87358093261719 0
1701078187681 -85.37289428710938 0
1701078231883 -86.87187957763672 0
1701078276415 -88.36937713623047 0
1701078321336 -89.8662109375 0
1701078365680 -91.36518859863281 0
1701078410032 -92.86634063720703 0
1701078454994 -94.36910247802734 0
1701078499378 -95.87186431884766 0
1701078543560 -97.37137603759766 0
1701078588094 -98.86280822753906 0
1701078633523 -100.34861755371094 0
1701078678570 -101.83103942871094 0
1701078723724 -103.3122787475586 0
1701078768700 -104.79088592529297 0
1701078813711 -106.26538848876953 0
1701078858447 -107.73592376708984 0
1701078904040 -109.2037353515625 0
1701078948805 -110.667236328125 0
1701078992812 -112.12754821777344 0
1701079037231 -113.58633422851562 0
1701079081661 -115.04568481445312 0
1701079126862 -116.50584411621094 0
1701079172391 -117.96698760986328 0
1701079217705 -119.42921447753906 0
1701079262683 -120.8907241821289 0
1701079308035 -122.34844207763672 0
1701079352937 -123.80081939697266 0
1701079398104 -125.2498779296875 0
1701079443160 -126.6920166015625 0
1701079487224 -128.11758422851562 0
1701079531911 -129.52012634277344 0
1701079577036 -130.89244079589844 0
1701079622141 -132.2272186279297 0
1701079667132 -133.5154266357422 0
1701079711824 -134.7432861328125 0
1701079757162 -135.8920440673828 0
1701079801780 -136.96926879882812 0
1701079848945 -138.01126098632812 0
1701079896536 -139.02476501464844 0
1701079944243 -140.0131378173828 0
1701079988635 -140.97927856445312 0
1701080032860 -141.9240264892578 0
1701080077213 -142.84841918945312 0
1701080122485 -143.75347900390625 0
1701080167605 -144.6400909423828 0
1701080212769 -145.50912475585938 0
1701080258223 -146.3614959716797 0
1701080302368 -147.19735717773438 0
1701080346451 -148.0175323486328 0
1701080391083 -148.82249450683594 0
1701080435559 -149.61265563964844 0
1701080480146 -150.38880920410156 0
1701080524851 -151.15151977539062 0
1701080569640 -151.90130615234375 0
1701080614308 -152.63809204101562 0
1701080658816 -153.3621826171875 0
1701080703443 -154.07403564453125 0
1701080748528 -154.77386474609375 0
1701080793400 -155.46214294433594 0
1701080838691 -156.13926696777344 0
1701080884088 -156.80551147460938 0
1701080929236 -157.46153259277344 0
1701080974396 -158.10719299316406 0
1701081019475 -158.74359130859375 0
1701081064610 -159.37095642089844 0
1701081109377 -159.9875030517578 0
1701081154946 -160.59539794921875 0
1701081201617 -161.19320678710938 0
1701081249010 -161.78237915039062 0
1701081297212 -162.3643341064453 0
1701081343129 -162.93824768066406 0
1701081388347 -163.50279235839844 0
1701081432555 -164.0599365234375 0
1701081476576 -164.61097717285156 0
1701081521408 -165.15658569335938 0
1701081566331 -165.69647216796875 0
1701081649956 -166.2310028076172 0
1701081694616 -166.75872802734375 0
1701081739071 -167.2698516845703 0
1701081784367 -167.76380920410156 0
1701081829344 -168.2493133544922 0
1701081874212 -168.72752380371094 0
1701081919024 -169.19802856445312 0
1701081964687 -169.66152954101562 0
1701082009654 -170.1181182861328 0
1701082054645 -170.56802368164062 0
1701082099079 -171.01068115234375 0
1701082143492 -171.44662475585938 0
1701082187912 -171.8757781982422 0
1701082232892 -172.29855346679688 0
1701082277726 -172.7149658203125 0
1701082322991 -173.12464904785156 0
1701082367885 -173.5283966064453 0
1701082412887 -173.9259490966797 0
1701082458055 -174.31727600097656 0
1701082502987 -174.70252990722656 0
1701082547615 -175.08175659179688 0
1701082592568 -175.45492553710938 0
1701082637652 -175.8221435546875 0
1701082682911 -176.18348693847656 0
1701082728138 -176.53907775878906 0
1701082772737 -176.88864135742188 0
1701082817115 -177.23251342773438 0
1701082861351 -177.57080078125 0
1701082906056 -177.9033966064453 0
1701082951295 -178.23068237304688 0
1701082995776 -178.55270385742188 0
1701083040003 -178.86915588378906 0
1701083084348 -179.18035888671875 0
1701083129151 -179.48635864257812 0
1701083174463 -179.78724670410156 0
1701083221461 -180.08306884765625 0
1701083268483 -180.37388610839844 0
1701083316468 -180.65975952148438 0
1701083362336 -180.94058227539062 0
1701083406508 -181.21644592285156 0
1701083450867 -181.48744201660156 0
1701083495665 -181.75364685058594 0
1701083541055 -182.01499938964844 0
1701083586117 -182.27122497558594 0
1701083631269 -182.5231475830078 0
1701083676609 -182.77024841308594 0
1701083721439 -183.01312255859375 0
1701083766104 -183.25128173828125 0
1701083810352 -183.48538208007812 0
1701083854795 -183.7152099609375 0
1701083899396 -183.94073486328125 0
1701083943904 -184.1621551513672 0
1701083988256 -184.37936401367188 0
1701084033156 -184.59239196777344 0
1701084078361 -184.80136108398438 0
1701084123822 -185.00628662109375 0
1701084168908 -185.20703125 0
1701084214404 -185.40383911132812 0
1701084259719 -185.59677124023438 0
1701084305056 -185.785888671875 0
1701084350366 -185.9709930419922 0
1701084395344 -186.1522979736328 0
1701084440008 -186.32998657226562 0
1701084485011 -186.50405883789062 0
1701084530148 -186.67465209960938 0
1701084575307 -186.8417205810547 0
1701084621096 -187.00514221191406 0
