1701075617808 4.999248685199099e-05 0
1701075659190 4.9924868519909846e-05 0
1701075706419 4.984973703981969e-05 0
1701075756999 4.977460555972953e-05 0
1701075802687 4.969947407963937e-05 0
1701075847547 4.962434259954921e-05 0
1701075892389 4.9549211119459056e-05 0
1701075937175 4.94740796393689e-05 0
1701075981984 4.939894815927874e-05 0
1701076027135 4.9323816679188585e-05 0
1701076072423 4.924868519909843e-05 0
1701076118461 4.917355371900827e-05 0
1701076163043 4.909842223891811e-05 0
1701076207723 4.902329075882795e-05 0
1701076252507 4.8948159278737795e-05 0
1701076296903 4.887302779864764e-05 0
1701076341407 4.879789631855748e-05 0
1701076386004 4.8722764838467325e-05 0
1701076430221 4.864763335837716e-05 0
1701076474488 4.8572501878287005e-05 0
1701076519224 4.849737039819685e-05 0
1701076564400 4.8422238918106685e-05 0
1701076609534 4.834710743801653e-05 0
1701076654745 4.827197595792637e-05 0
1701076699708 4.8196844477836215e-05 0
1701076744582 4.812171299774606e-05 0
1701076789383 4.8046581517655895e-05 0
1701076833857 4.797145003756574e-05 0
1701076878593 4.789631855747558e-05 0
1701076923605 4.7821187077385425e-05 0
1701076968111 4.774605559729527e-05 0
1701077013040 4.767092411720511e-05 0
1701077057878 4.7595792637114955e-05 0
1701077103393 4.75206611570248e-05 0
1701077148612 4.7445529676934634e-05 0
1701077193588 4.737039819684448e-05 0
1701077237950 4.729526671675432e-05 0
1701077282309 4.7220135236664164e-05 0
1701077326999 4.714500375657401e-05 0
1701077371826 4.706987227648385e-05 0
1701077417202 4.6994740796393694e-05 0
1701077462198 4.691960931630353e-05 0
1701077506552 4.6844477836213374e-05 0
1701077550879 4.676934635612322e-05 0
1701077596004 4.669421487603306e-05 0
1701077640387 4.6619083395942904e-05 0
1701077684811 4.654395191585275e-05 0
1701077729839 4.646882043576259e-05 0
1701077774827 4.639368895567243e-05 0
1701077821922 4.631855747558227e-05 0
1701077869885 4.6243425995492114e-05 0
1701077917822 4.616829451540196e-05 0
1701077962719 4.60931630353118e-05 0
1701078007283 4.6018031555221644e-05 0
1701078053025 4.594290007513149e-05 0
1701078098299 4.586776859504133e-05 0
1701078143487 4.579263711495117e-05 0
1701078187680 4.571750563486101e-05 0
1701078231883 4.5642374154770854e-05 0
1701078276414 4.556724267468069e-05 0
1701078321335 4.5492111194590534e-05 0
1701078365679 4.541697971450038e-05 0
1701078410031 4.534184823441022e-05 0
1701078454993 4.526671675432006e-05 0
1701078499378 4.51915852742299e-05 0
1701078543560 4.511645379413974e-05 0
1701078588093 4.504132231404959e-05 0
1701078633522 4.496619083395943e-05 0
1701078678569 4.489105935386927e-05 0
1701078723723 4.4815927873779117e-05 0
1701078768700 4.474079639368895e-05 0
1701078813710 4.4665664913598796e-05 0
1701078858446 4.459053343350864e-05 0
1701078904039 4.451540195341848e-05 0
1701078948804 4.4440270473328326e-05 0
1701078992811 4.436513899323817e-05 0
1701079037231 4.429000751314801e-05 0
1701079081660 4.4214876033057856e-05 0
1701079126861 4.413974455296769e-05 0
1701079172390 4.4064613072877536e-05 0
1701079217704 4.398948159278738e-05 0
1701079262682 4.391435011269722e-05 0
1701079308034 4.3839218632607066e-05 0
1701079352936 4.376408715251691e-05 0
1701079398103 4.368895567242675e-05 0
1701079443160 4.361382419233659e-05 0
1701079487223 4.353869271224643e-05 0
1701079531910 4.3463561232156276e-05 0
1701079577036 4.338842975206612e-05 0
1701079622140 4.331329827197596e-05 0
1701079667131 4.3238166791885806e-05 0
1701079711824 4.316303531179565e-05 0
1701079757161 4.3087903831705486e-05 0
1701079801779 4.301277235161533e-05 0
1701079848944 4.293764087152517e-05 0
1701079896535 4.2862509391435016e-05 0
1701079944242 4.278737791134486e-05 0
1701079988634 4.2712246431254696e-05 0
1701080032859 4.263711495116454e-05 0
1701080077212 4.256198347107438e-05 0
1701080122484 4.2486851990984225e-05 0
1701080167604 4.241172051089406e-05 0
1701080212769 4.2336589030803905e-05 0
1701080258222 4.226145755071375e-05 0
1701080302367 4.218632607062359e-05 0
1701080346450 4.2111194590533435e-05 0
1701080391082 4.203606311044328e-05 0
1701080435558 4.1960931630353115e-05 0
1701080480145 4.188580015026296e-05 0
1701080524850 4.18106686701728e-05 0
1701080569639 4.1735537190082645e-05 0
1701080614307 4.166040570999249e-05 0
1701080658815 4.158527422990233e-05 0
1701080703442 4.1510142749812175e-05 0
1701080748527 4.143501126972201e-05 0
1701080793399 4.1359879789631855e-05 0
1701080838691 4.12847483095417e-05 0
1701080884087 4.120961682945154e-05 0
1701080929235 4.1134485349361385e-05 0
1701080974395 4.105935386927123e-05 0
1701081019474 4.098422238918107e-05 0
1701081064610 4.0909090909090915e-05 0
1701081109376 4.083395942900075e-05 0
1701081154945 4.0758827948910595e-05 0
1701081201616 4.068369646882044e-05 0
1701081249009 4.060856498873028e-05 0
1701081297211 4.0533433508640125e-05 0
1701081343129 4.045830202854997e-05 0
1701081388346 4.038317054845981e-05 0
1701081432554 4.030803906836965e-05 0
1701081476575 4.023290758827949e-05 0
1701081521407 4.0157776108189334e-05 0
1701081566330 4.008264462809918e-05 0
1701081649955 4.000751314800902e-05 0
1701081694615 3.9932381667918864e-05 0
1701081739070 3.98572501878287e-05 0
1701081784366 3.9782118707738544e-05 0
1701081829343 3.970698722764839e-05 0
1701081874211 3.963185574755823e-05 0
1701081919024 3.955672426746807e-05 0
1701081964686 3.948159278737791e-05 0
1701082009653 3.9406461307287754e-05 0
1701082054644 3.93313298271976e-05 0
1701082099079 3.925619834710744e-05 0
1701082143491 3.918106686701728e-05 0
1701082187911 3.910593538692712e-05 0
1701082232891 3.9030803906836964e-05 0
1701082277726 3.895567242674681e-05 0
1701082322990 3.888054094665665e-05 0
1701082367884 3.8805409466566494e-05 0
1701082412886 3.873027798647634e-05 0
1701082458054 3.8655146506386174e-05 0
1701082502987 3.858001502629602e-05 0
1701082547615 3.850488354620586e-05 0
1701082592568 3.8429752066115703e-05 0
1701082637651 3.835462058602555e-05 0
1701082682910 3.827948910593539e-05 0
1701082728137 3.8204357625845233e-05 0
1701082772736 3.812922614575508e-05 0
1701082817114 3.805409466566491e-05 0
1701082861351 3.7978963185574757e-05 0
1701082906056 3.79038317054846e-05 0
1701082951294 3.782870022539444e-05 0
1701082995775 3.7753568745304287e-05 0
1701083040002 3.767843726521413e-05 0
1701083084347 3.760330578512397e-05 0
1701083129150 3.752817430503381e-05 0
1701083174462 3.745304282494365e-05 0
1701083221460 3.7377911344853496e-05 0
1701083268482 3.730277986476334e-05 0
1701083316468 3.722764838467318e-05 0
1701083362336 3.7152516904583026e-05 0
1701083406507 3.707738542449287e-05 0
1701083450866 3.7002253944402706e-05 0
1701083495664 3.692712246431255e-05 0
1701083541054 3.685199098422239e-05 0
1701083586116 3.6776859504132236e-05 0
1701083631268 3.670172802404207e-05 0
1701083676609 3.6626596543951916e-05 0
1701083721438 3.655146506386176e-05 0
1701083766103 3.64763335837716e-05 0
1701083810351 3.640120210368144e-05 0
1701083854794 3.632607062359128e-05 0
1701083899395 3.6250939143501126e-05 0
1701083943903 3.617580766341097e-05 0
1701083988256 3.610067618332081e-05 0
1701084033154 3.6025544703230656e-05 0
1701084078361 3.59504132231405e-05 0
1701084123822 3.5875281743050336e-05 0
1701084168907 3.580015026296018e-05 0
1701084214403 3.572501878287002e-05 0
1701084259719 3.5649887302779865e-05 0
1701084305055 3.557475582268971e-05 0
1701084350365 3.549962434259955e-05 0
1701084395343 3.5424492862509395e-05 0
1701084440007 3.534936138241923e-05 0
1701084485010 3.5274229902329075e-05 0
1701084530147 3.519909842223892e-05 0
1701084575306 3.512396694214876e-05 0
1701084621095 3.5048835462058605e-05 0
