1701075617806 0.325390625 0
1701075659188 1.415771484375 0
1701075706416 1.311669921875 0
1701075756996 1.530029296875 0
1701075802684 1.42138671875 0
1701075847544 8.55224609375 0
1701075892386 2.390234375 0
1701075937166 1.722265625 0
1701075981981 1.6970703125 0
1701076027132 10.53642578125 0
1701076072421 7.29921875 0
1701076118457 2.24111328125 0
1701076163040 2.811328125 0
1701076207720 2.116015625 0
1701076252504 3.1068359375 0
1701076296900 3.328515625 0
1701076341404 2.775 0
1701076386002 3.0783203125 0
1701076430218 3.9947265625 0
1701076474486 3.5458984375 0
1701076519222 7.6646484375 0
1701076564397 4.27890625 0
1701076609531 4.4748046875 0
1701076654743 4.422265625 0
1701076699705 5.540234375 0
1701076744579 4.864453125 0
1701076789380 5.18125 0
1701076833855 5.494921875 0
1701076878591 6.104296875 0
1701076923603 6.07578125 0
1701076968108 6.826953125 0
1701077013037 22.605859375 0
1701077057875 7.283984375 0
1701077103391 7.986328125 0
1701077148610 8.199609375 0
1701077193585 8.58046875 0
1701077237947 25.03203125 0
1701077282306 9.9234375 0
1701077326996 10.3234375 0
1701077371823 10.4328125 0
1701077417199 11.0234375 0
1701077462195 25.88046875 0
1701077506549 12.05 0
1701077550876 12.95 0
1701077596002 12.82109375 0
1701077640384 13.4640625 0
1701077684809 14.10234375 0
1701077729836 14.509375 0
1701077774824 15.23828125 0
1701077821920 20.04609375 0
1701077869882 29.46640625 0
1701077917819 16.703125 0
1701077962717 17.853125 0
1701078007280 18.409375 0
1701078053022 18.609375 0
1701078098297 19.2515625 0
1701078143484 20.2890625 0
1701078187677 20.159375 0
1701078231879 20.8703125 0
1701078276411 21.5578125 0
1701078321332 22.6875 0
1701078365676 22.959375 0
1701078410028 23.621875 0
1701078454990 24.33125 0
1701078499376 39.7890625 0
1701078543557 25.671875 0
1701078588090 26.1984375 0
1701078633519 26.9171875 0
1701078678567 27.687451171875 0
1701078723721 42.2203125 0
1701078768697 29.1328125 0
1701078813707 29.7765625 0
1701078858443 32.0140625 0
1701078904036 31.2828125 0
1701078948801 32.3234375 0
1701078992809 32.915625 0
1701079037228 34.165625 0
1701079081657 34.603125 0
1701079126859 35.190625 0
1701079172388 36.996875 0
1701079217702 37.446875 0
1701079262679 38.384375 0
1701079308032 38.58125 0
1701079352933 39.8125 0
1701079398100 40.39375 0
1701079443157 41.134375 0
1701079487220 41.053125 0
1701079531908 44.071875 0
1701079577033 41.509375 0
1701079622137 40.86875 0
1701079667128 41.88125 0
1701079711821 39.753125 0
1701079757159 38.359375 0
1701079801776 38.7625 0
1701079848942 38.18125 0
1701079896532 37.234375 0
1701079944239 37.0 0
1701079988631 39.484375 0
1701080032856 36.671875 0
1701080077210 35.6375 0
1701080122482 35.565625 0
1701080167601 35.934375 0
1701080212760 38.69375 0
1701080258220 37.1625 0
1701080302364 36.81875 0
1701080346447 36.909375 0
1701080391079 35.90625 0
1701080435556 50.853125 0
1701080480142 35.559375 0
1701080524848 35.50625 0
1701080569636 34.99375 0
1701080614304 34.3453125 0
1701080658812 35.71875 0
1701080703439 39.853125 0
1701080748524 34.6125 0
1701080793396 38.315625 0
1701080838688 35.971875 0
1701080884084 36.015625 0
1701080929233 35.021875 0
1701080974392 36.375 0
1701081019471 34.83125 0
1701081064607 35.303125 0
1701081109373 50.865625 0
1701081154942 36.0875 0
1701081201613 35.95 0
1701081249006 34.971875 0
1701081297208 35.6 0
1701081343126 35.259375 0
1701081388344 35.065625 0
1701081432552 36.51875 0
1701081476572 35.871875 0
1701081521404 34.946875 0
1701081566327 35.49375 0
1701081649952 36.1875 0
1701081694612 34.79375 0
1701081739068 34.5283203125 0
1701081784363 34.359375 0
1701081829341 35.7625 0
1701081874208 46.053125 0
1701081919020 34.2859375 0
1701081964684 32.7421875 0
1701082009650 33.85625 0
1701082054641 33.1203125 0
1701082099076 44.053125 0
1701082143488 32.921875 0
1701082187909 32.725 0
1701082232888 33.696875 0
1701082277724 32.434375 0
1701082322988 33.2359375 0
1701082367882 32.6046875 0
1701082412884 32.1578125 0
1701082458051 32.9640625 0
1701082502984 32.1296875 0
1701082547612 32.0953125 0
1701082592492 32.4890625 0
1701082637648 31.0046875 0
1701082682908 31.3703125 0
1701082728135 31.29375 0
1701082772733 30.3171875 0
1701082817111 31.4671875 0
1701082861348 29.415625 0
1701082906053 30.6671875 0
1701082951291 30.0078125 0
1701082995772 29.3859375 0
1701083039999 29.3265625 0
1701083084344 29.421875 0
1701083129148 29.321875 0
1701083174460 29.88125 0
1701083221458 29.7828125 0
1701083268479 29.559375 0
1701083316465 29.378125 0
1701083362332 27.884375 0
1701083406504 29.746875 0
1701083450863 28.2484375 0
1701083495662 28.315625 0
1701083541052 28.178125 0
1701083586113 28.475 0
1701083631265 28.78125 0
1701083676606 26.921875 0
1701083721436 28.0125 0
1701083766101 28.778125 0
1701083810348 27.3671875 0
1701083854792 27.8328125 0
1701083899392 27.2265625 0
1701083943900 26.90625 0
1701083988253 27.446875 0
1701084033152 26.578125 0
1701084078358 26.9828125 0
1701084123819 27.984375 0
1701084168905 27.0640625 0
1701084214401 26.6921875 0
1701084259716 26.8984375 0
1701084305053 27.909375 0
1701084350362 24.9296875 0
1701084395340 26.1375 0
1701084440004 26.9234375 0
1701084485008 25.91875 0
1701084530144 26.4234375 0
1701084575303 27.4578125 0
1701084621092 25.9828125 0
