1701075620243 0.0032939070864662604 0
1701075661727 0.0033488261267311213 0
1701075709474 0.00371190303347889 0
1701075759572 0.0037743818265786443 0
1701075805146 0.0038728332581297723 0
1701075849951 0.0041979557491954745 0
1701075894823 0.004785648281710135 0
1701075939602 0.004884027446489878 0
1701075984408 0.004733091500138989 0
1701076029605 0.0045859866191686124 0
1701076074844 0.004690092462332138 0
1701076120872 0.005045332593621368 0
1701076165561 0.0049134468167557 0
1701076210134 0.004998624324798584 0
1701076254922 0.005095158833913853 0
1701076299340 0.005201157510589442 0
1701076343803 0.00530715618726503 0
1701076388459 0.005407476363404427 0
1701076432686 0.005511582206567952 0
1701076476901 0.005623259383779733 0
1701076521689 0.005736829394503579 0
1701076566844 0.005871220573860129 0
1701076611932 0.00663087775670185 0
1701076657198 0.006700912596648221 0
1701076702183 0.00709399102265353 0
1701076747012 0.007164025862599901 0
1701076791825 0.00721891803444976 0
1701076836300 0.008541377714878538 0
1701076881072 0.008590591386192203 0
1701076926066 0.009641113985387773 0
1701076970544 0.010011478409248313 0
1701077015483 0.010803313761795124 0
1701077060358 0.012080976382438383 0
1701077105813 0.01260276748726405 0
1701077151032 0.013358639003081643 0
1701077196004 0.014069082514609697 0
1701077240366 0.014747978800936683 0
1701077284715 0.015894291314436364 0
1701077329410 0.016680255763888978 0
1701077374312 0.018064840006704774 0
1701077419611 0.018825773130426753 0
1701077464625 0.01988386706367058 0
1701077508985 0.020551414532982624 0
1701077553314 0.021466060160355245 0
1701077598392 0.02320577922262676 0
1701077642792 0.024854664512248853 0
1701077687231 0.02616355394452347 0
1701077732250 0.027157048332876493 0
1701077777271 0.028188390126500106 0
1701077824477 0.02866652901308524 0
1701077872437 0.030876307289835085 0
1701077920331 0.033888853893378854 0
1701077965213 0.03604373598345821 0
1701078009786 0.03782275921322521 0
1701078055492 0.039233491210739845 0
1701078100729 0.04092927053184707 0
1701078145926 0.04167909634545677 0
1701078190071 0.043408929992833904 0
1701078234306 0.044742093802733744 0
1701078278842 0.04643840894797923 0
1701078323781 0.04708623036819418 0
1701078368112 0.04805323157285779 0
1701078412400 0.04898995485330493 0
1701078457441 0.050253427399254834 0
1701078501813 0.05166828956628711 0
1701078545963 0.053818652975744535 0
1701078590481 0.055664344772773704 0
1701078635970 0.05828780074811352 0
1701078681055 0.05924534010145948 0
1701078726170 0.06080564563138497 0
1701078771116 0.06287791444847621 0
1701078816162 0.06563316169798065 0
1701078860908 0.06663019669488304 0
1701078906489 0.06922084803408292 0
1701078951202 0.07049347081950291 0
1701078995212 0.07284391281518293 0
1701079039688 0.07348984186513437 0
1701079084053 0.07447576677243327 0
1701079129281 0.07606598858388594 0
1701079174832 0.07861185737842105 0
1701079220160 0.07988289940542508 0
1701079265077 0.08085368535061574 0
1701079310471 0.0847292596503243 0
1701079355363 0.08535248025711337 0
1701079400557 0.08828376179532066 0
1701079445594 0.09300274984824225 0
1701079489670 0.10081102934526039 0
1701079534396 0.1076764201870854 0
1701079579474 0.11638697688443674 0
1701079624554 0.1268432046156473 0
1701079669579 0.14088939323326466 0
1701079714279 0.15866300232052186 0
1701079759588 0.17682884316987943 0
1701079804178 0.1810110653002645 0
1701079851506 0.1889738241316741 0
1701079899069 0.19804006444357838 0
1701079946719 0.20448049130835064 0
1701079991036 0.21133587860690498 0
1701080035370 0.21859766133708658 0
1701080079614 0.22602801912806814 0
1701080124877 0.23281022010689573 0
1701080170012 0.2395210259936634 0
1701080215215 0.24598218214944237 0
1701080260603 0.2527048637212249 0
1701080304805 0.2595202558398864 0
1701080348880 0.26601170999398505 0
1701080393501 0.27272814326953393 0
1701080438003 0.27964677464776705 0
1701080482595 0.28535747497192937 0
1701080527311 0.292041436995867 0
1701080572085 0.2984766462923949 0
1701080616767 0.30422125162238284 0
1701080661274 0.310183244974502 0
1701080705951 0.31622232396367916 0
1701080750958 0.3219688395762073 0
1701080795825 0.3277571596629879 0
1701080841165 0.33445917108516 0
1701080886521 0.33984495521827063 0
1701080931670 0.345074797232534 0
1701080976764 0.3512267181601549 0
1701081021881 0.35650451350088563 0
1701081067068 0.3624447723126782 0
1701081111809 0.36762481217557286 0
1701081157468 0.3739483591188421 0
1701081204249 0.3792475980798198 0
1701081251561 0.3843867170378334 0
1701081299699 0.3895049950619436 0
1701081345493 0.39537205936995196 0
1701081390702 0.4004974965913308 0
1701081434934 0.405735535325164 0
1701081478946 0.4102167465526205 0
1701081523853 0.4148455791831634 0
1701081568725 0.41995178726670657 0
1701081652356 0.4250807447136993 0
1701081696967 0.42914773485203483 0
1701081741440 0.43210881824938124 0
1701081786771 0.43292107236200045 0
1701081831764 0.4343101743589411 0
1701081876621 0.43579298350477463 0
1701081921443 0.4368399078981864 0
1701081967086 0.4382800079997957 0
1701082011995 0.43940695023907284 0
1701082057029 0.4407810102472651 0
1701082101481 0.44167102402356007 0
1701082145908 0.4435152831472881 0
1701082190325 0.44473169906151727 0
1701082235271 0.4459160177201187 0
1701082280115 0.4471843741409519 0
1701082325390 0.4476102003779436 0
1701082370286 0.4491585730888683 0
1701082415251 0.4502199245858069 0
1701082460470 0.45107102841910923 0
1701082505379 0.45228407759740563 0
1701082550015 0.45315434324309 0
1701082594964 0.4540389802480609 0
1701082640031 0.45513546173436653 0
1701082685365 0.4560866328101084 0
1701082730553 0.45687067030007356 0
1701082775183 0.45781416349460424 0
1701082819535 0.458926403460725 0
1701082863733 0.45992896346848244 0
1701082908496 0.46060621059002654 0
1701082953782 0.46182719243622816 0
1701082998301 0.46264487350542927 0
1701083042421 0.46344937067575404 0
1701083086705 0.4644631116501408 0
1701083131520 0.4651930690429371 0
1701083176832 0.46600129320213834 0
1701083223974 0.46708691181914175 0
1701083270976 0.46794411926071877 0
1701083319217 0.46848879206365873 0
1701083364751 0.46916390947727343 0
1701083408884 0.4699508365571808 0
1701083453260 0.4706552374548245 0
1701083498013 0.47138040300477974 0
1701083543479 0.4718707682555204 0
1701083588618 0.4729297655234065 0
1701083633613 0.47362138817347393 0
1701083678986 0.47405584859106825 0
1701083723825 0.47481455704091124 0
1701083768583 0.4754449505880089 0
1701083812742 0.4759800397052666 0
1701083857161 0.4766365221744992 0
1701083901758 0.47717800041554503 0
1701083946262 0.4780000676762872 0
1701083990599 0.47853036495070383 0
1701084035506 0.4789488525588278 0
1701084080845 0.4791444461271553 0
1701084126233 0.4799742079460559 0
1701084171375 0.4805536565076502 0
1701084216752 0.4809770587194769 0
1701084262135 0.4812998030469825 0
1701084307498 0.4821743017033592 0
1701084352785 0.48246668889114896 0
1701084397716 0.4828948843355624 0
1701084442400 0.4834967013158947 0
1701084487419 0.48381465241081356 0
1701084532531 0.48414378771510147 0
1701084577792 0.4847967325096921 0
1701084623517 0.48539854949002437 0
