1701075620241 21331360.0 0
1701075661725 21687016.0 0
1701075709472 24038304.0 0
1701075759571 24442917.0 0
1701075805144 25080489.0 0
1701075849949 27185984.0 0
1701075894822 30991884.0 0
1701075939600 31628988.0 0
1701075984407 30651526.0 0
1701076029604 29698874.0 0
1701076074843 30373064.0 0
1701076120871 32673601.0 0
1701076165559 31819508.0 0
1701076210133 32371118.0 0
1701076254921 32996276.0 0
1701076299338 33682724.0 0
1701076343801 34369172.0 0
1701076388458 35018846.0 0
1701076432685 35693036.0 0
1701076476900 36416258.0 0
1701076521687 37151738.0 0
1701076566842 38022056.0 0
1701076611931 42941600.0 0
1701076657197 43395146.0 0
1701076702181 45940724.0 0
1701076747010 46394270.0 0
1701076791824 46749752.0 0
1701076836298 55314008.0 0
1701076881071 55632716.0 0
1701076926065 62435906.0 0
1701076970543 64834388.0 0
1701077015481 69962318.0 0
1701077060357 78236468.0 0
1701077105812 81615590.0 0
1701077151031 86510618.0 0
1701077196002 91111454.0 0
1701077240365 95507990.0 0
1701077284714 102931516.0 0
1701077329408 108021426.0 0
1701077374311 116988001.0 0
1701077419609 121915808.0 0
1701077464624 128768030.0 0
1701077508984 133091071.0 0
1701077553313 139014321.0 0
1701077598391 150280751.0 0
1701077642790 160958941.0 0
1701077687230 169435316.0 0
1701077732249 175869191.0 0
1701077777269 182548166.0 0
1701077824476 185644596.0 0
1701077872436 199955132.0 0
1701077920329 219464400.0 0
1701077965211 233419428.0 0
1701078009785 244940392.0 0
1701078055491 254076300.0 0
1701078100728 265058176.0 0
1701078145925 269914052.0 0
1701078190069 281116464.0 0
1701078234305 289750040.0 0
1701078278840 300735386.0 0
1701078323780 304930681.0 0
1701078368111 311192986.0 0
1701078412398 317259211.0 0
1701078457439 325441466.0 0
1701078501812 334604121.0 0
1701078545962 348529886.0 0
1701078590479 360482596.0 0
1701078635969 377472111.0 0
1701078681054 383673141.0 0
1701078726169 393777688.0 0
1701078771115 407197712.0 0
1701078816161 425040708.0 0
1701078860906 431497512.0 0
1701078906487 448274584.0 0
1701078951201 456516096.0 0
1701078995211 471737571.0 0
1701079039687 475920611.0 0
1701079084051 482305466.0 0
1701079129280 492603751.0 0
1701079174831 509090811.0 0
1701079220158 517322086.0 0
1701079265076 523608901.0 0
1701079310469 548707141.0 0
1701079355361 552743121.0 0
1701079400556 571726116.0 0
1701079445592 602286308.0 0
1701079489669 652852768.0 0
1701079534394 697313076.0 0
1701079579473 753722688.0 0
1701079624553 821437275.0 0
1701079669578 912400468.0 0
1701079714278 1027502456.0 0
1701079759587 1145144539.0 0
1701079804177 1172228632.0 0
1701079851504 1223795501.0 0
1701079899068 1282508522.0 0
1701079946717 1324216761.0 0
1701079991034 1368612286.0 0
1701080035369 1415639630.0 0
1701080079613 1463758667.0 0
1701080124876 1507680237.0 0
1701080170010 1551139452.0 0
1701080215214 1592981934.0 0
1701080260602 1636518056.0 0
1701080304803 1680654572.0 0
1701080348878 1722693264.0 0
1701080393500 1766188922.0 0
1701080438002 1810994016.0 0
1701080482593 1847976542.0 0
1701080527310 1891261916.0 0
1701080572084 1932936366.0 0
1701080616765 1970138461.0 0
1701080661273 2008748362.0 0
1701080705949 2047857470.0 0
1701080750956 2085071936.0 0
1701080795824 2122557128.0 0
1701080841164 2165959390.0 0
1701080886519 2200837757.0 0
1701080931669 2234706242.0 0
1701080976762 2274546115.0 0
1701081021880 2308725146.0 0
1701081067067 2347194294.0 0
1701081111808 2380740260.0 0
1701081157466 2421691584.0 0
1701081204247 2456009484.0 0
1701081251560 2489290446.0 0
1701081299698 2522436442.0 0
1701081345492 2560431582.0 0
1701081390701 2593623941.0 0
1701081434933 2627545508.0 0
1701081478945 2656565856.0 0
1701081523852 2686542201.0 0
1701081568724 2719610032.0 0
1701081652355 2752825188.0 0
1701081696965 2779163038.0 0
1701081741439 2798339030.0 0
1701081786770 2803599192.0 0
1701081831763 2812595024.0 0
1701081876620 2822197704.0 0
1701081921442 2828977592.0 0
1701081967085 2838303688.0 0
1701082011994 2845601772.0 0
1701082057028 2854500192.0 0
1701082101480 2860263926.0 0
1701082145906 2872207358.0 0
1701082190324 2880084874.0 0
1701082235269 2887754528.0 0
1701082280113 2895968411.0 0
1701082325389 2898726064.0 0
1701082370284 2908753334.0 0
1701082415249 2915626652.0 0
1701082460469 2921138405.0 0
1701082505378 2928994118.0 0
1701082550014 2934629963.0 0
1701082594962 2940358877.0 0
1701082640029 2947459697.0 0
1701082685364 2953619486.0 0
1701082730552 2958696917.0 0
1701082775181 2964806984.0 0
1701082819534 2972009856.0 0
1701082863732 2978502440.0 0
1701082908495 2982888296.0 0
1701082953780 2990795381.0 0
1701082998299 2996090688.0 0
1701083042420 3001300616.0 0
1701083086704 3007865608.0 0
1701083131518 3012592816.0 0
1701083176831 3017826880.0 0
1701083223973 3024857352.0 0
1701083270975 3030408632.0 0
1701083319215 3033935936.0 0
1701083364750 3038308000.0 0
1701083408883 3043404144.0 0
1701083453259 3047965848.0 0
1701083498011 3052662024.0 0
1701083543478 3055837632.0 0
1701083588616 3062695704.0 0
1701083633612 3067174656.0 0
1701083678985 3069988224.0 0
1701083723824 3074901624.0 0
1701083768581 3078984056.0 0
1701083812740 3082449296.0 0
1701083857160 3086700680.0 0
1701083901756 3090207296.0 0
1701083946261 3095531008.0 0
1701083990597 3098965216.0 0
1701084035504 3101675344.0 0
1701084080844 3102942009.0 0
1701084126232 3108315551.0 0
1701084171374 3112068063.0 0
1701084216751 3114810018.0 0
1701084262134 3116900112.0 0
1701084307497 3122563370.0 0
1701084352784 3124456871.0 0
1701084397715 3127229867.0 0
1701084442399 3131127237.0 0
1701084487417 3133186290.0 0
1701084532529 3135317772.0 0
1701084577790 3139546246.0 0
1701084623516 3143443616.0 0
