1701075620242 6454674016.0 0
1701075661726 6454318360.0 0
1701075709473 6451967072.0 0
1701075759571 6451562459.0 0
1701075805145 6450924887.0 0
1701075849950 6448819392.0 0
1701075894823 6445013492.0 0
1701075939601 6444376388.0 0
1701075984408 6445353850.0 0
1701076029605 6446306502.0 0
1701076074843 6445632312.0 0
1701076120872 6443331775.0 0
1701076165560 6444185868.0 0
1701076210133 6443634258.0 0
1701076254921 6443009100.0 0
1701076299339 6442322652.0 0
1701076343802 6441636204.0 0
1701076388459 6440986530.0 0
1701076432686 6440312340.0 0
1701076476900 6439589118.0 0
1701076521688 6438853638.0 0
1701076566843 6437983320.0 0
1701076611931 6433063776.0 0
1701076657197 6432610230.0 0
1701076702182 6430064652.0 0
1701076747011 6429611106.0 0
1701076791825 6429255624.0 0
1701076836299 6420691368.0 0
1701076881071 6420372660.0 0
1701076926065 6413569470.0 0
1701076970544 6411170988.0 0
1701077015482 6406043058.0 0
1701077060357 6397768908.0 0
1701077105812 6394389786.0 0
1701077151031 6389494758.0 0
1701077196003 6384893922.0 0
1701077240365 6380497386.0 0
1701077284714 6373073860.0 0
1701077329409 6367983950.0 0
1701077374311 6359017375.0 0
1701077419610 6354089568.0 0
1701077464625 6347237346.0 0
1701077508985 6342914305.0 0
1701077553313 6336991055.0 0
1701077598391 6325724625.0 0
1701077642791 6315046435.0 0
1701077687231 6306570060.0 0
1701077732249 6300136185.0 0
1701077777270 6293457210.0 0
1701077824476 6290360780.0 0
1701077872437 6276050244.0 0
1701077920330 6256540976.0 0
1701077965212 6242585948.0 0
1701078009786 6231064984.0 0
1701078055491 6221929076.0 0
1701078100729 6210947200.0 0
1701078145926 6206091324.0 0
1701078190070 6194888912.0 0
1701078234306 6186255336.0 0
1701078278841 6175269990.0 0
1701078323781 6171074695.0 0
1701078368111 6164812390.0 0
1701078412399 6158746165.0 0
1701078457440 6150563910.0 0
1701078501813 6141401255.0 0
1701078545963 6127475490.0 0
1701078590480 6115522780.0 0
1701078635969 6098533265.0 0
1701078681055 6092332235.0 0
1701078726170 6082227688.0 0
1701078771115 6068807664.0 0
1701078816161 6050964668.0 0
1701078860907 6044507864.0 0
1701078906488 6027730792.0 0
1701078951202 6019489280.0 0
1701078995212 6004267805.0 0
1701079039687 6000084765.0 0
1701079084052 5993699910.0 0
1701079129281 5983401625.0 0
1701079174832 5966914565.0 0
1701079220159 5958683290.0 0
1701079265077 5952396475.0 0
1701079310470 5927298235.0 0
1701079355362 5923262255.0 0
1701079400556 5904279260.0 0
1701079445593 5873719068.0 0
1701079489670 5823152608.0 0
1701079534395 5778692300.0 0
1701079579474 5722282688.0 0
1701079624553 5654568101.0 0
1701079669579 5563604908.0 0
1701079714279 5448502920.0 0
1701079759588 5330860837.0 0
1701079804178 5303776744.0 0
1701079851505 5252209875.0 0
1701079899069 5193496854.0 0
1701079946718 5151788615.0 0
1701079991035 5107393090.0 0
1701080035369 5060365746.0 0
1701080079613 5012246709.0 0
1701080124876 4968325139.0 0
1701080170011 4924865924.0 0
1701080215215 4883023442.0 0
1701080260603 4839487320.0 0
1701080304804 4795350804.0 0
1701080348879 4753312112.0 0
1701080393500 4709816454.0 0
1701080438003 4665011360.0 0
1701080482594 4628028834.0 0
1701080527310 4584743460.0 0
1701080572084 4543069010.0 0
1701080616766 4505866915.0 0
1701080661274 4467257014.0 0
1701080705950 4428147906.0 0
1701080750957 4390933440.0 0
1701080795825 4353448248.0 0
1701080841164 4310045986.0 0
1701080886520 4275167619.0 0
1701080931669 4241299134.0 0
1701080976763 4201459261.0 0
1701081021880 4167280230.0 0
1701081067068 4128811082.0 0
1701081111809 4095265116.0 0
1701081157467 4054313792.0 0
1701081204248 4019995892.0 0
1701081251560 3986714930.0 0
1701081299699 3953568934.0 0
1701081345492 3915573794.0 0
1701081390701 3882381435.0 0
1701081434933 3848459868.0 0
1701081478946 3819439520.0 0
1701081523852 3789463175.0 0
1701081568725 3756395344.0 0
1701081652356 3723180188.0 0
1701081696966 3696842338.0 0
1701081741440 3677666346.0 0
1701081786771 3672406184.0 0
1701081831764 3663410352.0 0
1701081876620 3653807672.0 0
1701081921443 3647027784.0 0
1701081967086 3637701688.0 0
1701082011995 3630403604.0 0
1701082057029 3621505184.0 0
1701082101481 3615741450.0 0
1701082145907 3603798018.0 0
1701082190325 3595920502.0 0
1701082235270 3588250848.0 0
1701082280114 3580036965.0 0
1701082325390 3577279312.0 0
1701082370285 3567252042.0 0
1701082415250 3560378724.0 0
1701082460470 3554866971.0 0
1701082505378 3547011258.0 0
1701082550014 3541375413.0 0
1701082594963 3535646499.0 0
1701082640030 3528545679.0 0
1701082685365 3522385890.0 0
1701082730552 3517308459.0 0
1701082775182 3511198392.0 0
1701082819534 3503995520.0 0
1701082863732 3497502936.0 0
1701082908495 3493117080.0 0
1701082953781 3485209995.0 0
1701082998300 3479914688.0 0
1701083042421 3474704760.0 0
1701083086705 3468139768.0 0
1701083131519 3463412560.0 0
1701083176832 3458178496.0 0
1701083223974 3451148024.0 0
1701083270976 3445596744.0 0
1701083319216 3442069440.0 0
1701083364750 3437697376.0 0
1701083408884 3432601232.0 0
1701083453260 3428039528.0 0
1701083498012 3423343352.0 0
1701083543478 3420167744.0 0
1701083588617 3413309672.0 0
1701083633612 3408830720.0 0
1701083678986 3406017152.0 0
1701083723825 3401103752.0 0
1701083768582 3397021320.0 0
1701083812741 3393556080.0 0
1701083857161 3389304696.0 0
1701083901757 3385798080.0 0
1701083946261 3380474368.0 0
1701083990598 3377040160.0 0
1701084035505 3374330032.0 0
1701084080845 3373063367.0 0
1701084126233 3367689825.0 0
1701084171374 3363937313.0 0
1701084216752 3361195358.0 0
1701084262135 3359105264.0 0
1701084307498 3353442006.0 0
1701084352785 3351548505.0 0
1701084397715 3348775509.0 0
1701084442399 3344878139.0 0
1701084487418 3342819086.0 0
1701084532530 3340687604.0 0
1701084577791 3336459130.0 0
1701084623517 3332561760.0 0
