1701075617811 0.0 0
1701075659193 0.0033809166040570998 0
1701075706421 0.007137490608564989 0
1701075757003 0.010894064613072877 0
1701075802690 0.014650638617580767 0
1701075847551 0.018407212622088654 0
1701075892392 0.022163786626596543 0
1701075937177 0.025920360631104433 0
1701075981988 0.029676934635612322 0
1701076027139 0.03343350864012021 0
1701076072426 0.0371900826446281 0
1701076118464 0.040946656649135986 0
1701076163046 0.04470323065364388 0
1701076207726 0.048459804658151764 0
1701076252510 0.05221637866265966 0
1701076296906 0.05597295266716754 0
1701076341411 0.05972952667167543 0
1701076386006 0.06348610067618332 0
1701076430225 0.06724267468069121 0
1701076474491 0.07099924868519909 0
1701076519227 0.07475582268970699 0
1701076564403 0.07851239669421488 0
1701076609537 0.08226897069872277 0
1701076654749 0.08602554470323065 0
1701076699711 0.08978211870773854 0
1701076744585 0.09353869271224644 0
1701076789387 0.09729526671675431 0
1701076833861 0.1010518407212622 0
1701076878596 0.1048084147257701 0
1701076923609 0.10856498873027799 0
1701076968114 0.11232156273478587 0
1701077013043 0.11607813673929376 0
1701077057881 0.11983471074380166 0
1701077103395 0.12359128474830954 0
1701077148616 0.12734785875281743 0
1701077193591 0.1311044327573253 0
1701077237954 0.1348610067618332 0
1701077282312 0.1386175807663411 0
1701077327002 0.142374154770849 0
1701077371830 0.14613072877535688 0
1701077417205 0.14988730277986476 0
1701077462201 0.15364387678437266 0
1701077506555 0.15740045078888054 0
1701077550882 0.16115702479338842 0
1701077596007 0.16491359879789633 0
1701077640391 0.1686701728024042 0
1701077684815 0.17242674680691208 0
1701077729842 0.17618332081142 0
1701077774830 0.17993989481592787 0
1701077821925 0.18369646882043575 0
1701077869889 0.18745304282494366 0
1701077917825 0.19120961682945153 0
1701077962723 0.19496619083395944 0
1701078007286 0.19872276483846732 0
1701078053028 0.2024793388429752 0
1701078098303 0.2062359128474831 0
1701078143489 0.20999248685199098 0
1701078187683 0.21374906085649886 0
1701078231886 0.21750563486100677 0
1701078276417 0.22126220886551465 0
1701078321338 0.22501878287002253 0
1701078365682 0.22877535687453043 0
1701078410034 0.2325319308790383 0
1701078454996 0.23628850488354622 0
1701078499380 0.2400450788880541 0
1701078543563 0.24380165289256198 0
1701078588096 0.24755822689706988 0
1701078633525 0.25131480090157776 0
1701078678572 0.25507137490608567 0
1701078723726 0.2588279489105935 0
1701078768703 0.2625845229151014 0
1701078813713 0.26634109691960933 0
1701078858450 0.2700976709241172 0
1701078904042 0.2738542449286251 0
1701078948808 0.277610818933133 0
1701078992814 0.28136739293764085 0
1701079037234 0.28512396694214875 0
1701079081663 0.28888054094665666 0
1701079126865 0.2926371149511645 0
1701079172393 0.2963936889556724 0
1701079217707 0.3001502629601803 0
1701079262685 0.30390683696468823 0
1701079308038 0.3076634109691961 0
1701079352939 0.311419984973704 0
1701079398106 0.3151765589782119 0
1701079443163 0.31893313298271975 0
1701079487226 0.32268970698722765 0
1701079531913 0.32644628099173556 0
1701079577039 0.3302028549962434 0
1701079622143 0.3339594290007513 0
1701079667135 0.3377160030052592 0
1701079711827 0.3414725770097671 0
1701079757165 0.345229151014275 0
1701079801782 0.3489857250187829 0
1701079848948 0.35274229902329074 0
1701079896538 0.35649887302779865 0
1701079944245 0.36025544703230655 0
1701079988637 0.3640120210368144 0
1701080032862 0.3677685950413223 0
1701080077214 0.3715251690458302 0
1701080122486 0.37528174305033807 0
1701080167607 0.379038317054846 0
1701080212771 0.3827948910593539 0
1701080258225 0.38655146506386173 0
1701080302370 0.39030803906836964 0
1701080346453 0.39406461307287755 0
1701080391085 0.39782118707738545 0
1701080435561 0.4015777610818933 0
1701080480148 0.4053343350864012 0
1701080524854 0.4090909090909091 0
1701080569642 0.41284748309541697 0
1701080614310 0.4166040570999249 0
1701080658818 0.4203606311044328 0
1701080703445 0.42411720510894063 0
1701080748530 0.42787377911344854 0
1701080793402 0.43163035311795644 0
1701080838694 0.4353869271224643 0
1701080884090 0.4391435011269722 0
1701080929238 0.4429000751314801 0
1701080974398 0.44665664913598796 0
1701081019477 0.45041322314049587 0
1701081064613 0.4541697971450038 0
1701081109379 0.4579263711495116 0
1701081154948 0.46168294515401953 0
1701081201619 0.46543951915852744 0
1701081249012 0.4691960931630353 0
1701081297214 0.4729526671675432 0
1701081343132 0.4767092411720511 0
1701081388350 0.48046581517655895 0
1701081432558 0.48422238918106686 0
1701081476578 0.48797896318557477 0
1701081521410 0.49173553719008267 0
1701081566333 0.4954921111945905 0
1701081649958 0.49924868519909843 0
1701081694618 0.5 0
1701081739074 0.5 0
1701081784370 0.5 0
1701081829346 0.5 0
1701081874214 0.5 0
1701081919027 0.5 0
1701081964689 0.5 0
1701082009656 0.5 0
1701082054647 0.5 0
1701082099082 0.5 0
1701082143494 0.5 0
1701082187915 0.5 0
1701082232894 0.5 0
1701082277728 0.5 0
1701082322993 0.5 0
1701082367888 0.5 0
1701082412890 0.5 0
1701082458057 0.5 0
1701082502990 0.5 0
1701082547618 0.5 0
1701082592570 0.5 0
1701082637654 0.5 0
1701082682913 0.5 0
1701082728140 0.5 0
1701082772739 0.5 0
1701082817117 0.5 0
1701082861354 0.5 0
1701082906058 0.5 0
1701082951297 0.5 0
1701082995778 0.5 0
1701083040005 0.5 0
1701083084350 0.5 0
1701083129153 0.5 0
1701083174465 0.5 0
1701083221463 0.5 0
1701083268485 0.5 0
1701083316470 0.5 0
1701083362339 0.5 0
1701083406510 0.5 0
1701083450869 0.5 0
1701083495667 0.5 0
1701083541057 0.5 0
1701083586120 0.5 0
1701083631271 0.5 0
1701083676612 0.5 0
1701083721441 0.5 0
1701083766106 0.5 0
1701083810354 0.5 0
1701083854797 0.5 0
1701083899398 0.5 0
1701083943906 0.5 0
1701083988259 0.5 0
1701084033158 0.5 0
1701084078364 0.5 0
1701084123825 0.5 0
1701084168911 0.5 0
1701084214407 0.5 0
1701084259722 0.5 0
1701084305058 0.5 0
1701084350368 0.5 0
1701084395346 0.5 0
1701084440010 0.5 0
1701084485014 0.5 0
1701084530150 0.5 0
1701084575310 0.5 0
1701084621099 0.5 0
