1701145892324 7.875 0
1701145933129 10.157421875 0
1701145977882 8.30859375 0
1701146022882 39.2171875 0
1701146067572 6.314453125 0
1701146112277 23.2015625 0
1701146157377 6.7734375 0
1701146205212 7.46015625 0
1701146254156 10.083984375 0
1701146301599 24.85390625 0
1701146346139 21.408203125 0
1701146390574 42.2953125 0
1701146435383 7.40390625 0
1701146479974 8.661328125 0
1701146524687 15.316796875 0
1701146569357 9.501171875 0
1701146614047 7.580859375 0
1701146659132 7.9703125 0
1701146704273 7.34140625 0
1701146748895 21.587890625 0
1701146793557 19.718359375 0
1701146838233 24.94453125 0
1701146883086 8.57265625 0
1701146927860 7.34921875 0
1701146972643 10.807421875 0
1701147017229 8.648046875 0
1701147061902 12.026171875 0
1701147106369 7.72890625 0
1701147150981 8.4984375 0
1701147195616 10.24921875 0
1701147240405 9.30234375 0
1701147285050 25.046875 0
1701147329834 7.42734375 0
1701147374317 10.401953125 0
1701147419018 9.1015625 0
1701147463649 7.4765625 0
1701147508326 39.128515625 0
1701147552985 9.53203125 0
1701147597654 18.083203125 0
1701147642327 7.472265625 0
1701147687023 12.47734375 0
1701147731781 38.5453125 0
1701147776474 8.43203125 0
1701147821250 8.7859375 0
1701147866019 10.36171875 0
1701147910689 9.55859375 0
1701147955364 9.8765625 0
1701148000232 15.808203125 0
1701148044867 8.321484375 0
1701148089662 21.55078125 0
1701148134383 36.387109375 0
1701148179236 8.9125 0
1701148224113 8.95078125 0
1701148268982 10.252734375 0
1701148313686 10.4171875 0
1701148358345 8.79765625 0
1701148405323 8.453125 0
1701148453754 7.823828125 0
1701148502153 7.8046875 0
1701148548085 8.36953125 0
1701148592978 15.79140625 0
1701148637760 8.00625 0
1701148682477 7.055078125 0
1701148727278 7.797265625 0
1701148772016 32.695703125 0
1701148816865 7.229296875 0
1701148861537 7.00859375 0
1701148906892 7.340625 0
1701148951829 7.63046875 0
1701148996580 35.780078125 0
1701149041131 7.518359375 0
1701149085908 8.058203125 0
1701149131040 12.394921875 0
1701149175909 7.773828125 0
1701149220761 8.982421875 0
1701149265521 6.51875 0
1701149310597 9.1265625 0
1701149355447 7.1984375 0
1701149400314 8.211328125 0
1701149445377 6.793359375 0
1701149490104 11.4546875 0
1701149534900 7.175 0
1701149581706 7.395703125 0
1701149628796 7.467578125 0
1701149678107 8.248046875 0
1701149724582 8.258984375 0
1701149769686 7.055859375 0
1701149814455 19.97421875 0
1701149859256 6.536328125 0
1701149904321 6.68828125 0
1701149949251 11.3 0
1701149993809 8.22578125 0
1701150038441 11.853125 0
1701150083091 15.414453125 0
1701150127741 7.333203125 0
1701150172490 7.914453125 0
1701150217282 8.2390625 0
1701150262125 18.03828125 0
1701150306923 8.170703125 0
1701150351613 7.248046875 0
1701150396300 8.169140625 0
1701150441030 7.977734375 0
1701150491529 13.30234375 0
1701150542673 15.03203125 0
1701150608886 9.007421875 0
1701150700514 9.5859375 0
1701150791401 9.70859375 0
1701150884536 35.15078125 0
1701150976088 8.758984375 0
1701151068652 8.784375 0
1701151160162 9.1328125 0
1701151251169 9.06953125 0
1701151341956 11.1171875 0
1701151432257 19.75625 0
1701151522747 12.828125 0
1701151614801 19.91484375 0
1701151706886 16.93671875 0
1701151799164 13.503125 0
1701151890257 14.325 0
1701151981562 16.9328125 0
1701152072607 14.0890625 0
1701152162052 12.50625 0
1701152252391 36.86796875 0
1701152341890 12.74921875 0
1701152432279 14.01875 0
1701152522942 11.94140625 0
1701152612246 12.82890625 0
1701152701769 18.46953125 0
1701152791888 12.29375 0
1701152880690 18.47109375 0
1701152969601 12.7296875 0
1701153058387 13.996875 0
1701153147096 15.009375 0
1701153234474 12.99453125 0
1701153322803 14.8109375 0
1701153411817 13.82109375 0
1701153500751 13.6625 0
1701153591805 15.44609375 0
1701153680737 13.659375 0
1701153768624 19.15703125 0
1701153856110 13.82578125 0
1701153944065 14.29296875 0
1701154030747 14.4890625 0
1701154118080 14.84296875 0
1701154205876 13.83125 0
1701154292562 15.10390625 0
1701154379159 14.74375 0
1701154466433 14.6984375 0
1701154553957 16.75 0
1701154640355 14.58046875 0
1701154716425 15.15625 0
1701154761194 18.93359375 0
1701154805779 15.45078125 0
1701154850481 17.5125 0
1701154895207 15.06953125 0
1701154939925 15.6078125 0
1701154984481 17.6125 0
1701155029538 15.40703125 0
1701155074429 19.909375 0
1701155119233 16.25234375 0
1701155163798 15.3140625 0
1701155208518 17.39375 0
1701155253145 16.16796875 0
1701155297813 16.57265625 0
1701155342626 16.74140625 0
1701155386973 16.1765625 0
1701155431587 16.803125 0
1701155476079 17.2328125 0
1701155520753 16.53125 0
1701155566803 16.69296875 0
1701155614618 16.91015625 0
1701155662727 17.04140625 0
1701155709681 18.55625 0
1701155754381 22.63984375 0
1701155799121 16.9453125 0
1701155843879 18.1109375 0
1701155888626 17.1359375 0
1701155933090 34.7296875 0
1701155977758 18.034375 0
1701156022471 18.2578125 0
1701156067261 18.4984375 0
1701156112456 17.8890625 0
1701156157309 18.19375 0
1701156201731 17.95625 0
1701156246381 18.6609375 0
1701156291305 20.175 0
1701156335927 18.74375 0
1701156380735 19.015625 0
1701156425529 24.3421875 0
1701156470209 19.48125 0
1701156514882 19.9328125 0
1701156559714 23.1 0
1701156604585 21.2078125 0
1701156649347 18.66875 0
1701156694101 19.128125 0
1701156738816 19.6796875 0
1701156783625 19.4828125 0
1701156828277 21.8859375 0
1701156872943 23.5234375 0
1701156917629 38.35 0
1701156962339 20.6765625 0
1701157007602 24.271875 0
1701157052751 20.3 0
1701157098075 24.99375 0
1701157143074 28.04375 0
1701157187675 20.4234375 0
1701157234029 21.125 0
1701157282168 20.31875 0
1701157331048 20.034375 0
1701157377958 21.7328125 0
1701157423121 21.2875 0
1701157468022 21.16875 0
1701157512979 25.5046875 0
1701157557943 25.9328125 0
1701157602497 21.6765625 0
1701157647186 21.51875 0
1701157691747 22.2203125 0
1701157736281 37.94375 0
1701157780825 22.953125 0
1701157825514 21.7375 0
1701157870444 22.865625 0
1701157915539 28.11875 0
1701157960354 46.3203125 0
1701158005033 22.1796875 0
1701158049885 23.196875 0
1701158094497 23.45 0
1701158139213 23.1265625 0
1701158184464 22.8171875 0
1701158230169 22.5875 0
1701158275470 45.084375 0
1701158320598 23.2265625 0
1701158365599 22.6453125 0
1701158410216 24.1859375 0
1701158454974 23.5578125 0
1701158499545 23.915625 0
1701158544245 23.9421875 0
1701158588987 25.23125 0
1701158633881 24.1375 0
1701158678897 24.015625 0
1701158724019 24.3625 0
1701158769658 24.5046875 0
1701158814701 24.28125 0
1701158859724 30.7765625 0
1701158907506 24.29375 0
1701158955626 24.5546875 0
1701159003148 25.509375 0
1701159048283 24.6171875 0
1701159093336 26.328125 0
1701159137961 26.1375 0
1701159182654 25.496875 0
1701159227277 30.21875 0
1701159272013 26.009375 0
1701159316713 29.596875 0
1701159361438 24.8625 0
1701159405989 44.4453125 0
1701159450765 28.5078125 0
1701159495425 25.75625 0
1701159540058 29.2296875 0
1701159585108 26.6078125 0
1701159630249 59.3671875 0
1701159674922 26.8515625 0
1701159719588 29.2 0
1701159802699 26.703125 0
1701159847729 27.3421875 0
1701159892494 26.61875 0
1701159937312 26.6046875 0
1701159981997 27.703125 0
1701160026894 27.5703125 0
1701160071758 28.1375 0
1701160116624 28.8828125 0
1701160161544 27.95 0
1701160206527 28.0296875 0
1701160251513 31.85 0
1701160296397 27.54375 0
1701160341119 33.628125 0
1701160386033 27.7890625 0
1701160431077 29.2609375 0
1701160475930 28.384375 0
1701160520793 31.55 0
1701160565781 31.9875 0
1701160610644 28.4015625 0
1701160655533 28.759375 0
1701160700228 28.0078125 0
1701160745232 30.015625 0
1701160790116 29.1453125 0
1701160835773 29.009375 0
1701160880750 28.13125 0
1701160925420 29.1875 0
1701160972811 45.5890625 0
1701161026398 29.9828125 0
1701161088214 29.4234375 0
1701161181323 29.125 0
1701161273310 30.3171875 0
1701161367260 30.346875 0
1701161461220 29.39375 0
1701161554099 30.4640625 0
1701161646706 34.4921875 0
1701161739896 48.5984375 0
1701161832953 30.1546875 0
1701161924683 29.946875 0
1701162018041 36.628125 0
1701162110826 34.7453125 0
1701162202894 33.509375 0
1701162295445 30.403125 0
1701162392310 30.675 0
1701162486711 30.1578125 0
1701162579535 30.0796875 0
1701162672941 30.534375 0
1701162765266 33.025 0
1701162857920 29.53125 0
1701162950895 30.7640625 0
1701163044212 30.4375 0
1701163137057 32.59375 0
1701163228788 30.3484375 0
1701163320759 30.78125 0
1701163412431 30.996875 0
1701163503254 32.109375 0
1701163591581 33.265625 0
1701163680277 37.7265625 0
1701163769739 31.265625 0
1701163859256 32.8734375 0
1701163948608 31.4953125 0
1701164038168 30.7234375 0
1701164128274 32.365625 0
1701164223335 32.3890625 0
1701164315220 31.153125 0
1701164404222 31.3234375 0
1701164492915 32.148046875 0
1701164581582 34.9390625 0
1701164669773 32.2796875 0
1701164759230 31.34375 0
1701164847465 42.5359375 0
1701164935386 31.9875 0
1701165023756 31.175 0
1701165110738 42.4140625 0
1701165198599 32.1734375 0
1701165267705 34.4203125 0
1701165312952 34.4515625 0
1701165357825 32.6015625 0
1701165403085 32.0328125 0
1701165448192 32.16875 0
1701165493201 35.1234375 0
1701165538459 48.159375 0
1701165583445 36.5171875 0
1701165628446 32.353125 0
1701165673605 32.51875 0
1701165718480 39.7609375 0
1701165763677 32.6125 0
1701165812390 33.3265625 0
1701165861718 32.821875 0
1701165909285 39.2 0
1701165954476 32.6234375 0
1701165999725 33.69375 0
1701166045607 32.853125 0
1701166090827 32.978125 0
1701166135727 33.375 0
1701166180735 32.90625 0
1701166226056 47.978125 0
1701166271415 48.203125 0
1701166316626 35.61875 0
1701166361677 34.221875 0
1701166406629 33.2421875 0
1701166451681 34.3078125 0
1701166496681 33.846875 0
1701166541754 39.640625 0
1701166586844 37.9796875 0
1701166632071 35.915625 0
1701166677337 36.615625 0
1701166722388 33.734375 0
1701166767481 35.059375 0
1701166812619 34.303125 0
1701166857709 33.5828125 0
1701166903458 33.759375 0
1701166949380 33.7609375 0
1701166994232 34.0125 0
1701167039401 36.284375 0
1701167084517 33.859375 0
1701167130089 34.49375 0
1701167175941 34.284375 0
1701167222124 37.521875 0
1701167271996 37.31875 0
1701167323333 34.31875 0
1701167368442 34.84375 0
1701167414035 34.1375 0
1701167458686 34.78125 0
1701167504002 33.55625 0
1701167549076 34.196875 0
1701167594106 34.33125 0
1701167639182 42.659375 0
1701167684220 34.059375 0
1701167729389 34.675 0
1701167774513 35.115625 0
1701167819596 35.184375 0
1701167865730 39.31875 0
1701167910464 34.421875 0
1701167956578 35.178125 0
1701168006509 35.440625 0
1701168052039 34.503125 0
1701168096909 36.86875 0
1701168141681 34.065625 0
1701168189283 40.578125 0
1701168237877 35.01875 0
1701168286330 36.36875 0
1701168331877 34.56875 0
1701168376621 37.70625 0
1701168421438 35.25625 0
1701168466085 35.5 0
1701168510709 34.940625 0
1701168555358 35.1 0
1701168600165 36.3125 0
1701168645037 34.375 0
1701168689977 35.396875 0
1701168734617 36.9875 0
1701168779269 35.85 0
1701168824033 35.3625 0
1701168869024 36.934375 0
1701168913797 40.83125 0
1701168958397 34.75 0
1701169003017 36.496875 0
1701169047677 35.453125 0
1701169092157 38.490625 0
1701169136873 41.31875 0
1701169181800 40.95 0
1701169226649 40.64375 0
1701169271250 36.11875 0
1701169316425 44.0125 0
1701169361335 36.33125 0
1701169406266 35.971875 0
1701169451449 35.9125 0
1701169496297 39.43125 0
1701169541245 36.084375 0
1701169586385 39.403125 0
1701169631304 37.125 0
1701169676361 36.55625 0
1701169721659 35.478125 0
1701169769683 36.325 0
1701169818420 35.20625 0
1701169866908 39.84375 0
1701169912229 35.578125 0
1701169956732 36.71875 0
1701170001177 43.275 0
1701170045750 41.69375 0
1701170090566 36.2375 0
1701170135332 35.3375 0
1701170180097 35.546875 0
1701170225184 36.31875 0
1701170270162 37.30625 0
1701170315595 36.171875 0
1701170360847 36.359375 0
1701170405869 35.665625 0
1701170451443 37.609375 0
1701170497429 42.115625 0
1701170542315 38.75 0
1701170586947 51.278125 0
1701170631708 35.81875 0
1701170676775 36.378125 0
1701170721683 36.765625 0
1701170766348 37.528125 0
1701170811378 36.53125 0
1701170856324 37.528125 0
1701170901126 36.790625 0
1701170946180 36.728125 0
1701170991923 36.234375 0
1701171036843 36.853125 0
1701171081512 37.534375 0
1701171126125 37.034375 0
1701171170824 40.775 0
1701171215521 36.70625 0
1701171260187 36.509375 0
1701171305078 37.05 0
1701171349617 37.475 0
1701171394287 36.5875 0
1701171438933 44.44375 0
1701171483629 36.2875 0
1701171528208 36.896875 0
1701171572969 42.65625 0
1701171617661 36.321875 0
1701171662275 37.040625 0
1701171706965 40.83125 0
1701171754283 36.496875 0
1701171802326 43.709375 0
1701171851173 50.653125 0
1701171896684 36.478125 0
1701171941274 37.146875 0
1701171985952 36.515625 0
1701172030665 36.396875 0
1701172075468 57.440625 0
1701172120507 35.91875 0
1701172165301 36.609375 0
1701172210285 37.346875 0
1701172255213 37.05625 0
1701172299792 36.009375 0
1701172344417 36.496875 0
1701172389061 35.34375 0
1701172433837 35.490625 0
1701172478415 42.35625 0
1701172523069 35.38125 0
1701172567973 36.0125 0
1701172612685 35.421875 0
1701172657340 37.825 0
1701172702061 34.5375 0
1701172746793 50.109375 0
1701172791641 35.075 0
1701172836248 39.496875 0
1701172880817 39.6 0
1701172925613 34.553125 0
1701172970649 35.3375 0
1701173015136 35.184375 0
1701173062455 35.040625 0
1701173111053 36.75 0
1701173159344 52.021875 0
1701173204665 48.70625 0
1701173249281 33.696875 0
1701173293937 34.0625 0
1701173338702 34.703125 0
1701173383656 37.928125 0
1701173428418 33.86875 0
1701173473193 33.25 0
1701173517848 36.4203125 0
1701173562630 33.94375 0
1701173607663 33.2140625 0
1701173652359 33.834375 0
1701173697329 32.98125 0
1701173790799 37.8453125 0
1701173835598 47.05 0
1701173880309 46.3015625 0
1701173927409 33.1984375 0
1701173972172 33.546875 0
1701174016913 33.134375 0
1701174061655 35.35625 0
1701174106285 34.5140625 0
1701174151209 34.9359375 0
1701174196120 49.9140625 0
1701174241049 32.3421875 0
1701174285713 32.94375 0
1701174330393 32.7 0
1701174375261 36.0171875 0
1701174419957 32.634375 0
1701174464522 32.884375 0
1701174509093 32.896875 0
1701174553872 32.3265625 0
1701174598418 31.5109375 0
1701174643028 32.75 0
1701174688057 36.2578125 0
1701174732801 31.765625 0
1701174777909 33.859375 0
1701174826532 31.590625 0
1701174875282 34.778125 0
1701174922446 36.771875 0
1701174968206 31.9703125 0
1701175013177 32.1765625 0
1701175057810 31.728125 0
1701175102492 31.6984375 0
1701175147321 32.234375 0
1701175192708 32.1328125 0
1701175238043 32.159375 0
1701175282988 33.334375 0
1701175327690 33.36875 0
1701175372429 31.9921875 0
1701175417568 35.9703125 0
1701175462812 31.8234375 0
1701175507784 42.9328125 0
1701175552342 31.3265625 0
1701175597066 33.1984375 0
1701175642336 31.5109375 0
1701175687942 32.6921875 0
1701175733209 30.8265625 0
1701175778061 31.7640625 0
1701175822693 36.44375 0
1701175867350 30.73125 0
1701175912177 31.428125 0
1701175956980 34.0609375 0
1701176001607 32.071875 0
1701176046771 31.15625 0
1701176092021 32.475 0
1701176136812 31.565625 0
1701176181421 31.55 0
1701176226235 45.325 0
1701176271183 35.2328125 0
1701176315801 31.5828125 0
1701176360501 31.7 0
1701176405169 31.5171875 0
1701176449918 33.90625 0
1701176494590 31.2109375 0
1701176539213 32.165625 0
1701176583741 30.6921875 0
1701176628445 30.9859375 0
1701176673038 36.45 0
1701176717613 30.784375 0
1701176762155 32.2859375 0
1701176806786 31.23125 0
1701176852056 30.8234375 0
1701176897102 33.6890625 0
1701176942621 34.66875 0
1701176987629 31.84375 0
1701177035416 30.8390625 0
1701177083860 30.459375 0
1701177132380 30.578125 0
1701177177253 35.74375 0
1701177221799 31.3875 0
1701177266465 33.2703125 0
1701177311149 30.8203125 0
1701177356222 30.08125 0
1701177403759 33.2515625 0
1701177457456 30.3984375 0
1701177521890 30.471875 0
1701177614379 36.0578125 0
1701177706084 30.41875 0
1701177798442 31.13125 0
1701177892524 30.21875 0
1701177985411 31.765625 0
1701178079087 30.271875 0
1701178172020 31.8875 0
1701178265006 39.3921875 0
1701178361002 31.4015625 0
1701178455484 32.3421875 0
1701178548331 30.540625 0
1701178641598 30.4921875 0
1701178734387 33.3375 0
1701178826786 30.2375 0
1701178919584 29.99375 0
1701179012207 31.1578125 0
1701179104227 30.3171875 0
1701179197722 30.634375 0
1701179290406 30.6703125 0
1701179382607 31.2453125 0
1701179476318 33.246875 0
1701179569489 29.7140625 0
1701179661129 30.328125 0
1701179752808 34.3796875 0
1701179843636 30.0921875 0
1701179933742 49.1578125 0
1701180022762 32.6140625 0
1701180113133 31.309375 0
1701180203075 30.2484375 0
1701180292517 30.165625 0
1701180381297 30.0421875 0
1701180471882 35.5359375 0
1701180560053 31.134375 0
1701180648987 30.4671875 0
1701180738528 30.5359375 0
1701180828239 30.0125 0
1701180920149 39.5421875 0
1701181011569 30.34375 0
1701181100873 29.7796875 0
1701181189195 30.45625 0
1701181278688 30.328125 0
1701181366494 31.0359375 0
1701181455087 30.2921875 0
1701181543199 31.4953125 0
1701181630860 29.8671875 0
1701181680413 29.9515625 0
1701181725065 30.11875 0
1701181769721 30.9453125 0
1701181814347 32.3359375 0
1701181859019 30.603125 0
1701181903650 30.925 0
1701181948377 42.7265625 0
1701181992929 31.628125 0
1701182037600 29.746875 0
1701182082444 31.065625 0
1701182127127 29.43125 0
1701182171855 30.8734375 0
1701182216505 30.3296875 0
1701182261208 30.2703125 0
1701182306971 30.0046875 0
1701182355741 30.4671875 0
1701182403735 29.515625 0
1701182451838 32.4171875 0
1701182496462 29.0171875 0
1701182541149 30.1890625 0
1701182585605 39.3359375 0
1701182630149 30.7078125 0
1701182674713 29.915625 0
1701182719225 29.46875 0
1701182763917 30.7328125 0
1701182808597 32.1125 0
1701182853161 29.909375 0
1701182898264 32.590625 0
1701182943390 31.1296875 0
1701182988865 30.19375 0
1701183034002 32.390625 0
1701183079338 29.8890625 0
1701183124293 29.9125 0
1701183168981 30.2328125 0
1701183213797 29.63125 0
1701183258549 32.1953125 0
1701183303109 30.1375 0
1701183347771 30.1859375 0
1701183392353 29.753125 0
1701183437259 32.540625 0
1701183487842 30.840625 0
1701183540778 35.8984375 0
1701183620019 34.353125 0
1701183713842 30.3484375 0
1701183807983 34.84375 0
1701183902994 30.2390625 0
1701184000241 38.384375 0
1701184100238 31.25625 0
1701184199768 30.4140625 0
1701184298508 33.434375 0
1701184397208 31.8234375 0
1701184495990 30.0875 0
1701184592399 34.3328125 0
1701184690890 30.040625 0
1701184789353 32.10625 0
1701184887769 34.6453125 0
1701184984828 30.4703125 0
1701185084054 30.2171875 0
1701185182448 30.6578125 0
1701185281024 29.571875 0
1701185379766 30.4078125 0
1701185477832 29.984375 0
1701185576500 31.0078125 0
1701185675131 30.01875 0
1701185773723 35.2828125 0
1701185872835 30.2171875 0
1701185971683 30.246875 0
1701186070975 31.6125 0
1701186171996 43.1640625 0
1701186272549 29.65625 0
1701186370852 29.784375 0
1701186469795 32.190625 0
1701186568453 29.68125 0
1701186667423 30.475 0
1701186765234 30.1890625 0
1701186863533 29.8359375 0
1701186962470 30.490625 0
1701187062765 32.2625 0
1701187161834 29.58125 0
1701187261921 29.521875 0
1701187360960 31.475 0
1701187460429 30.1484375 0
1701187559408 29.9890625 0
1701187658523 34.9625 0
1701187757955 29.571875 0
1701187856973 29.6640625 0
1701187956698 30.134375 0
1701188058093 29.3265625 0
1701188159551 29.7390625 0
1701188259120 29.775 0
1701188358675 37.6125 0
1701188457931 29.259375 0
1701188558117 31.1859375 0
1701188658116 32.2640625 0
1701188757297 29.3375 0
1701188856555 30.11875 0
1701188955482 30.925 0
1701189054817 30.0796875 0
1701189153990 39.809375 0
1701189253440 43.3 0
1701189352529 31.23125 0
1701189452073 30.8390625 0
1701189551485 35.9234375 0
1701189653182 29.88125 0
1701189752954 35.040625 0
1701189851190 30.1015625 0
1701189951064 29.5171875 0
1701190023731 30.1328125 0
1701190068157 30.18125 0
1701190112772 29.9984375 0
1701190157421 30.56875 0
1701190202503 32.1109375 0
1701190247769 29.8921875 0
1701190292989 34.2578125 0
1701190337926 29.7921875 0
1701190382758 31.40625 0
1701190427344 37.4578125 0
1701190472389 29.8890625 0
1701190517229 30.5140625 0
1701190561935 30.9140625 0
1701190607433 35.209375 0
1701190652469 30.2234375 0
1701190697141 29.6421875 0
1701190741766 30.0203125 0
1701190786393 32.35625 0
1701190831065 29.484375 0
1701190875717 29.8609375 0
1701190920251 29.4640625 0
1701190965101 29.6265625 0
1701191010165 29.0671875 0
1701191055201 38.703125 0
1701191100500 29.603125 0
1701191148733 31.84375 0
1701191423005 30.0171875 0
1701191467440 30.5015625 0
1701191512661 30.3375 0
1701191557696 29.98125 0
1701191602685 31.046875 0
1701191647381 30.3515625 0
1701191692077 30.759375 0
1701191736694 29.971875 0
1701191781253 30.240625 0
1701191825907 44.5515625 0
1701191870554 29.4953125 0
1701191915177 31.0421875 0
1701191959797 30.5609375 0
1701192004433 35.309375 0
1701192049137 33.80625 0
1701192093809 30.19375 0
1701192138475 32.5015625 0
1701192183829 30.1421875 0
1701192228554 30.8203125 0
1701192273190 30.26875 0
1701192318218 29.659375 0
1701192363265 34.9078125 0
1701192408277 29.340625 0
1701192453196 30.16875 0
1701192498213 29.334375 0
1701192543237 36.51875 0
1701192588169 34.034375 0
1701192633130 30.7296875 0
1701192677820 32.2109375 0
1701192722480 29.7859375 0
1701192767198 29.5921875 0
1701192811991 35.7859375 0
1701192856809 30.053125 0
1701192901684 30.2875 0
1701192947598 30.5203125 0
1701192996727 34.1203125 0
1701193045771 30.5125 0
1701193093092 38.5828125 0
1701193138124 35.5015625 0
1701193183778 29.3 0
1701193228881 29.3609375 0
1701193273781 30.5609375 0
1701193318719 30.3 0
1701193363686 29.209375 0
1701193408530 30.6453125 0
1701193453899 29.6375 0
1701193499012 30.003125 0
1701193543918 29.8109375 0
1701193588956 32.85625 0
1701193635106 30.8984375 0
1701193680152 31.4046875 0
1701193725248 29.8359375 0
1701193770450 32.346875 0
1701193815477 30.9609375 0
1701193860593 30.4078125 0
1701193905614 30.078125 0
1701193950529 29.65 0
1701193995446 32.478125 0
1701194040377 30.478125 0
1701194085409 29.4375 0
1701194130393 29.625 0
1701194176481 30.1265625 0
1701194222308 30.4765625 0
1701194267582 38.16875 0
1701194312558 29.121875 0
1701194357397 33.4296875 0
1701194402378 30.2375 0
1701194450205 34.1203125 0
1701194498885 30.609375 0
1701194548272 29.5546875 0
1701194594512 29.453125 0
1701194639505 29.9859375 0
1701194684417 30.4734375 0
1701194729578 31.4875 0
1701194774712 30.4359375 0
