1701145892327 0.0013113617897033691 0
1701145933133 0.004054725170135498 0
1701145977886 0.004212915897369385 0
1701146022886 0.004749119281768799 0
1701146067576 0.004900455474853516 0
1701146112281 0.005059182643890381 0
1701146157381 0.005200564861297607 0
1701146205217 0.00532984733581543 0
1701146254159 0.005851864814758301 0
1701146301603 0.006045818328857422 0
1701146346143 0.0062451958656311035 0
1701146390578 0.006622612476348877 0
1701146435386 0.006832718849182129 0
1701146479977 0.0069915056228637695 0
1701146524690 0.0071353912353515625 0
1701146569361 0.007245957851409912 0
1701146614051 0.0073656439781188965 0
1701146659136 0.007497131824493408 0
1701146704277 0.007705271244049072 0
1701146748899 0.0078887939453125 0
1701146793561 0.00811547040939331 0
1701146838237 0.008406877517700195 0
1701146883089 0.008779168128967285 0
1701146927863 0.00899815559387207 0
1701146972646 0.009120464324951172 0
1701147017233 0.00962764024734497 0
1701147061905 0.009754180908203125 0
1701147106373 0.009908497333526611 0
1701147150985 0.010072827339172363 0
1701147195620 0.010252892971038818 0
1701147240410 0.010597825050354004 0
1701147285053 0.011125147342681885 0
1701147329837 0.011606335639953613 0
1701147374321 0.012042760848999023 0
1701147419022 0.012647569179534912 0
1701147463653 0.013122022151947021 0
1701147508330 0.013829350471496582 0
1701147552989 0.014481544494628906 0
1701147597658 0.015090227127075195 0
1701147642331 0.015446484088897705 0
1701147687027 0.015377938747406006 0
1701147731784 0.01582866907119751 0
1701147776477 0.01698213815689087 0
1701147821253 0.017812609672546387 0
1701147866023 0.018304824829101562 0
1701147910693 0.019273340702056885 0
1701147955367 0.02004396915435791 0
1701148000236 0.02082657814025879 0
1701148044871 0.021595478057861328 0
1701148089665 0.022675037384033203 0
1701148134386 0.023572564125061035 0
1701148179239 0.024533390998840332 0
1701148224117 0.025271892547607422 0
1701148268985 0.02569127082824707 0
1701148313690 0.026069939136505127 0
1701148358349 0.026639342308044434 0
1701148405327 0.027388811111450195 0
1701148453758 0.028405725955963135 0
1701148502157 0.028948605060577393 0
1701148548089 0.028990507125854492 0
1701148592982 0.0294303297996521 0
1701148637764 0.02999013662338257 0
1701148682481 0.029968082904815674 0
1701148727282 0.030395209789276123 0
1701148772020 0.03111732006072998 0
1701148816869 0.032464802265167236 0
1701148861541 0.03347373008728027 0
1701148906896 0.033858299255371094 0
1701148951833 0.03439599275588989 0
1701148996584 0.034820556640625 0
1701149041135 0.03561502695083618 0
1701149085912 0.03622323274612427 0
1701149131044 0.03678828477859497 0
1701149175913 0.03739583492279053 0
1701149220765 0.037693023681640625 0
1701149265525 0.03838610649108887 0
1701149310601 0.038964927196502686 0
1701149355450 0.03968936204910278 0
1701149400318 0.04022634029388428 0
1701149445381 0.04061001539230347 0
1701149490108 0.04138273000717163 0
1701149534903 0.041866958141326904 0
1701149581710 0.04255765676498413 0
1701149628800 0.04312634468078613 0
1701149678111 0.04371732473373413 0
1701149724585 0.04470968246459961 0
1701149769690 0.0454334020614624 0
1701149814459 0.0459214448928833 0
1701149859259 0.046900033950805664 0
1701149904325 0.048357486724853516 0
1701149949254 0.04939776659011841 0
1701149993813 0.050141870975494385 0
1701150038445 0.05063527822494507 0
1701150083094 0.05120849609375 0
1701150127745 0.05221372842788696 0
1701150172494 0.05374032258987427 0
1701150217286 0.05446547269821167 0
1701150262129 0.05533909797668457 0
1701150306927 0.0562891960144043 0
1701150351617 0.05808335542678833 0
1701150396304 0.060569822788238525 0
1701150441033 0.06317412853240967 0
1701150491532 0.06643551588058472 0
1701150542677 0.0699927806854248 0
1701150608890 0.07337677478790283 0
1701150700518 0.07643204927444458 0
1701150791404 0.07930618524551392 0
1701150884540 0.08240950107574463 0
1701150976099 0.08645433187484741 0
1701151068655 0.08990478515625 0
1701151160169 0.09305977821350098 0
1701151251172 0.09607630968093872 0
1701151341959 0.09914183616638184 0
1701151432260 0.102588951587677 0
1701151522754 0.10630720853805542 0
1701151614804 0.1099853515625 0
1701151706889 0.11382943391799927 0
1701151799171 0.1179313063621521 0
1701151890264 0.12222564220428467 0
1701151981565 0.12658333778381348 0
1701152072620 0.1305248737335205 0
1701152162059 0.1338108777999878 0
1701152252396 0.13702595233917236 0
1701152341895 0.14065027236938477 0
1701152432284 0.14455300569534302 0
1701152522949 0.1483110785484314 0
1701152612249 0.15228641033172607 0
1701152701772 0.1555771827697754 0
1701152791894 0.1588185429573059 0
1701152880697 0.1622183918952942 0
1701152969605 0.16554772853851318 0
1701153058394 0.16870921850204468 0
1701153147099 0.1720171570777893 0
1701153234479 0.1751614212989807 0
1701153322810 0.17793947458267212 0
1701153411824 0.18060064315795898 0
1701153500755 0.18302160501480103 0
1701153591808 0.18545198440551758 0
1701153680740 0.1882249116897583 0
1701153768630 0.19101101160049438 0
1701153856117 0.1936447024345398 0
1701153944072 0.1964128613471985 0
1701154030750 0.1990087628364563 0
1701154118083 0.20165079832077026 0
1701154205882 0.2043544054031372 0
1701154292569 0.2067270278930664 0
1701154379166 0.2088683843612671 0
1701154466438 0.21124333143234253 0
1701154553962 0.2137243151664734 0
1701154640362 0.2162684202194214 0
1701154716429 0.21873784065246582 0
1701154761198 0.22087770700454712 0
1701154805784 0.2229728102684021 0
1701154850485 0.22522544860839844 0
1701154895211 0.2273540496826172 0
1701154939929 0.2292129397392273 0
1701154984485 0.23107260465621948 0
1701155029542 0.2330726981163025 0
1701155074433 0.2351875901222229 0
1701155119237 0.23715496063232422 0
1701155163802 0.23906338214874268 0
1701155208521 0.2408655285835266 0
1701155253149 0.24275261163711548 0
1701155297817 0.2446102499961853 0
1701155342631 0.2466338872909546 0
1701155386977 0.24884033203125 0
1701155431590 0.25061333179473877 0
1701155476082 0.2525410056114197 0
1701155520756 0.2545747756958008 0
1701155566807 0.2562904357910156 0
1701155614622 0.2581578493118286 0
1701155662731 0.26013386249542236 0
1701155709685 0.2620101571083069 0
1701155754385 0.2636089324951172 0
1701155799124 0.2651858925819397 0
1701155843883 0.26674842834472656 0
1701155888629 0.26834607124328613 0
1701155933093 0.27022063732147217 0
1701155977762 0.27222251892089844 0
1701156022475 0.2743598222732544 0
1701156067264 0.2766815423965454 0
1701156112460 0.2790355682373047 0
1701156157313 0.28091979026794434 0
1701156201734 0.2827228903770447 0
1701156246385 0.2845005393028259 0
1701156291309 0.28635597229003906 0
1701156335931 0.28815269470214844 0
1701156380739 0.2901225686073303 0
1701156425533 0.2920346260070801 0
1701156470213 0.29371190071105957 0
1701156514886 0.2952980399131775 0
1701156559717 0.29685473442077637 0
1701156604589 0.2989286780357361 0
1701156649351 0.3006245493888855 0
1701156694104 0.30208009481430054 0
1701156738819 0.3034261465072632 0
1701156783629 0.304710328578949 0
1701156828280 0.3060249090194702 0
1701156872950 0.3075253963470459 0
1701156917632 0.3091052770614624 0
1701156962343 0.3110256791114807 0
1701157007606 0.3127877712249756 0
1701157052755 0.3143998980522156 0
1701157098079 0.31604278087615967 0
1701157143078 0.31771785020828247 0
1701157187679 0.3194546103477478 0
1701157234032 0.3212006092071533 0
1701157282172 0.32297205924987793 0
1701157331051 0.32509100437164307 0
1701157377961 0.3275509476661682 0
1701157423125 0.3292001485824585 0
1701157468025 0.3309195637702942 0
1701157512983 0.3330005407333374 0
1701157557947 0.3348122239112854 0
1701157602500 0.33654582500457764 0
1701157647189 0.3379756212234497 0
1701157691751 0.3394027352333069 0
1701157736284 0.3409634828567505 0
1701157780829 0.3425811529159546 0
1701157825518 0.34447717666625977 0
1701157870447 0.34611260890960693 0
1701157915543 0.3479536175727844 0
1701157960358 0.3497752547264099 0
1701158005037 0.3516639471054077 0
1701158049888 0.35330039262771606 0
1701158094501 0.3547888994216919 0
1701158139217 0.35649460554122925 0
1701158184468 0.357715368270874 0
1701158230173 0.3589285612106323 0
1701158275473 0.3601996898651123 0
1701158320601 0.3620484471321106 0
1701158365603 0.36423295736312866 0
1701158410220 0.3661140203475952 0
1701158454978 0.3676873445510864 0
1701158499548 0.3693361282348633 0
1701158544249 0.3709189295768738 0
1701158588990 0.37241965532302856 0
1701158633884 0.3737335801124573 0
1701158678900 0.3752018213272095 0
1701158724023 0.37687599658966064 0
1701158769662 0.3787301182746887 0
1701158814705 0.38056010007858276 0
1701158859727 0.3819006085395813 0
1701158907511 0.3831442594528198 0
1701158955630 0.3845307230949402 0
1701159003152 0.38598865270614624 0
1701159048287 0.38725370168685913 0
1701159093340 0.38872039318084717 0
1701159137965 0.3899537920951843 0
1701159182657 0.3913215398788452 0
1701159227281 0.3925747871398926 0
1701159272017 0.3937775492668152 0
1701159316717 0.3949793577194214 0
1701159361442 0.39667075872421265 0
1701159405993 0.398179292678833 0
1701159450769 0.3995044231414795 0
1701159495429 0.4006806015968323 0
1701159540061 0.40193337202072144 0
1701159585111 0.4034706950187683 0
1701159630253 0.40512311458587646 0
1701159674926 0.4078899025917053 0
1701159719591 0.41089510917663574 0
1701159802703 0.41353756189346313 0
1701159847732 0.4154304265975952 0
1701159892497 0.417081356048584 0
1701159937316 0.4187489151954651 0
1701159982001 0.4202952980995178 0
1701160026897 0.42198634147644043 0
1701160071761 0.4235060214996338 0
1701160116628 0.4251024127006531 0
1701160161548 0.42647218704223633 0
1701160206531 0.42768698930740356 0
1701160251516 0.4293409585952759 0
1701160296400 0.4310094118118286 0
1701160341123 0.43255817890167236 0
1701160386037 0.4336112141609192 0
1701160431080 0.4345394968986511 0
1701160475934 0.43545663356781006 0
1701160520797 0.4364100694656372 0
1701160565785 0.437444269657135 0
1701160610648 0.43840545415878296 0
1701160655536 0.4392780065536499 0
1701160700232 0.4401875138282776 0
1701160745236 0.44117027521133423 0
1701160790120 0.4424086809158325 0
1701160835777 0.44352400302886963 0
1701160880754 0.44438618421554565 0
1701160925424 0.44525688886642456 0
1701160972815 0.4462522864341736 0
1701161026402 0.4473733901977539 0
1701161088218 0.4484606385231018 0
1701161181327 0.4497184157371521 0
1701161273313 0.4509139060974121 0
1701161367264 0.4520747661590576 0
1701161461225 0.45363444089889526 0
1701161554103 0.45485299825668335 0
1701161646710 0.455905020236969 0
1701161739903 0.4571073055267334 0
1701161832956 0.4585300087928772 0
1701161924689 0.4597982168197632 0
1701162018049 0.46098190546035767 0
1701162110834 0.46225690841674805 0
1701162202897 0.4635346531867981 0
1701162295448 0.4647992253303528 0
1701162392314 0.4659137725830078 0
1701162486718 0.466962993144989 0
1701162579539 0.46805113554000854 0
1701162672945 0.4689873456954956 0
1701162765273 0.470079243183136 0
1701162857927 0.4712755084037781 0
1701162950903 0.4723743200302124 0
1701163044219 0.4733675718307495 0
1701163137064 0.474179744720459 0
1701163228795 0.4750221371650696 0
1701163320766 0.47588372230529785 0
1701163412438 0.4767800569534302 0
1701163503257 0.4777790307998657 0
1701163591588 0.4785601496696472 0
1701163680282 0.4793182611465454 0
1701163769743 0.4800868630409241 0
1701163859260 0.4810218811035156 0
1701163948614 0.48202353715896606 0
1701164038174 0.48288726806640625 0
1701164128278 0.48364782333374023 0
1701164223338 0.4844270944595337 0
1701164315224 0.4850879907608032 0
1701164404226 0.48573410511016846 0
1701164492926 0.4863870143890381 0
1701164581585 0.48708605766296387 0
1701164669777 0.4879413843154907 0
1701164759237 0.4885737895965576 0
1701164847472 0.489321768283844 0
1701164935394 0.4901692867279053 0
1701165023760 0.49083012342453003 0
1701165110741 0.4915165901184082 0
1701165198603 0.492440402507782 0
1701165267709 0.49352335929870605 0
1701165312956 0.4946244955062866 0
1701165357829 0.4955025911331177 0
1701165403089 0.49630701541900635 0
1701165448195 0.49714434146881104 0
1701165493205 0.4977327585220337 0
1701165538463 0.4983227849006653 0
1701165583449 0.4989761710166931 0
1701165628450 0.4997265934944153 0
1701165673609 0.5004427433013916 0
1701165718485 0.5011299848556519 0
1701165763681 0.5019100904464722 0
1701165812393 0.5027146339416504 0
1701165861723 0.5034502148628235 0
1701165909289 0.504230797290802 0
1701165954480 0.5050070285797119 0
1701165999729 0.5058133602142334 0
1701166045611 0.5066385269165039 0
1701166090831 0.5076218843460083 0
1701166135731 0.5083593726158142 0
1701166180739 0.5092743635177612 0
1701166226060 0.5103597640991211 0
1701166271420 0.5109950304031372 0
1701166316630 0.5117139220237732 0
1701166361681 0.5124751329421997 0
1701166406633 0.5131754875183105 0
1701166451686 0.5138280987739563 0
1701166496685 0.5144713521003723 0
1701166541758 0.5150931477546692 0
1701166586849 0.5157414674758911 0
1701166632075 0.5165339708328247 0
1701166677341 0.5174086689949036 0
1701166722392 0.5181169509887695 0
1701166767484 0.5188068151473999 0
1701166812623 0.5196529626846313 0
1701166857713 0.5205233097076416 0
1701166903462 0.5211414098739624 0
1701166949384 0.5216619968414307 0
1701166994236 0.5221816301345825 0
1701167039406 0.5227380394935608 0
1701167084521 0.5233032703399658 0
1701167130093 0.5238447189331055 0
1701167175945 0.5243831872940063 0
1701167222128 0.5248866081237793 0
1701167272000 0.525368332862854 0
1701167323338 0.5258846879005432 0
1701167368446 0.5263785123825073 0
1701167414039 0.5268615484237671 0
1701167458690 0.5273363590240479 0
1701167504006 0.5278085470199585 0
1701167549080 0.5282818078994751 0
1701167594110 0.5287831425666809 0
1701167639186 0.5292978882789612 0
1701167684224 0.5301218628883362 0
1701167729393 0.5309408903121948 0
1701167774517 0.531548023223877 0
1701167819600 0.5320425033569336 0
1701167865734 0.5325297117233276 0
1701167910467 0.5330743789672852 0
1701167956581 0.5336884260177612 0
1701168006513 0.5341456532478333 0
1701168052043 0.5345727205276489 0
1701168096913 0.534967839717865 0
1701168141686 0.5353783369064331 0
1701168189287 0.5357833504676819 0
1701168237881 0.5362030267715454 0
1701168286333 0.5366184711456299 0
1701168331881 0.5370369553565979 0
1701168376625 0.5374617576599121 0
1701168421442 0.5378752946853638 0
1701168466089 0.5382894277572632 0
1701168510713 0.5386782884597778 0
1701168555362 0.539082407951355 0
1701168600169 0.5394866466522217 0
1701168645042 0.5398591160774231 0
1701168689981 0.5402188301086426 0
1701168734621 0.5405980348587036 0
1701168779273 0.540992259979248 0
1701168824037 0.5414084196090698 0
1701168869029 0.5417729616165161 0
1701168913801 0.5421993732452393 0
1701168958401 0.5426464080810547 0
1701169003021 0.5431077480316162 0
1701169047681 0.5435478687286377 0
1701169092160 0.5439456701278687 0
1701169136877 0.5443187952041626 0
1701169181803 0.5447235107421875 0
1701169226653 0.5451421141624451 0
1701169271254 0.5455736517906189 0
1701169316430 0.5460361242294312 0
1701169361339 0.54653400182724 0
1701169406271 0.5470447540283203 0
1701169451453 0.5475469827651978 0
1701169496300 0.548056960105896 0
1701169541248 0.5484782457351685 0
1701169586389 0.5488540530204773 0
1701169631307 0.5492299199104309 0
1701169676365 0.5495970845222473 0
1701169721663 0.5499876737594604 0
1701169769687 0.5504009127616882 0
1701169818423 0.5508358478546143 0
1701169866912 0.5512564182281494 0
1701169912233 0.5516083240509033 0
1701169956737 0.5519266128540039 0
1701170001181 0.5522840023040771 0
1701170045754 0.5526502132415771 0
1701170090570 0.5530034303665161 0
1701170135335 0.5533815622329712 0
1701170180101 0.5537453293800354 0
1701170225188 0.5541101694107056 0
1701170270166 0.5544939637184143 0
1701170315599 0.5549129247665405 0
1701170360850 0.555315375328064 0
1701170405873 0.5556737780570984 0
1701170451447 0.5559975504875183 0
1701170497433 0.5563055276870728 0
1701170542319 0.5566108226776123 0
1701170586951 0.5569449663162231 0
1701170631713 0.557113766670227 0
1701170676779 0.5576486587524414 0
1701170721687 0.5582132935523987 0
1701170766352 0.5586655735969543 0
1701170811382 0.5590337514877319 0
1701170856328 0.559331476688385 0
1701170901130 0.5596827268600464 0
1701170946183 0.5600181221961975 0
1701170991927 0.5603375434875488 0
1701171036847 0.5606502890586853 0
1701171081516 0.5609898567199707 0
1701171126129 0.5613070726394653 0
1701171170828 0.5616089105606079 0
1701171215526 0.5619218349456787 0
1701171260191 0.5622484683990479 0
1701171305082 0.5625779628753662 0
1701171349621 0.5629691481590271 0
1701171394291 0.5634174942970276 0
1701171438937 0.5637163519859314 0
1701171483632 0.5640513300895691 0
1701171528212 0.5641323328018188 0
1701171572973 0.5637521743774414 0
1701171617665 0.5630687475204468 0
1701171662280 0.5621604323387146 0
1701171706970 0.5610640048980713 0
1701171754286 0.5598510503768921 0
1701171802331 0.5585041046142578 0
1701171851178 0.5566222071647644 0
1701171896689 0.5547360777854919 0
1701171941278 0.5530081987380981 0
1701171985957 0.5511167049407959 0
1701172030669 0.5490708947181702 0
1701172075473 0.5465947985649109 0
1701172120511 0.5437544584274292 0
1701172165305 0.5420868396759033 0
1701172210289 0.5410784482955933 0
1701172255217 0.5402432084083557 0
1701172299796 0.5389015674591064 0
1701172344421 0.538195788860321 0
1701172389065 0.5368402004241943 0
1701172433841 0.5363918542861938 0
1701172478419 0.5348215103149414 0
1701172523072 0.5345531702041626 0
1701172567976 0.5333791971206665 0
1701172612689 0.5326564908027649 0
1701172657345 0.5319416522979736 0
1701172702065 0.5308084487915039 0
1701172746797 0.530268132686615 0
1701172791645 0.5295782089233398 0
1701172836252 0.5285959839820862 0
1701172880821 0.5281282067298889 0
1701172925617 0.5271736979484558 0
1701172970653 0.5265907049179077 0
1701173015140 0.5261229276657104 0
1701173062458 0.525009036064148 0
1701173111057 0.5246807336807251 0
1701173159348 0.5244606733322144 0
1701173204669 0.524273693561554 0
1701173249285 0.5228331089019775 0
1701173293941 0.5222150683403015 0
1701173338706 0.5216058492660522 0
1701173383660 0.5207870006561279 0
1701173428422 0.5205889344215393 0
1701173473197 0.5200027823448181 0
1701173517852 0.5191963911056519 0
1701173562634 0.519015371799469 0
1701173607668 0.5185936689376831 0
1701173652364 0.5177218914031982 0
1701173697333 0.5175333619117737 0
1701173790804 0.5170661211013794 0
1701173835602 0.5165507793426514 0
1701173880313 0.5159175395965576 0
1701173927413 0.5156047344207764 0
1701173972176 0.5154431462287903 0
1701174016917 0.5148272514343262 0
1701174061659 0.5142399072647095 0
1701174106289 0.5141650438308716 0
1701174151213 0.5137815475463867 0
1701174196125 0.5133367776870728 0
1701174241053 0.512737512588501 0
1701174285718 0.5126355290412903 0
1701174330397 0.5123327970504761 0
1701174375265 0.5119342803955078 0
1701174419961 0.5113818049430847 0
1701174464526 0.5111875534057617 0
1701174509097 0.5110633373260498 0
1701174553875 0.5105075836181641 0
1701174598422 0.5102116465568542 0
1701174643032 0.5100244283676147 0
1701174688061 0.509797215461731 0
1701174732805 0.5095232725143433 0
1701174777913 0.5091138482093811 0
1701174826536 0.5087317228317261 0
1701174875287 0.5086764693260193 0
1701174922450 0.5083931684494019 0
1701174968210 0.5082173347473145 0
1701175013181 0.5078843235969543 0
1701175057814 0.5075315833091736 0
1701175102496 0.5074218511581421 0
1701175147325 0.5072965621948242 0
1701175192712 0.5070309638977051 0
1701175238047 0.5067147016525269 0
1701175282992 0.5064852237701416 0
1701175327694 0.5062999725341797 0
1701175372433 0.5061612129211426 0
1701175417572 0.5060853362083435 0
1701175462816 0.5057902336120605 0
1701175507788 0.5056439638137817 0
1701175552346 0.5053911209106445 0
1701175597070 0.5052118301391602 0
1701175642340 0.5050413608551025 0
1701175687945 0.5049324631690979 0
1701175733214 0.5048751831054688 0
1701175778066 0.504645824432373 0
1701175822697 0.5044598579406738 0
1701175867354 0.5043952465057373 0
1701175912181 0.5040096044540405 0
1701175956984 0.5038950443267822 0
1701176001611 0.5038443803787231 0
1701176046775 0.5037186145782471 0
1701176092025 0.5036497712135315 0
1701176136816 0.5035693645477295 0
1701176181425 0.5034258365631104 0
1701176226238 0.503652811050415 0
1701176271187 0.503296971321106 0
1701176315805 0.5034545063972473 0
1701176360505 0.503209114074707 0
1701176405174 0.5027855634689331 0
1701176449922 0.5028291940689087 0
1701176494594 0.502609372138977 0
1701176539217 0.5025718212127686 0
1701176583745 0.5025058388710022 0
1701176628449 0.5023849010467529 0
1701176673041 0.5022919178009033 0
1701176717617 0.5022553205490112 0
1701176762159 0.5021120309829712 0
1701176806790 0.5021264553070068 0
1701176852060 0.5019705295562744 0
1701176897106 0.5019410848617554 0
1701176942625 0.5017945766448975 0
1701176987634 0.5017496943473816 0
1701177035419 0.5016825795173645 0
1701177083864 0.5016056299209595 0
1701177132385 0.5015836954116821 0
1701177177257 0.5014688968658447 0
1701177221803 0.5013788938522339 0
1701177266469 0.5012773275375366 0
1701177311153 0.5013020634651184 0
1701177356226 0.5012596845626831 0
1701177403763 0.5011855363845825 0
1701177457460 0.5012044906616211 0
1701177521894 0.5011510848999023 0
1701177614383 0.5011172294616699 0
1701177706088 0.5010806322097778 0
1701177798447 0.50103759765625 0
1701177892531 0.5009966492652893 0
1701177985415 0.5009533166885376 0
1701178079091 0.5008537769317627 0
1701178172025 0.5008002519607544 0
1701178265013 0.5008324384689331 0
1701178361005 0.5008344650268555 0
1701178455488 0.5007529854774475 0
1701178548342 0.5007815361022949 0
1701178641601 0.5007131099700928 0
1701178734392 0.5006524324417114 0
1701178826790 0.5006320476531982 0
1701178919588 0.5005191564559937 0
1701179012212 0.5005544424057007 0
1701179104234 0.500550389289856 0
1701179197735 0.5005583763122559 0
1701179290409 0.5005371570587158 0
1701179382612 0.5005024671554565 0
1701179476325 0.5004570484161377 0
1701179569493 0.500435471534729 0
1701179661132 0.5003358125686646 0
1701179752812 0.5003853440284729 0
1701179843643 0.5003785490989685 0
1701179933749 0.5003314018249512 0
1701180022765 0.500388503074646 0
1701180113139 0.5003598928451538 0
1701180203083 0.5003290176391602 0
1701180292527 0.5002785921096802 0
1701180381301 0.5002632737159729 0
1701180471889 0.5003320574760437 0
1701180560059 0.5002750158309937 0
1701180648990 0.5002738237380981 0
1701180738534 0.5001606941223145 0
1701180828247 0.5002354383468628 0
1701180920157 0.5002425909042358 0
1701181011576 0.5001834630966187 0
1701181100877 0.50011146068573 0
1701181189201 0.5002404451370239 0
1701181278692 0.5002056360244751 0
1701181366498 0.5001732110977173 0
1701181455090 0.5001182556152344 0
1701181543203 0.5001934766769409 0
1701181630867 0.5001837015151978 0
1701181680417 0.5001684427261353 0
1701181725069 0.500115156173706 0
1701181769726 0.5000572204589844 0
1701181814351 0.5001325607299805 0
1701181859023 0.5001048445701599 0
1701181903654 0.5001183748245239 0
1701181948381 0.500084638595581 0
1701181992933 0.5001053214073181 0
1701182037603 0.5001325011253357 0
1701182082448 0.5000401735305786 0
1701182127131 0.5001567602157593 0
1701182171859 0.5000756978988647 0
1701182216508 0.500085711479187 0
1701182261212 0.5000487565994263 0
1701182306974 0.5001001358032227 0
1701182355745 0.50008225440979 0
1701182403739 0.5000022053718567 0
1701182451842 0.5000391006469727 0
1701182496466 0.5001038908958435 0
1701182541153 0.5000072717666626 0
1701182585609 0.5000065565109253 0
1701182630153 0.499996542930603 0
1701182674717 0.4999958872795105 0
1701182719229 0.5002923011779785 0
1701182763920 0.5001119375228882 0
1701182808601 0.5000439286231995 0
1701182853165 0.5002269744873047 0
1701182898267 0.5001022219657898 0
1701182943394 0.4999812841415405 0
1701182988870 0.5002144575119019 0
1701183034006 0.5000699758529663 0
1701183079341 0.4999849796295166 0
1701183124297 0.5000600814819336 0
1701183168985 0.4999570846557617 0
1701183213802 0.4999482035636902 0
1701183258553 0.5000156164169312 0
1701183303113 0.4999768137931824 0
1701183347775 0.5000201463699341 0
1701183392357 0.4999898672103882 0
1701183437263 0.499961256980896 0
1701183487846 0.49998730421066284 0
1701183540782 0.49997657537460327 0
1701183620024 0.4999842643737793 0
1701183713845 0.5000152587890625 0
1701183807987 0.5002173185348511 0
1701183902998 0.49996674060821533 0
1701184000251 0.500127375125885 0
1701184100246 0.4999869465827942 0
1701184199775 0.49996012449264526 0
1701184298511 0.49997246265411377 0
1701184397211 0.4999627470970154 0
1701184495993 0.4999374747276306 0
1701184592407 0.5002710223197937 0
1701184690895 0.5000218152999878 0
1701184789356 0.5000952482223511 0
1701184887774 0.5000094175338745 0
1701184984836 0.49994605779647827 0
1701185084058 0.5000414848327637 0
1701185182452 0.4999164342880249 0
1701185281029 0.4998772144317627 0
1701185379769 0.5002520084381104 0
1701185477837 0.5000482201576233 0
1701185576508 0.49996519088745117 0
1701185675138 0.5000371932983398 0
1701185773727 0.5001571774482727 0
1701185872838 0.5000025033950806 0
1701185971687 0.5001693964004517 0
1701186070978 0.4998999834060669 0
1701186172007 0.49990779161453247 0
1701186272552 0.5000501871109009 0
1701186370860 0.4998847246170044 0
1701186469806 0.4999076724052429 0
1701186568460 0.5000014305114746 0
1701186667430 0.4998864531517029 0
1701186765241 0.4999610185623169 0
1701186863540 0.49999725818634033 0
1701186962477 0.5002244114875793 0
1701187062773 0.4998794198036194 0
1701187161838 0.5001261830329895 0
1701187261925 0.5001580119132996 0
1701187360966 0.4998912215232849 0
1701187460432 0.5000181794166565 0
1701187559415 0.4998709559440613 0
1701187658531 0.49993646144866943 0
1701187757959 0.49996745586395264 0
1701187856977 0.4998883008956909 0
1701187956705 0.4999389052391052 0
1701188058104 0.49999088048934937 0
1701188159555 0.4999668598175049 0
1701188259128 0.5000156164169312 0
1701188358686 0.5000841617584229 0
1701188457938 0.5000113248825073 0
1701188558125 0.49995148181915283 0
1701188658121 0.49987733364105225 0
1701188757301 0.5001921057701111 0
1701188856561 0.49990618228912354 0
1701188955485 0.4999347925186157 0
1701189054821 0.4999818205833435 0
1701189154002 0.4999317526817322 0
1701189253451 0.4999185800552368 0
1701189352536 0.5000478029251099 0
1701189452080 0.5000288486480713 0
1701189551493 0.4999431371688843 0
1701189653185 0.4998789429664612 0
1701189752957 0.5001699924468994 0
1701189851194 0.5001101493835449 0
1701189951071 0.4998709559440613 0
1701190023735 0.500026285648346 0
1701190068161 0.5001540184020996 0
1701190112776 0.499975323677063 0
1701190157426 0.5000086426734924 0
1701190202507 0.5000243186950684 0
1701190247772 0.49991095066070557 0
1701190292992 0.4998859763145447 0
1701190337929 0.4999629259109497 0
1701190382762 0.4999358654022217 0
1701190427348 0.5000162124633789 0
1701190472393 0.5001102685928345 0
1701190517233 0.5001100897789001 0
1701190561939 0.49994009733200073 0
1701190607438 0.4999076724052429 0
1701190652473 0.4999159574508667 0
1701190697146 0.49999064207077026 0
1701190741770 0.4999006390571594 0
1701190786397 0.4999775290489197 0
1701190831070 0.4999581575393677 0
1701190875721 0.49993962049484253 0
1701190920255 0.5000056028366089 0
1701190965105 0.4999821186065674 0
1701191010169 0.49996262788772583 0
1701191055205 0.4999951124191284 0
1701191100505 0.5000996589660645 0
1701191148737 0.5001811981201172 0
1701191423009 0.4999479651451111 0
1701191467444 0.5001477003097534 0
1701191512664 0.4999229311943054 0
1701191557700 0.49994486570358276 0
1701191602689 0.5000051259994507 0
1701191647385 0.4999063014984131 0
1701191692081 0.4999507665634155 0
1701191736698 0.4999910593032837 0
1701191781257 0.4999021887779236 0
1701191825911 0.49993574619293213 0
1701191870558 0.49997788667678833 0
1701191915181 0.5000076293945312 0
1701191959801 0.5000168681144714 0
1701192004436 0.499961793422699 0
1701192049141 0.4999181032180786 0
1701192093814 0.5000717639923096 0
1701192138479 0.5001909732818604 0
1701192183833 0.49987566471099854 0
1701192228558 0.5000596642494202 0
1701192273194 0.4999939799308777 0
1701192318221 0.5000158548355103 0
1701192363269 0.4999513626098633 0
1701192408281 0.499999463558197 0
1701192453200 0.49996763467788696 0
1701192498217 0.49992889165878296 0
1701192543241 0.49999701976776123 0
1701192588173 0.49997228384017944 0
1701192633134 0.4999842047691345 0
1701192677823 0.500013530254364 0
1701192722484 0.49997109174728394 0
1701192767202 0.5000184178352356 0
1701192811995 0.49994349479675293 0
1701192856813 0.5000174045562744 0
1701192901687 0.49996107816696167 0
1701192947602 0.5000555515289307 0
1701192996731 0.4999932050704956 0
1701193045774 0.5000132918357849 0
1701193093096 0.4999828338623047 0
1701193138128 0.5000112056732178 0
1701193183782 0.4999482035636902 0
1701193228885 0.4999963045120239 0
1701193273785 0.5000089406967163 0
1701193318723 0.5000220537185669 0
1701193363690 0.4999881386756897 0
1701193408534 0.4999423027038574 0
1701193453904 0.500058650970459 0
1701193499016 0.4999525547027588 0
1701193543923 0.4999898076057434 0
1701193588960 0.5000120997428894 0
1701193635110 0.4999765157699585 0
1701193680156 0.5000064969062805 0
1701193725252 0.4999973773956299 0
1701193770454 0.4999966025352478 0
1701193815482 0.49997806549072266 0
1701193860598 0.5000640153884888 0
1701193905618 0.5001991987228394 0
1701193950534 0.5000547766685486 0
1701193995450 0.5001547336578369 0
1701194040382 0.5001451969146729 0
1701194085414 0.4999167323112488 0
1701194130398 0.5000290274620056 0
1701194176485 0.5001366138458252 0
1701194222312 0.49992650747299194 0
1701194267587 0.49992644786834717 0
1701194312563 0.49995487928390503 0
1701194357402 0.4999621510505676 0
1701194402383 0.4999591112136841 0
1701194450209 0.499927818775177 0
1701194498890 0.49996745586395264 0
1701194548276 0.5000090003013611 0
1701194594517 0.5002344846725464 0
1701194639510 0.49987494945526123 0
1701194684422 0.4999748468399048 0
1701194729582 0.5001015067100525 0
1701194774716 0.5001465082168579 0
