1701145894783 4088.0 0
1701145935632 4087.0 0
1701145980390 4087.0 0
1701146025375 4086.0 0
1701146069971 4086.0 0
1701146114657 4085.0 0
1701146159879 4085.0 0
1701146207759 4085.0 0
1701146256688 4084.0 0
1701146304031 4084.0 0
1701146348544 4083.0 0
1701146393014 4083.0 0
1701146437820 4082.0 0
1701146482412 4082.0 0
1701146527098 4082.0 0
1701146571791 4082.0 0
1701146616475 4082.0 0
1701146661578 4082.0 0
1701146706686 4082.0 0
1701146751309 4082.0 0
1701146795964 4082.0 0
1701146840643 4082.0 0
1701146885514 4081.0 0
1701146930314 4081.0 0
1701146975052 4081.0 0
1701147019644 4081.0 0
1701147064340 4080.0 0
1701147108777 4080.0 0
1701147153379 4080.0 0
1701147198044 4080.0 0
1701147242836 4080.0 0
1701147287497 4080.0 0
1701147332227 4080.0 0
1701147376711 4080.0 0
1701147421405 4080.0 0
1701147466036 4081.0 0
1701147510756 4080.0 0
1701147555424 4079.0 0
1701147600097 4079.0 0
1701147644719 4079.0 0
1701147689421 4079.0 0
1701147734202 4079.0 0
1701147778961 4078.0 0
1701147823649 4077.0 0
1701147868481 4077.0 0
1701147913120 4077.0 0
1701147957781 4078.0 0
1701148002625 4078.0 0
1701148047317 4079.0 0
1701148092169 4079.0 0
1701148136894 4079.0 0
1701148181759 4079.0 0
1701148226520 4079.0 0
1701148271375 4079.0 0
1701148316123 4079.0 0
1701148360758 4079.0 0
1701148407855 4079.0 0
1701148456209 4080.0 0
1701148504636 4080.0 0
1701148550532 4080.0 0
1701148595435 4080.0 0
1701148640204 4081.0 0
1701148684926 4081.0 0
1701148729724 4081.0 0
1701148774468 4082.0 0
1701148819286 4081.0 0
1701148864026 4082.0 0
1701148909274 4082.0 0
1701148954232 4082.0 0
1701148998986 4082.0 0
1701149043540 4082.0 0
1701149088322 4082.0 0
1701149133464 4082.0 0
1701149178319 4082.0 0
1701149223188 4082.0 0
1701149267940 4083.0 0
1701149313042 4083.0 0
1701149357902 4083.0 0
1701149402752 4083.0 0
1701149447829 4084.0 0
1701149492540 4084.0 0
1701149537373 4084.0 0
1701149584248 4084.0 0
1701149631346 4084.0 0
1701149680671 4084.0 0
1701149727012 4085.0 0
1701149772170 4085.0 0
1701149816878 4085.0 0
1701149861723 4085.0 0
1701149906764 4085.0 0
1701149951664 4085.0 0
1701149996198 4085.0 0
1701150040856 4085.0 0
1701150085503 4085.0 0
1701150130280 4085.0 0
1701150174979 4085.0 0
1701150219730 4085.0 0
1701150264571 4085.0 0
1701150309376 4085.0 0
1701150354020 4085.0 0
1701150398695 4085.0 0
1701150443500 4085.0 0
1701150494024 4085.0 0
1701150545154 4085.0 0
1701150611316 4085.0 0
1701150703017 4085.0 0
1701150793911 4085.0 0
1701150887126 4085.0 0
1701150978934 4084.0 0
1701151071298 4084.0 0
1701151162686 4084.0 0
1701151253882 4084.0 0
1701151344751 4084.0 0
1701151434776 4084.0 0
1701151525357 4083.0 0
1701151617412 4082.0 0
1701151709677 4081.0 0
1701151801985 4080.0 0
1701151893032 4080.0 0
1701151984477 4079.0 0
1701152075293 4078.0 0
1701152164799 4078.0 0
1701152255059 4078.0 0
1701152344708 4077.0 0
1701152435228 4077.0 0
1701152525904 4076.0 0
1701152615050 4076.0 0
1701152704417 4076.0 0
1701152794627 4076.0 0
1701152883338 4076.0 0
1701152972213 4075.0 0
1701153061131 4075.0 0
1701153149773 4075.0 0
1701153237530 4075.0 0
1701153325611 4075.0 0
1701153414851 4075.0 0
1701153503466 4075.0 0
1701153594532 4075.0 0
1701153683514 4075.0 0
1701153771493 4075.0 0
1701153858764 4075.0 0
1701153946789 4074.0 0
1701154033546 4074.0 0
1701154120906 4074.0 0
1701154208638 4074.0 0
1701154295284 4074.0 0
1701154381887 4074.0 0
1701154469475 4074.0 0
1701154556657 4074.0 0
1701154643213 4074.0 0
1701154718857 4074.0 0
1701154763598 4074.0 0
1701154808190 4074.0 0
1701154852854 4074.0 0
1701154897626 4074.0 0
1701154942428 4074.0 0
1701154987060 4074.0 0
1701155032001 4074.0 0
1701155076864 4074.0 0
1701155121636 4074.0 0
1701155166254 4074.0 0
1701155210887 4074.0 0
1701155255618 4074.0 0
1701155300262 4074.0 0
1701155345005 4074.0 0
1701155389429 4074.0 0
1701155434016 4074.0 0
1701155478502 4074.0 0
1701155523231 4074.0 0
1701155569469 4074.0 0
1701155617261 4074.0 0
1701155665366 4074.0 0
1701155712171 4074.0 0
1701155756752 4074.0 0
1701155801559 4074.0 0
1701155846351 4074.0 0
1701155891000 4074.0 0
1701155935530 4074.0 0
1701155980127 4074.0 0
1701156024931 4074.0 0
1701156069739 4074.0 0
1701156115028 4074.0 0
1701156159755 4074.0 0
1701156204179 4074.0 0
1701156248836 4074.0 0
1701156293706 4074.0 0
1701156338327 4073.0 0
1701156383163 4073.0 0
1701156427963 4073.0 0
1701156472618 4073.0 0
1701156517310 4073.0 0
1701156562174 4073.0 0
1701156607054 4073.0 0
1701156651808 4073.0 0
1701156696587 4073.0 0
1701156741258 4073.0 0
1701156786073 4073.0 0
1701156830693 4073.0 0
1701156875335 4073.0 0
1701156920025 4073.0 0
1701156964901 4073.0 0
1701157009976 4073.0 0
1701157055202 4073.0 0
1701157100485 4073.0 0
1701157145487 4073.0 0
1701157190079 4073.0 0
1701157236804 4073.0 0
1701157284940 4073.0 0
1701157333833 4073.0 0
1701157380387 4073.0 0
1701157425549 4073.0 0
1701157470404 4073.0 0
1701157515360 4073.0 0
1701157560400 4073.0 0
1701157604904 4073.0 0
1701157649602 4073.0 0
1701157694272 4072.0 0
1701157738744 4072.0 0
1701157783229 4072.0 0
1701157827921 4071.0 0
1701157872889 4071.0 0
1701157917994 4071.0 0
1701157962774 4070.0 0
1701158007455 4070.0 0
1701158052308 4069.0 0
1701158096886 4069.0 0
1701158141600 4069.0 0
1701158186925 4069.0 0
1701158232605 4069.0 0
1701158277850 4069.0 0
1701158323005 4069.0 0
1701158367982 4068.0 0
1701158412658 4068.0 0
1701158457399 4067.0 0
1701158501959 4067.0 0
1701158546674 4067.0 0
1701158591444 4067.0 0
1701158636279 4066.0 0
1701158681383 4066.0 0
1701158726467 4066.0 0
1701158772152 4065.0 0
1701158817068 4065.0 0
1701158862276 4065.0 0
1701158910010 4065.0 0
1701158958443 4065.0 0
1701159005573 4065.0 0
1701159050695 4065.0 0
1701159095728 4065.0 0
1701159140321 4065.0 0
1701159185030 4065.0 0
1701159229652 4065.0 0
1701159274429 4065.0 0
1701159319091 4064.0 0
1701159363845 4064.0 0
1701159408348 4064.0 0
1701159453196 4063.0 0
1701159497848 4063.0 0
1701159542464 4063.0 0
1701159587506 4063.0 0
1701159632676 4063.0 0
1701159677320 4062.0 0
1701159722439 4061.0 0
1701159805120 4061.0 0
1701159850106 4060.0 0
1701159894868 4060.0 0
1701159939720 4060.0 0
1701159984382 4060.0 0
1701160029296 4060.0 0
1701160074216 4060.0 0
1701160119024 4060.0 0
1701160164009 4060.0 0
1701160208924 4059.0 0
1701160253960 4059.0 0
1701160298824 4059.0 0
1701160343559 4058.0 0
1701160388524 4058.0 0
1701160433536 4058.0 0
1701160478346 4058.0 0
1701160523150 4058.0 0
1701160568240 4058.0 0
1701160613012 4058.0 0
1701160657991 4058.0 0
1701160702684 4058.0 0
1701160747659 4058.0 0
1701160792588 4058.0 0
1701160838183 4058.0 0
1701160883154 4058.0 0
1701160927840 4058.0 0
1701160975764 4058.0 0
1701161029273 4057.0 0
1701161091191 4057.0 0
1701161184321 4057.0 0
1701161276369 4057.0 0
1701161370419 4057.0 0
1701161464731 4057.0 0
1701161557323 4057.0 0
1701161650195 4057.0 0
1701161743258 4057.0 0
1701161836475 4057.0 0
1701161928149 4056.0 0
1701162021561 4056.0 0
1701162114156 4056.0 0
1701162205916 4056.0 0
1701162299441 4056.0 0
1701162396163 4056.0 0
1701162490103 4056.0 0
1701162583065 4056.0 0
1701162676467 4055.0 0
1701162768625 4055.0 0
1701162861254 4054.0 0
1701162954345 4054.0 0
1701163047679 4055.0 0
1701163140363 4055.0 0
1701163232061 4055.0 0
1701163324339 4055.0 0
1701163415969 4055.0 0
1701163506825 4055.0 0
1701163595121 4055.0 0
1701163683503 4055.0 0
1701163773173 4055.0 0
1701163862409 4055.0 0
1701163952189 4055.0 0
1701164041420 4055.0 0
1701164132222 4055.0 0
1701164227119 4055.0 0
1701164318733 4055.0 0
1701164407714 4054.0 0
1701164496418 4054.0 0
1701164584925 4054.0 0
1701164673210 4054.0 0
1701164762692 4054.0 0
1701164851060 4054.0 0
1701164938928 4054.0 0
1701165027123 4054.0 0
1701165114262 4054.0 0
1701165201878 4053.0 0
1701165270098 4053.0 0
1701165315298 4053.0 0
1701165360223 4053.0 0
1701165405480 4053.0 0
1701165450598 4053.0 0
1701165495622 4052.0 0
1701165540857 4052.0 0
1701165585834 4052.0 0
1701165630912 4051.0 0
1701165676022 4051.0 0
1701165720876 4052.0 0
1701165766240 4052.0 0
1701165815354 4052.0 0
1701165864645 4052.0 0
1701165911718 4052.0 0
1701165956888 4052.0 0
1701166002109 4052.0 0
1701166048009 4052.0 0
1701166093270 4052.0 0
1701166138124 4052.0 0
1701166183175 4052.0 0
1701166228550 4052.0 0
1701166273903 4052.0 0
1701166319076 4051.0 0
1701166364103 4051.0 0
1701166409030 4051.0 0
1701166454091 4051.0 0
1701166499102 4051.0 0
1701166544168 4051.0 0
1701166589321 4051.0 0
1701166634467 4051.0 0
1701166679773 4051.0 0
1701166724851 4051.0 0
1701166769920 4051.0 0
1701166815080 4051.0 0
1701166860136 4052.0 0
1701166905892 4052.0 0
1701166951814 4052.0 0
1701166996664 4052.0 0
1701167041781 4052.0 0
1701167086942 4052.0 0
1701167132497 4052.0 0
1701167178379 4052.0 0
1701167224521 4052.0 0
1701167274933 4052.0 0
1701167325750 4052.0 0
1701167370852 4052.0 0
1701167416412 4052.0 0
1701167461139 4052.0 0
1701167506448 4052.0 0
1701167551462 4052.0 0
1701167596502 4052.0 0
1701167641572 4052.0 0
1701167686690 4052.0 0
1701167731868 4052.0 0
1701167776909 4052.0 0
1701167822047 4052.0 0
1701167868113 4052.0 0
1701167912902 4052.0 0
1701167959467 4052.0 0
1701168008965 4052.0 0
1701168054466 4052.0 0
1701168099289 4052.0 0
1701168144084 4052.0 0
1701168192070 4052.0 0
1701168240852 4052.0 0
1701168288806 4052.0 0
1701168334298 4052.0 0
1701168378989 4052.0 0
1701168423788 4052.0 0
1701168468446 4052.0 0
1701168513095 4052.0 0
1701168557743 4052.0 0
1701168602572 4052.0 0
1701168647390 4052.0 0
1701168692371 4052.0 0
1701168736988 4052.0 0
1701168781676 4052.0 0
1701168826395 4052.0 0
1701168871400 4052.0 0
1701168916172 4052.0 0
1701168960813 4052.0 0
1701169005377 4052.0 0
1701169050086 4052.0 0
1701169094520 4052.0 0
1701169139284 4052.0 0
1701169184211 4052.0 0
1701169229067 4052.0 0
1701169273643 4052.0 0
1701169318824 4051.0 0
1701169363727 4051.0 0
1701169408728 4051.0 0
1701169453861 4051.0 0
1701169498663 4051.0 0
1701169543649 4051.0 0
1701169588805 4051.0 0
1701169633769 4051.0 0
1701169678835 4051.0 0
1701169724161 4051.0 0
1701169772301 4051.0 0
1701169821210 4051.0 0
1701169869444 4051.0 0
1701169914568 4052.0 0
1701169959113 4051.0 0
1701170003539 4052.0 0
1701170048143 4051.0 0
1701170092885 4051.0 0
1701170137740 4051.0 0
1701170182450 4051.0 0
1701170227551 4051.0 0
1701170272574 4052.0 0
1701170317979 4052.0 0
1701170363246 4052.0 0
1701170408293 4052.0 0
1701170453809 4052.0 0
1701170499815 4052.0 0
1701170544710 4052.0 0
1701170589377 4051.0 0
1701170634081 4051.0 0
1701170679161 4051.0 0
1701170724062 4050.0 0
1701170768732 4051.0 0
1701170813770 4051.0 0
1701170858709 4051.0 0
1701170903467 4051.0 0
1701170948617 4051.0 0
1701170994335 4051.0 0
1701171039239 4051.0 0
1701171083863 4051.0 0
1701171128521 4051.0 0
1701171173201 4051.0 0
1701171217935 4051.0 0
1701171262591 4051.0 0
1701171307471 4051.0 0
1701171352044 4051.0 0
1701171396674 4052.0 0
1701171441341 4051.0 0
1701171485973 4051.0 0
1701171530552 4051.0 0
1701171575361 4052.0 0
1701171620042 4052.0 0
1701171664732 4052.0 0
1701171709337 4052.0 0
1701171756815 4052.0 0
1701171805247 4053.0 0
1701171854117 4053.0 0
1701171899078 4053.0 0
1701171943738 4053.0 0
1701171988449 4053.0 0
1701172033151 4054.0 0
1701172077876 4053.0 0
1701172122913 4053.0 0
1701172167728 4052.0 0
1701172212696 4053.0 0
1701172257582 4053.0 0
1701172302198 4053.0 0
1701172346802 4053.0 0
1701172391476 4053.0 0
1701172436235 4053.0 0
1701172480800 4054.0 0
1701172525461 4054.0 0
1701172570354 4054.0 0
1701172615058 4054.0 0
1701172659749 4054.0 0
1701172704469 4055.0 0
1701172749217 4055.0 0
1701172794054 4055.0 0
1701172838627 4055.0 0
1701172883199 4055.0 0
1701172928028 4055.0 0
1701172972989 4055.0 0
1701173017556 4055.0 0
1701173065120 4055.0 0
1701173113924 4055.0 0
1701173161831 4056.0 0
1701173207065 4056.0 0
1701173251693 4056.0 0
1701173296323 4056.0 0
1701173341080 4057.0 0
1701173386053 4057.0 0
1701173430852 4057.0 0
1701173475613 4057.0 0
1701173520349 4057.0 0
1701173565099 4058.0 0
1701173610030 4058.0 0
1701173654762 4058.0 0
1701173699690 4058.0 0
1701173793241 4058.0 0
1701173837957 4058.0 0
1701173882784 4058.0 0
1701173929793 4058.0 0
1701173974533 4058.0 0
1701174019328 4059.0 0
1701174064066 4059.0 0
1701174108664 4059.0 0
1701174153652 4059.0 0
1701174198658 4059.0 0
1701174243452 4059.0 0
1701174288111 4059.0 0
1701174332792 4059.0 0
1701174377689 4059.0 0
1701174422371 4059.0 0
1701174466919 4059.0 0
1701174511481 4059.0 0
1701174556270 4060.0 0
1701174600759 4059.0 0
1701174645453 4060.0 0
1701174690422 4060.0 0
1701174735159 4059.0 0
1701174780877 4059.0 0
1701174829481 4059.0 0
1701174878227 4059.0 0
1701174924882 4060.0 0
1701174970601 4060.0 0
1701175015552 4060.0 0
1701175060148 4060.0 0
1701175104918 4060.0 0
1701175149719 4060.0 0
1701175195056 4060.0 0
1701175240405 4060.0 0
1701175285415 4060.0 0
1701175330119 4060.0 0
1701175374990 4060.0 0
1701175419990 4060.0 0
1701175465205 4060.0 0
1701175510127 4060.0 0
1701175554703 4060.0 0
1701175599437 4060.0 0
1701175644755 4060.0 0
1701175690392 4060.0 0
1701175735584 4060.0 0
1701175780432 4060.0 0
1701175825102 4060.0 0
1701175869744 4060.0 0
1701175914522 4060.0 0
1701175959366 4060.0 0
1701176003997 4060.0 0
1701176049193 4060.0 0
1701176094407 4060.0 0
1701176139215 4060.0 0
1701176183780 4060.0 0
1701176228662 4060.0 0
1701176273544 4060.0 0
1701176318165 4060.0 0
1701176362860 4060.0 0
1701176407595 4060.0 0
1701176452273 4060.0 0
1701176496987 4060.0 0
1701176541627 4060.0 0
1701176586102 4060.0 0
1701176630827 4060.0 0
1701176675417 4060.0 0
1701176720000 4060.0 0
1701176764529 4061.0 0
1701176809267 4061.0 0
1701176854532 4061.0 0
1701176899573 4061.0 0
1701176944990 4061.0 0
1701176990048 4061.0 0
1701177038157 4061.0 0
1701177086487 4061.0 0
1701177134821 4061.0 0
1701177179667 4061.0 0
1701177224246 4061.0 0
1701177268824 4061.0 0
1701177313730 4061.0 0
1701177358585 4061.0 0
1701177406665 4061.0 0
1701177460318 4061.0 0
1701177524761 4061.0 0
1701177617255 4062.0 0
1701177709086 4062.0 0
1701177802283 4062.0 0
1701177895916 4062.0 0
1701177989008 4062.0 0
1701178082468 4062.0 0
1701178175254 4062.0 0
1701178268370 4062.0 0
1701178364736 4062.0 0
1701178458789 4062.0 0
1701178551712 4061.0 0
1701178645136 4061.0 0
1701178737907 4061.0 0
1701178830241 4062.0 0
1701178922963 4062.0 0
1701179015569 4062.0 0
1701179107597 4062.0 0
1701179201267 4062.0 0
1701179293612 4062.0 0
1701179385987 4062.0 0
1701179479868 4062.0 0
1701179572860 4062.0 0
1701179664669 4062.0 0
1701179756219 4062.0 0
1701179846947 4062.0 0
1701179937069 4062.0 0
1701180026277 4062.0 0
1701180116538 4061.0 0
1701180206803 4061.0 0
1701180295956 4061.0 0
1701180384655 4061.0 0
1701180475313 4062.0 0
1701180563235 4062.0 0
1701180652480 4062.0 0
1701180741856 4062.0 0
1701180831768 4062.0 0
1701180924167 4062.0 0
1701181015116 4062.0 0
1701181104179 4062.0 0
1701181192540 4062.0 0
1701181282156 4062.0 0
1701181370127 4062.0 0
1701181458581 4062.0 0
1701181546519 4062.0 0
1701181634114 4062.0 0
1701181682784 4062.0 0
1701181727412 4062.0 0
1701181772124 4062.0 0
1701181816676 4062.0 0
1701181861387 4062.0 0
1701181906031 4062.0 0
1701181950730 4062.0 0
1701181995318 4062.0 0
1701182040008 4062.0 0
1701182084831 4062.0 0
1701182129477 4062.0 0
1701182174305 4062.0 0
1701182218940 4062.0 0
1701182263704 4062.0 0
1701182309421 4062.0 0
1701182358231 4062.0 0
1701182406664 4062.0 0
1701182454243 4062.0 0
1701182498836 4062.0 0
1701182543543 4062.0 0
1701182587976 4062.0 0
1701182632551 4061.0 0
1701182677106 4061.0 0
1701182721607 4061.0 0
1701182766305 4062.0 0
1701182810973 4062.0 0
1701182855505 4062.0 0
1701182900621 4062.0 0
1701182945741 4062.0 0
1701182991227 4062.0 0
1701183036393 4062.0 0
1701183081705 4062.0 0
1701183126666 4062.0 0
1701183171389 4062.0 0
1701183216124 4062.0 0
1701183260905 4062.0 0
1701183305461 4062.0 0
1701183350119 4062.0 0
1701183394719 4062.0 0
1701183439631 4062.0 0
1701183490739 4062.0 0
1701183543631 4062.0 0
1701183622895 4062.0 0
1701183716707 4062.0 0
1701183810861 4062.0 0
1701183906013 4062.0 0
1701184004059 4062.0 0
1701184103463 4062.0 0
1701184203398 4062.0 0
1701184301952 4062.0 0
1701184400504 4062.0 0
1701184499365 4062.0 0
1701184595753 4062.0 0
1701184694372 4062.0 0
1701184792702 4062.0 0
1701184891056 4062.0 0
1701184988538 4062.0 0
1701185087380 4062.0 0
1701185185994 4062.0 0
1701185284044 4062.0 0
1701185383179 4062.0 0
1701185481287 4062.0 0
1701185579880 4062.0 0
1701185678560 4062.0 0
1701185777009 4062.0 0
1701185876282 4062.0 0
1701185975247 4062.0 0
1701186074558 4062.0 0
1701186175941 4062.0 0
1701186275891 4061.0 0
1701186374176 4061.0 0
1701186473285 4061.0 0
1701186572262 4061.0 0
1701186670840 4061.0 0
1701186768443 4061.0 0
1701186866995 4062.0 0
1701186965911 4062.0 0
1701187066048 4062.0 0
1701187165515 4062.0 0
1701187265025 4062.0 0
1701187364524 4062.0 0
1701187463985 4062.0 0
1701187562973 4062.0 0
1701187662184 4062.0 0
1701187761293 4062.0 0
1701187860520 4062.0 0
1701187960130 4062.0 0
1701188061484 4062.0 0
1701188162808 4062.0 0
1701188262565 4062.0 0
1701188362052 4062.0 0
1701188461470 4062.0 0
1701188561444 4062.0 0
1701188662028 4062.0 0
1701188760746 4061.0 0
1701188860023 4061.0 0
1701188958818 4062.0 0
1701189058154 4062.0 0
1701189157475 4062.0 0
1701189256996 4061.0 0
1701189355782 4061.0 0
1701189455553 4061.0 0
1701189554690 4061.0 0
1701189656523 4062.0 0
1701189756295 4062.0 0
1701189854814 4062.0 0
1701189954374 4062.0 0
1701190026099 4062.0 0
1701190070554 4062.0 0
1701190115141 4062.0 0
1701190159847 4062.0 0
1701190204885 4062.0 0
1701190250132 4062.0 0
1701190295352 4062.0 0
1701190340287 4062.0 0
1701190385168 4062.0 0
1701190429730 4062.0 0
1701190474770 4062.0 0
1701190519601 4062.0 0
1701190564296 4062.0 0
1701190609824 4062.0 0
1701190654832 4062.0 0
1701190699491 4062.0 0
1701190744181 4062.0 0
1701190788730 4062.0 0
1701190833474 4062.0 0
1701190878106 4062.0 0
1701190922606 4062.0 0
1701190967521 4062.0 0
1701191012688 4062.0 0
1701191057605 4062.0 0
1701191103012 4061.0 0
1701191151584 4061.0 0
1701191425416 4061.0 0
1701191469855 4061.0 0
1701191515013 4061.0 0
1701191560135 4061.0 0
1701191605095 4062.0 0
1701191649815 4062.0 0
1701191694455 4062.0 0
1701191739105 4062.0 0
1701191783601 4062.0 0
1701191828318 4061.0 0
1701191872917 4061.0 0
1701191917536 4061.0 0
1701191962199 4061.0 0
1701192006778 4061.0 0
1701192051489 4061.0 0
1701192096165 4061.0 0
1701192140875 4062.0 0
1701192186174 4062.0 0
1701192230970 4062.0 0
1701192275533 4062.0 0
1701192320621 4062.0 0
1701192365649 4062.0 0
1701192410673 4062.0 0
1701192455580 4062.0 0
1701192500579 4062.0 0
1701192545624 4062.0 0
1701192590611 4062.0 0
1701192635465 4062.0 0
1701192680217 4062.0 0
1701192724864 4062.0 0
1701192769599 4062.0 0
1701192814351 4062.0 0
1701192859254 4062.0 0
1701192904157 4062.0 0
1701192950477 4062.0 0
1701192999606 4062.0 0
1701193048674 4062.0 0
1701193095490 4062.0 0
1701193140559 4061.0 0
1701193186186 4061.0 0
1701193231253 4061.0 0
1701193276213 4061.0 0
1701193321213 4062.0 0
1701193366111 4062.0 0
1701193410903 4062.0 0
1701193456421 4062.0 0
1701193501354 4062.0 0
1701193546316 4062.0 0
1701193591432 4062.0 0
1701193637493 4062.0 0
1701193682612 4062.0 0
1701193727651 4061.0 0
1701193772881 4061.0 0
1701193817916 4062.0 0
1701193863051 4062.0 0
1701193907998 4062.0 0
1701193952929 4061.0 0
1701193997866 4061.0 0
1701194042785 4061.0 0
1701194087830 4062.0 0
1701194132812 4062.0 0
1701194178922 4062.0 0
1701194224772 4062.0 0
1701194269970 4062.0 0
1701194315000 4062.0 0
1701194359777 4062.0 0
1701194404839 4062.0 0
1701194453020 4062.0 0
1701194501842 4062.0 0
1701194550834 4062.0 0
1701194596904 4062.0 0
1701194641944 4062.0 0
1701194686834 4062.0 0
1701194731975 4062.0 0
1701194777160 4062.0 0
