1701145892324 0.0 0
1701145933130 0.001226015854626894 0
1701145977883 0.0017500695772469043 0
1701146022883 -0.0003827761858701706 0
1701146067573 -0.0038543744012713432 0
1701146112278 -0.005490099638700485 0
1701146157378 -0.0019431151449680328 0
1701146205213 0.00789647800847888 0
1701146254156 0.023158618528395892 0
1701146301600 0.044845137000083926 0
1701146346140 0.07280501127243041 0
1701146390575 0.10582815408706665 0
1701146435383 0.14523355960845946 0
1701146479974 0.19151289463043214 0
1701146524688 0.24460206031799317 0
1701146569358 0.3044844627380371 0
1701146614048 0.3712948799133301 0
1701146659133 0.4446993827819824 0
1701146704274 0.5235950469970703 0
1701146748896 0.6086221694946289 0
1701146793558 0.6996917724609375 0
1701146838234 0.7958553314208985 0
1701146883087 0.8949691772460937 0
1701146927860 1.001852798461914 0
1701146972644 1.1192398071289062 0
1701147017230 1.2337760925292969 0
1701147061902 1.3622665405273438 0
1701147106370 1.4985221862792968 0
1701147150982 1.6422935485839845 0
1701147195617 1.7915695190429688 0
1701147240406 1.9440292358398437 0
1701147285050 2.0931121826171877 0
1701147329834 2.2447891235351562 0
1701147374318 2.4055877685546876 0
1701147419019 2.566578674316406 0
1701147463650 2.7308319091796873 0
1701147508327 2.90491943359375 0
1701147552986 3.0638641357421874 0
1701147597655 3.248211669921875 0
1701147642328 3.427557373046875 0
1701147687024 3.64052734375 0
1701147731781 3.86409912109375 0
1701147776474 4.0419921875 0
1701147821251 4.21783447265625 0
1701147866019 4.423406982421875 0
1701147910690 4.623773193359375 0
1701147955365 4.816009521484375 0
1701148000233 5.019989013671875 0
1701148044868 5.23179931640625 0
1701148089662 5.432781982421875 0
1701148134383 5.625750732421875 0
1701148179237 5.840728759765625 0
1701148224114 6.047381591796875 0
1701148268983 6.2971435546875 0
1701148313687 6.565478515625 0
1701148358346 6.83017578125 0
1701148405324 7.08450927734375 0
1701148453755 7.31817626953125 0
1701148502154 7.55853271484375 0
1701148548086 7.878173828125 0
1701148592979 8.1998779296875 0
1701148637761 8.48388671875 0
1701148682478 8.80499267578125 0
1701148727279 9.16201171875 0
1701148772017 9.46995849609375 0
1701148816866 9.724169921875 0
1701148861538 9.960986328125 0
1701148906893 10.2782470703125 0
1701148951830 10.619287109375 0
1701148996581 10.9654541015625 0
1701149041132 11.289404296875 0
1701149085909 11.6163330078125 0
1701149131041 11.965673828125 0
1701149175910 12.314306640625 0
1701149220761 12.6907958984375 0
1701149265522 13.0748779296875 0
1701149310598 13.416845703125 0
1701149355448 13.78896484375 0
1701149400315 14.168701171875 0
1701149445378 14.56689453125 0
1701149490105 14.964111328125 0
1701149534901 15.353173828125 0
1701149581707 15.75400390625 0
1701149628797 16.15263671875 0
1701149678108 16.56650390625 0
1701149724583 16.962939453125 0
1701149769687 17.319482421875 0
1701149814456 17.761962890625 0
1701149859257 18.15849609375 0
1701149904322 18.492626953125 0
1701149949251 18.806640625 0
1701149993810 19.2064453125 0
1701150038442 19.65283203125 0
1701150083092 20.1232421875 0
1701150127742 20.54619140625 0
1701150172491 20.87998046875 0
1701150217283 21.240478515625 0
1701150262126 21.678759765625 0
1701150306924 22.099072265625 0
1701150351614 22.430078125 0
1701150396301 22.5845703125 0
1701150441030 22.687744140625 0
1701150491530 22.70478515625 0
1701150542673 22.5806640625 0
1701150608887 22.45732421875 0
1701150700515 22.41630859375 0
1701150791401 22.39013671875 0
1701150884537 22.367578125 0
1701150976089 22.18564453125 0
1701151068652 21.971484375 0
1701151160164 21.86220703125 0
1701151251170 21.78359375 0
1701151341956 21.71015625 0
1701151432258 21.58486328125 0
1701151522749 21.3580078125 0
1701151614801 21.1462890625 0
1701151706887 20.87646484375 0
1701151799166 20.56240234375 0
1701151890259 20.20107421875 0
1701151981562 19.8017578125 0
1701152072608 19.42490234375 0
1701152162053 19.19091796875 0
1701152252392 19.01025390625 0
1701152341891 18.78779296875 0
1701152432281 18.49130859375 0
1701152522943 18.160546875 0
1701152612246 17.8162109375 0
1701152701770 17.54033203125 0
1701152791889 17.3333984375 0
1701152880692 17.115625 0
1701152969602 16.8564453125 0
1701153058389 16.66064453125 0
1701153147097 16.43837890625 0
1701153234476 16.212109375 0
1701153322805 16.06484375 0
1701153411818 15.94853515625 0
1701153500752 15.88447265625 0
1701153591806 15.83935546875 0
1701153680738 15.75302734375 0
1701153768625 15.60537109375 0
1701153856112 15.50458984375 0
1701153944066 15.387109375 0
1701154030747 15.26943359375 0
1701154118080 15.176171875 0
1701154205877 15.05849609375 0
1701154292564 14.9662109375 0
1701154379161 14.96083984375 0
1701154466435 14.937109375 0
1701154553958 14.8666015625 0
1701154640357 14.787890625 0
1701154716426 14.6978515625 0
1701154761195 14.6666015625 0
1701154805780 14.6796875 0
1701154850482 14.670703125 0
1701154895208 14.652734375 0
1701154939926 14.6896484375 0
1701154984482 14.762109375 0
1701155029539 14.8056640625 0
1701155074430 14.8318359375 0
1701155119234 14.837890625 0
1701155163799 14.896484375 0
1701155208519 14.9611328125 0
1701155253146 15.0328125 0
1701155297814 15.0939453125 0
1701155342627 15.1470703125 0
1701155386974 15.1341796875 0
1701155431587 15.1779296875 0
1701155476079 15.2548828125 0
1701155520754 15.2822265625 0
1701155566804 15.3466796875 0
1701155614619 15.43828125 0
1701155662728 15.4888671875 0
1701155709682 15.5259765625 0
1701155754382 15.637109375 0
1701155799122 15.7728515625 0
1701155843880 15.915625 0
1701155888627 16.0568359375 0
1701155933090 16.163671875 0
1701155977759 16.2056640625 0
1701156022472 16.21953125 0
1701156067261 16.19921875 0
1701156112457 16.1228515625 0
1701156157310 16.14921875 0
1701156201731 16.2224609375 0
1701156246382 16.319140625 0
1701156291306 16.3880859375 0
1701156335928 16.4814453125 0
1701156380736 16.5326171875 0
1701156425530 16.5876953125 0
1701156470210 16.6837890625 0
1701156514883 16.8078125 0
1701156559715 16.969140625 0
1701156604586 17.054296875 0
1701156649348 17.095703125 0
1701156694102 17.26796875 0
1701156738817 17.4640625 0
1701156783626 17.6908203125 0
1701156828278 17.921484375 0
1701156872944 18.12421875 0
1701156917629 18.2958984375 0
1701156962340 18.3916015625 0
1701157007603 18.47109375 0
1701157052752 18.601953125 0
1701157098076 18.75859375 0
1701157143075 18.9041015625 0
1701157187676 19.021875 0
1701157234030 19.134765625 0
1701157282169 19.2517578125 0
1701157331049 19.31875 0
1701157377958 19.2515625 0
1701157423122 19.291015625 0
1701157468023 19.450390625 0
1701157512980 19.4912109375 0
1701157557944 19.569140625 0
1701157602497 19.6775390625 0
1701157647186 19.8375 0
1701157691748 20.0658203125 0
1701157736281 20.251171875 0
1701157780826 20.4255859375 0
1701157825515 20.53984375 0
1701157870445 20.6482421875 0
1701157915540 20.8001953125 0
1701157960355 20.878125 0
1701158005034 20.987109375 0
1701158049885 21.087109375 0
1701158094498 21.280078125 0
1701158139214 21.44375 0
1701158184465 21.6646484375 0
1701158230170 21.9599609375 0
1701158275471 22.2494140625 0
1701158320599 22.436328125 0
1701158365600 22.4482421875 0
1701158410217 22.5119140625 0
1701158454975 22.6583984375 0
1701158499546 22.8341796875 0
1701158544246 23.0146484375 0
1701158588988 23.2021484375 0
1701158633881 23.4671875 0
1701158678897 23.713671875 0
1701158724020 23.91484375 0
1701158769659 24.037109375 0
1701158814702 24.14453125 0
1701158859725 24.335546875 0
1701158907507 24.64296875 0
1701158955627 24.933984375 0
1701159003149 25.163671875 0
1701159048284 25.45390625 0
1701159093337 25.695703125 0
1701159137962 26.016796875 0
1701159182654 26.308984375 0
1701159227278 26.6171875 0
1701159272014 26.945703125 0
1701159316714 27.286328125 0
1701159361439 27.5640625 0
1701159405990 27.74140625 0
1701159450766 28.025 0
1701159495426 28.365625 0
1701159540058 28.7265625 0
1701159585109 28.99375 0
1701159630250 29.238671875 0
1701159674923 29.212109375 0
1701159719588 28.946484375 0
1701159802700 28.574609375 0
1701159847729 27.87578125 0
1701159892494 27.38828125 0
1701159937313 26.87265625 0
1701159981998 26.405859375 0
1701160026894 25.92578125 0
1701160071758 25.434765625 0
1701160116625 24.9625 0
1701160161545 24.498828125 0
1701160206528 24.13359375 0
1701160251513 23.706640625 0
1701160296397 23.14609375 0
1701160341120 22.630859375 0
1701160386034 22.2578125 0
1701160431078 21.974609375 0
1701160475931 21.7046875 0
1701160520794 21.42890625 0
1701160565782 21.12734375 0
1701160610645 20.819921875 0
1701160655534 20.5484375 0
1701160700229 20.282421875 0
1701160745233 19.992578125 0
1701160790117 19.642578125 0
1701160835774 19.252734375 0
1701160880751 18.95390625 0
1701160925421 18.6890625 0
1701160972812 18.400390625 0
1701161026399 18.048046875 0
1701161088215 17.695703125 0
1701161181324 17.312109375 0
1701161273310 16.896875 0
1701161367261 16.52734375 0
1701161461221 16.066015625 0
1701161554100 15.58359375 0
1701161646707 15.222265625 0
1701161739898 14.8546875 0
1701161832954 14.391796875 0
1701161924684 13.917578125 0
1701162018043 13.55 0
1701162110828 13.108203125 0
1701162202894 12.694921875 0
1701162295446 12.246875 0
1701162392311 11.855078125 0
1701162486712 11.481640625 0
1701162579536 11.125 0
1701162672942 10.779296875 0
1701162765267 10.452734375 0
1701162857921 10.046484375 0
1701162950897 9.648046875 0
1701163044213 9.28671875 0
1701163137058 8.990234375 0
1701163228790 8.711328125 0
1701163320760 8.416015625 0
1701163412432 8.1234375 0
1701163503255 7.7859375 0
1701163591582 7.485546875 0
1701163680279 7.228515625 0
1701163769740 6.96796875 0
1701163859257 6.676953125 0
1701163948609 6.33125 0
1701164038169 6.006640625 0
1701164128275 5.73984375 0
1701164223335 5.46640625 0
1701164315221 5.22578125 0
1701164404223 5.003515625 0
1701164492917 4.7796875 0
1701164581583 4.548828125 0
1701164669774 4.276953125 0
1701164759232 4.02265625 0
1701164847466 3.793359375 0
1701164935388 3.5 0
1701165023756 3.25078125 0
1701165110739 3.022265625 0
1701165198600 2.74140625 0
1701165267706 2.3921875 0
1701165312953 2.00546875 0
1701165357826 1.668359375 0
1701165403086 1.39296875 0
1701165448192 1.09296875 0
1701165493202 0.865625 0
1701165538460 0.662109375 0
1701165583446 0.45390625 0
1701165628447 0.20859375 0
1701165673606 -0.04453125 0
1701165718481 -0.2796875 0
1701165763678 -0.526171875 0
1701165812391 -0.803125 0
1701165861719 -1.06015625 0
1701165909286 -1.31875 0
1701165954477 -1.57734375 0
1701165999726 -1.853515625 0
1701166045608 -2.112890625 0
1701166090828 -2.437890625 0
1701166135728 -2.71328125 0
1701166180736 -2.982421875 0
1701166226057 -3.3359375 0
1701166271416 -3.6078125 0
1701166316626 -3.823046875 0
1701166361678 -4.074609375 0
1701166406630 -4.3125 0
1701166451682 -4.532421875 0
1701166496682 -4.741796875 0
1701166541755 -4.946484375 0
1701166586845 -5.148828125 0
1701166632072 -5.378515625 0
1701166677338 -5.655078125 0
1701166722389 -5.9078125 0
1701166767482 -6.123046875 0
1701166812620 -6.361328125 0
1701166857710 -6.648046875 0
1701166903459 -6.875390625 0
1701166949381 -7.04375 0
1701166994233 -7.202734375 0
1701167039402 -7.365234375 0
1701167084518 -7.535546875 0
1701167130090 -7.701171875 0
1701167175942 -7.8625 0
1701167222125 -8.015625 0
1701167271997 -8.15859375 0
1701167323334 -8.303515625 0
1701167368443 -8.450390625 0
1701167414035 -8.590625 0
1701167458687 -8.724609375 0
1701167504003 -8.8578125 0
1701167549077 -8.990234375 0
1701167594107 -9.12421875 0
1701167639183 -9.265625 0
1701167684221 -9.45078125 0
1701167729390 -9.6984375 0
1701167774514 -9.896484375 0
1701167819597 -10.037890625 0
1701167865731 -10.165625 0
1701167910465 -10.29765625 0
1701167956579 -10.458203125 0
1701168006510 -10.59375 0
1701168052040 -10.69921875 0
1701168096910 -10.7984375 0
1701168141682 -10.891796875 0
1701168189284 -10.987109375 0
1701168237878 -11.08203125 0
1701168286330 -11.178125 0
1701168331878 -11.272265625 0
1701168376622 -11.3671875 0
1701168421439 -11.459765625 0
1701168466086 -11.55 0
1701168510710 -11.634765625 0
1701168555359 -11.716796875 0
1701168600166 -11.8015625 0
1701168645038 -11.878125 0
1701168689978 -11.949609375 0
1701168734618 -12.018359375 0
1701168779270 -12.09296875 0
1701168824034 -12.171484375 0
1701168869025 -12.242578125 0
1701168913798 -12.315625 0
1701168958398 -12.40078125 0
1701169003018 -12.484375 0
1701169047677 -12.5703125 0
1701169092158 -12.64296875 0
1701169136874 -12.70546875 0
1701169181801 -12.771484375 0
1701169226650 -12.8375 0
1701169271251 -12.90703125 0
1701169316426 -12.98046875 0
1701169361336 -13.065234375 0
1701169406267 -13.151171875 0
1701169451449 -13.2375 0
1701169496297 -13.319140625 0
1701169541246 -13.391015625 0
1701169586386 -13.441015625 0
1701169631304 -13.485546875 0
1701169676362 -13.5265625 0
1701169721660 -13.569921875 0
1701169769684 -13.618359375 0
1701169818420 -13.66953125 0
1701169866909 -13.721875 0
1701169912230 -13.76015625 0
1701169956733 -13.783203125 0
1701170001178 -13.807421875 0
1701170045751 -13.83671875 0
1701170090567 -13.8625 0
1701170135333 -13.890625 0
1701170180098 -13.918359375 0
1701170225185 -13.9421875 0
1701170270162 -13.9671875 0
1701170315596 -13.99765625 0
1701170360848 -14.0296875 0
1701170405870 -14.051171875 0
1701170451444 -14.06171875 0
1701170497430 -14.06640625 0
1701170542316 -14.06640625 0
1701170586947 -14.0703125 0
1701170631709 -14.04921875 0
1701170676776 -14.062109375 0
1701170721684 -14.120703125 0
1701170766349 -14.160546875 0
1701170811379 -14.1734375 0
1701170856325 -14.171484375 0
1701170901127 -14.1640625 0
1701170946181 -14.162109375 0
1701170991924 -14.1546875 0
1701171036844 -14.142578125 0
1701171081513 -14.133203125 0
1701171126125 -14.123046875 0
1701171170825 -14.10703125 0
1701171215522 -14.088671875 0
1701171260188 -14.073828125 0
1701171305078 -14.057421875 0
1701171349617 -14.045703125 0
1701171394288 -14.05 0
1701171438934 -14.037109375 0
1701171483630 -14.013671875 0
1701171528209 -13.975 0
1701171572970 -13.853125 0
1701171617662 -13.663671875 0
1701171662276 -13.42421875 0
1701171706966 -13.1546875 0
1701171754283 -12.85625 0
1701171802327 -12.542578125 0
1701171851174 -12.162109375 0
1701171896685 -11.7390625 0
1701171941275 -11.33671875 0
1701171985953 -10.935546875 0
1701172030666 -10.507421875 0
1701172075469 -10.041015625 0
1701172120508 -9.446484375 0
1701172165302 -8.943359375 0
1701172210285 -8.740625 0
1701172255214 -8.458203125 0
1701172299793 -8.2734375 0
1701172344418 -7.994921875 0
1701172389062 -7.81953125 0
1701172433838 -7.599609375 0
1701172478416 -7.3890625 0
1701172523070 -7.2203125 0
1701172567973 -6.983984375 0
1701172612685 -6.8390625 0
1701172657341 -6.610546875 0
1701172702062 -6.46640625 0
1701172746794 -6.27734375 0
1701172791642 -6.098828125 0
1701172836249 -5.971875 0
1701172880818 -5.77890625 0
1701172925613 -5.627734375 0
1701172970650 -5.50703125 0
1701173015137 -5.337890625 0
1701173062455 -5.2078125 0
1701173111054 -5.059765625 0
1701173159345 -4.9203125 0
1701173204665 -4.96328125 0
1701173249282 -4.75859375 0
1701173293938 -4.527734375 0
1701173338703 -4.39375 0
1701173383657 -4.28359375 0
1701173428418 -4.196875 0
1701173473194 -4.0484375 0
1701173517849 -3.953515625 0
1701173562631 -3.865625 0
1701173607664 -3.740625 0
1701173652360 -3.648828125 0
1701173697329 -3.557421875 0
1701173790800 -3.4306640625 0
1701173835599 -3.3365234375 0
1701173880310 -3.25625 0
1701173927409 -3.15390625 0
1701173972172 -3.0806640625 0
1701174016914 -2.99609375 0
1701174061656 -2.9005859375 0
1701174106286 -2.851953125 0
1701174151210 -2.747265625 0
1701174196121 -2.6697265625 0
1701174241050 -2.60078125 0
1701174285714 -2.5408203125 0
1701174330394 -2.4509765625 0
1701174375261 -2.3787109375 0
1701174419958 -2.3193359375 0
1701174464523 -2.2384765625 0
1701174509094 -2.1865234375 0
1701174553873 -2.1103515625 0
1701174598419 -2.0447265625 0
1701174643028 -2.01640625 0
1701174688058 -1.9408203125 0
1701174732802 -1.8794921875 0
1701174777910 -1.8193359375 0
1701174826533 -1.7703125 0
1701174875283 -1.735546875 0
1701174922447 -1.658203125 0
1701174968207 -1.6103515625 0
1701175013178 -1.567578125 0
1701175057810 -1.5271484375 0
1701175102493 -1.47578125 0
1701175147322 -1.4322265625 0
1701175192709 -1.3814453125 0
1701175238044 -1.3345703125 0
1701175282989 -1.29453125 0
1701175327691 -1.2703125 0
1701175372430 -1.216796875 0
1701175417569 -1.189453125 0
1701175462813 -1.139453125 0
1701175507784 -1.101953125 0
1701175552343 -1.0669921875 0
1701175597067 -1.03828125 0
1701175642336 -1.01796875 0
1701175687943 -0.9720703125 0
1701175733210 -0.9482421875 0
1701175778062 -0.9078125 0
1701175822694 -0.87421875 0
1701175867351 -0.8509765625 0
1701175912178 -0.83125 0
1701175956981 -0.791015625 0
1701176001607 -0.775390625 0
1701176046772 -0.7357421875 0
1701176092022 -0.7171875 0
1701176136813 -0.695703125 0
1701176181422 -0.6677734375 0
1701176226235 -0.66171875 0
1701176271184 -0.6873046875 0
1701176315802 -0.6189453125 0
1701176360502 -0.6615234375 0
1701176405170 -0.5603515625 0
1701176449919 -0.5494140625 0
1701176494590 -0.5109375 0
1701176539214 -0.4947265625 0
1701176583742 -0.4830078125 0
1701176628446 -0.4607421875 0
1701176673039 -0.4431640625 0
1701176717614 -0.4328125 0
1701176762156 -0.4109375 0
1701176806787 -0.4056640625 0
1701176852057 -0.38359375 0
1701176897103 -0.371484375 0
1701176942622 -0.35078125 0
1701176987631 -0.3419921875 0
1701177035416 -0.3345703125 0
1701177083861 -0.3203125 0
1701177132381 -0.3109375 0
1701177177254 -0.29296875 0
1701177221800 -0.278515625 0
1701177266466 -0.268359375 0
1701177311150 -0.258984375 0
1701177356223 -0.254296875 0
1701177403760 -0.243359375 0
1701177457457 -0.2314453125 0
1701177521891 -0.2265625 0
1701177614380 -0.2154296875 0
1701177706084 -0.2041015625 0
1701177798443 -0.1974609375 0
1701177892526 -0.1908203125 0
1701177985412 -0.1865234375 0
1701178079088 -0.170703125 0
1701178172021 -0.172265625 0
1701178265008 -0.15390625 0
1701178361002 -0.157421875 0
1701178455485 -0.1470703125 0
1701178548331 -0.1431640625 0
1701178641599 -0.136328125 0
1701178734388 -0.126171875 0
1701178826787 -0.1287109375 0
1701178919585 -0.11328125 0
1701179012208 -0.1142578125 0
1701179104229 -0.1072265625 0
1701179197732 -0.103125 0
1701179290406 -0.09921875 0
1701179382608 -0.0931640625 0
1701179476320 -0.087890625 0
1701179569490 -0.090234375 0
1701179661130 -0.0765625 0
1701179752809 -0.0796875 0
1701179843637 -0.0748046875 0
1701179933743 -0.0685546875 0
1701180022763 -0.06484375 0
1701180113134 -0.066796875 0
1701180203077 -0.0625 0
1701180292517 -0.0626953125 0
1701180381298 -0.053125 0
1701180471884 -0.0572265625 0
1701180560054 -0.0533203125 0
1701180648988 -0.05390625 0
1701180738529 -0.044921875 0
1701180828241 -0.0416015625 0
1701180920151 -0.04375 0
1701181011571 -0.0408203125 0
1701181100874 -0.0375 0
1701181189196 -0.0359375 0
1701181278689 -0.0376953125 0
1701181366495 -0.0330078125 0
1701181455088 -0.032421875 0
1701181543199 -0.0271484375 0
1701181630861 -0.0337890625 0
1701181680414 -0.0298828125 0
1701181725066 -0.0267578125 0
1701181769722 -0.0263671875 0
1701181814348 -0.0216796875 0
1701181859020 -0.0203125 0
1701181903651 -0.0201171875 0
1701181948378 -0.0185546875 0
1701181992930 -0.0171875 0
1701182037600 -0.021875 0
1701182082445 -0.01484375 0
1701182127128 -0.0138671875 0
1701182171856 -0.0189453125 0
1701182216505 -0.0177734375 0
1701182261209 -0.009375 0
1701182306971 -0.0140625 0
1701182355742 -0.0138671875 0
1701182403735 -0.0078125 0
1701182451839 -0.0107421875 0
1701182496463 -0.0130859375 0
1701182541150 -0.00546875 0
1701182585606 -0.0068359375 0
1701182630150 -0.005078125 0
1701182674714 -0.0076171875 0
1701182719226 -0.052734375 0
1701182763917 -0.0173828125 0
1701182808598 -0.03125 0
1701182853162 -0.0212890625 0
1701182898265 -0.01328125 0
1701182943391 -0.0240234375 0
1701182988866 -0.025 0
1701183034003 -0.00703125 0
1701183079339 -0.022265625 0
1701183124294 0.0041015625 0
1701183168982 0.00390625 0
1701183213798 0.0033203125 0
1701183258550 0.0068359375 0
1701183303110 0.0015625 0
1701183347772 0.008203125 0
1701183392354 0.0001953125 0
1701183437260 0.0021484375 0
1701183487842 0.0072265625 0
1701183540779 0.0037109375 0
1701183620020 0.005859375 0
1701183713842 0.0 0
1701183807984 -0.006640625 0
1701183902995 -0.0298828125 0
1701184000242 -0.0134765625 0
1701184100240 0.0037109375 0
1701184199769 -0.003515625 0
1701184298508 0.0078125 0
1701184397209 0.0060546875 0
1701184495990 -0.00078125 0
1701184592401 -0.0291015625 0
1701184690891 -0.0140625 0
1701184789354 -0.0328125 0
1701184887771 0.0080078125 0
1701184984830 0.004296875 0
1701185084055 0.0015625 0
1701185182449 0.008984375 0
1701185281025 0.0015625 0
1701185379767 -0.0357421875 0
1701185477833 -0.0064453125 0
1701185576504 -0.01953125 0
1701185675132 0.0083984375 0
1701185773724 0.0013671875 0
1701185872836 -0.030859375 0
1701185971684 -0.01015625 0
1701186070975 0.0015625 0
1701186171997 0.005078125 0
1701186272549 -0.0015625 0
1701186370854 0.0134765625 0
1701186469796 0.00859375 0
1701186568455 0.0091796875 0
1701186667425 0.0140625 0
1701186765235 0.0087890625 0
1701186863534 0.0060546875 0
1701186962472 -0.0060546875 0
1701187062767 -0.0205078125 0
1701187161835 -0.019921875 0
1701187261922 -0.003515625 0
1701187360961 -0.016796875 0
1701187460430 0.0064453125 0
1701187559409 0.015625 0
1701187658524 0.012890625 0
1701187757956 0.0111328125 0
1701187856974 0.013671875 0
1701187956699 0.011328125 0
1701188058093 0.00625 0
1701188159552 0.0115234375 0
1701188259122 0.0052734375 0
1701188358675 -0.0326171875 0
1701188457932 0.0095703125 0
1701188558119 0.0068359375 0
1701188658117 0.01015625 0
1701188757298 -0.0283203125 0
1701188856557 0.0005859375 0
1701188955482 0.0037109375 0
1701189054818 0.0087890625 0
1701189153991 0.0103515625 0
1701189253443 0.01171875 0
1701189352531 -0.019140625 0
1701189452074 0.0083984375 0
1701189551487 0.0044921875 0
1701189653183 0.006640625 0
1701189752955 -0.0267578125 0
1701189851191 -0.0037109375 0
1701189951065 -0.00234375 0
1701190023732 -0.01484375 0
1701190068158 -0.0044921875 0
1701190112773 -0.0013671875 0
1701190157422 -0.01953125 0
1701190202504 0.0109375 0
1701190247769 0.011328125 0
1701190292989 0.006640625 0
1701190337927 0.013671875 0
1701190382759 0.0083984375 0
1701190427345 0.011328125 0
1701190472390 -0.03359375 0
1701190517230 -0.0005859375 0
1701190561935 0.0005859375 0
1701190607434 0.0125 0
1701190652469 0.006640625 0
1701190697142 0.00859375 0
1701190741767 0.0099609375 0
1701190786394 0.00859375 0
1701190831066 0.00703125 0
1701190875718 0.0064453125 0
1701190920252 0.0044921875 0
1701190965102 0.0072265625 0
1701191010166 0.002734375 0
1701191055202 0.0029296875 0
1701191100501 -0.00546875 0
1701191148734 -0.0072265625 0
1701191423006 -0.025 0
1701191467441 -0.014453125 0
1701191512661 0.0025390625 0
1701191557697 0.0087890625 0
1701191602686 0.0048828125 0
1701191647382 0.011328125 0
1701191692078 0.0078125 0
1701191736695 0.0052734375 0
1701191781254 0.005859375 0
1701191825908 0.007421875 0
1701191870554 0.00546875 0
1701191915178 -0.001953125 0
1701191959798 0.0052734375 0
1701192004434 0.003125 0
1701192049138 -0.0013671875 0
1701192093811 -0.0009765625 0
1701192138475 -0.006640625 0
1701192183829 -0.0193359375 0
1701192228555 -0.012890625 0
1701192273190 0.009375 0
1701192318218 0.001171875 0
1701192363266 0.00625 0
1701192408278 0.0064453125 0
1701192453196 0.0046875 0
1701192498214 0.0037109375 0
1701192543238 0.00390625 0
1701192588170 0.0001953125 0
1701192633131 0.00625 0
1701192677821 -0.0005859375 0
1701192722481 0.0044921875 0
1701192767199 0.0009765625 0
1701192811992 0.0013671875 0
1701192856810 0.001171875 0
1701192901685 0.002734375 0
1701192947599 0.0013671875 0
1701192996728 -0.00234375 0
1701193045771 0.0060546875 0
1701193093093 0.003515625 0
1701193138125 -0.000390625 0
1701193183779 0.003125 0
1701193228882 0.0 0
1701193273782 -0.0015625 0
1701193318719 0.0037109375 0
1701193363687 0.0013671875 0
1701193408531 -0.0005859375 0
1701193453900 -0.00234375 0
1701193499013 0.0009765625 0
1701193543919 -0.000390625 0
1701193588957 -0.0005859375 0
1701193635107 0.00390625 0
1701193680152 -0.0005859375 0
1701193725249 0.0013671875 0
1701193770451 0.0005859375 0
1701193815478 -0.0001953125 0
1701193860594 -0.0001953125 0
1701193905615 -0.00859375 0
1701193950530 -0.0390625 0
1701193995446 -0.01640625 0
1701194040378 -0.0064453125 0
1701194085410 -0.0107421875 0
1701194130394 -0.019140625 0
1701194176482 -0.001953125 0
1701194222309 -0.0001953125 0
1701194267583 0.0111328125 0
1701194312559 0.012890625 0
1701194357398 0.0123046875 0
1701194402379 0.00625 0
1701194450206 0.008203125 0
1701194498886 0.0046875 0
1701194548273 0.001171875 0
1701194594513 -0.013671875 0
1701194639506 -0.0123046875 0
1701194684418 -0.0099609375 0
1701194729579 -0.0037109375 0
1701194774713 -0.0029296875 0
