1701145892326 0.09999923408031464 0
1701145933131 0.9699346423149109 0
1701145977885 1.8125253915786743 0
1701146022884 2.2421791553497314 0
1701146067575 1.992628812789917 0
1701146112280 1.0237562656402588 0
1701146157379 -0.35222214460372925 0
1701146205215 -1.9088317155838013 0
1701146254158 -3.5315258502960205 0
1701146301601 -5.187946796417236 0
1701146346142 -6.868937015533447 0
1701146390576 -8.560985565185547 0
1701146435385 -10.25607681274414 0
1701146479976 -11.956846237182617 0
1701146524689 -13.663764953613281 0
1701146569360 -15.375615119934082 0
1701146614050 -17.091320037841797 0
1701146659134 -18.809080123901367 0
1701146704275 -20.52634620666504 0
1701146748898 -22.240678787231445 0
1701146793560 -23.95151138305664 0
1701146838235 -25.65774154663086 0
1701146883088 -27.356943130493164 0
1701146927862 -29.048912048339844 0
1701146972645 -30.737844467163086 0
1701147017231 -32.42254638671875 0
1701147061904 -34.10219955444336 0
1701147106372 -35.78114700317383 0
1701147150983 -37.46036911010742 0
1701147195618 -39.13944625854492 0
1701147240408 -40.81707000732422 0
1701147285052 -42.4892578125 0
1701147329836 -44.15282440185547 0
1701147374319 -45.808528900146484 0
1701147419020 -47.456912994384766 0
1701147463651 -49.09693908691406 0
1701147508328 -50.73106384277344 0
1701147552988 -52.35537338256836 0
1701147597657 -53.97239303588867 0
1701147642330 -55.58351135253906 0
1701147687025 -57.19288635253906 0
1701147731783 -58.806297302246094 0
1701147776476 -60.41682052612305 0
1701147821252 -62.01668167114258 0
1701147866021 -63.608131408691406 0
1701147910692 -65.194091796875 0
1701147955366 -66.77191162109375 0
1701148000235 -68.34262084960938 0
1701148044869 -69.90753173828125 0
1701148089664 -71.4664306640625 0
1701148134385 -73.0167236328125 0
1701148179238 -74.5605239868164 0
1701148224116 -76.09736633300781 0
1701148268984 -77.63129425048828 0
1701148313689 -79.16682434082031 0
1701148358348 -80.70500946044922 0
1701148405325 -82.24409484863281 0
1701148453757 -83.78087615966797 0
1701148502155 -85.31279754638672 0
1701148548088 -86.84553527832031 0
1701148592980 -88.38394165039062 0
1701148637762 -89.92496490478516 0
1701148682479 -91.4677734375 0
1701148727281 -93.01583862304688 0
1701148772019 -94.56690979003906 0
1701148816868 -96.11518096923828 0
1701148861539 -97.65483093261719 0
1701148906895 -99.18861389160156 0
1701148951831 -100.72168731689453 0
1701148996582 -102.25527954101562 0
1701149041133 -103.78900909423828 0
1701149085911 -105.32102966308594 0
1701149131043 -106.85204315185547 0
1701149175912 -108.38235473632812 0
1701149220764 -109.91256713867188 0
1701149265523 -111.4442367553711 0
1701149310600 -112.97474670410156 0
1701149355449 -114.50406646728516 0
1701149400316 -116.03211975097656 0
1701149445379 -117.55973052978516 0
1701149490107 -119.08765411376953 0
1701149534902 -120.61434173583984 0
1701149581709 -122.14027404785156 0
1701149628799 -123.6647720336914 0
1701149678110 -125.18818664550781 0
1701149724584 -126.71024322509766 0
1701149769688 -128.22825622558594 0
1701149814457 -129.7438507080078 0
1701149859258 -131.25782775878906 0
1701149904324 -132.76727294921875 0
1701149949253 -134.26898193359375 0
1701149993811 -135.76502990722656 0
1701150038443 -137.25845336914062 0
1701150083093 -138.75161743164062 0
1701150127743 -140.24423217773438 0
1701150172492 -141.73294067382812 0
1701150217284 -143.21511840820312 0
1701150262127 -144.69378662109375 0
1701150306925 -146.169677734375 0
1701150351616 -147.6413116455078 0
1701150396303 -149.10255432128906 0
1701150441032 -150.5482635498047 0
1701150491531 -151.9754180908203 0
1701150542675 -153.3791046142578 0
1701150608888 -154.75692749023438 0
1701150700516 -156.1111602783203 0
1701150791403 -157.4445343017578 0
1701150884539 -158.75921630859375 0
1701150976090 -160.05348205566406 0
1701151068654 -161.32366943359375 0
1701151160166 -162.57215881347656 0
1701151251171 -163.80198669433594 0
1701151341958 -165.0152587890625 0
1701151432259 -166.21217346191406 0
1701151522752 -167.39048767089844 0
1701151614803 -168.549072265625 0
1701151706888 -169.6871795654297 0
1701151799169 -170.80368041992188 0
1701151890261 -171.89698791503906 0
1701151981564 -172.9658660888672 0
1701152072617 -174.01019287109375 0
1701152162056 -175.033447265625 0
1701152252395 -176.04019165039062 0
1701152341894 -177.0320587158203 0
1701152432283 -178.0076141357422 0
1701152522946 -178.96495056152344 0
1701152612248 -179.903564453125 0
1701152701771 -180.82394409179688 0
1701152791891 -181.72940063476562 0
1701152880694 -182.62158203125 0
1701152969604 -183.50001525878906 0
1701153058392 -184.3656005859375 0
1701153147098 -185.2191619873047 0
1701153234478 -186.06036376953125 0
1701153322808 -186.89080810546875 0
1701153411821 -187.71279907226562 0
1701153500754 -188.52842712402344 0
1701153591807 -189.3395538330078 0
1701153680739 -190.14637756347656 0
1701153768628 -190.9469451904297 0
1701153856115 -191.74105834960938 0
1701153944069 -192.5290985107422 0
1701154030748 -193.31068420410156 0
1701154118082 -194.0865936279297 0
1701154205880 -194.85670471191406 0
1701154292567 -195.62112426757812 0
1701154379164 -196.38214111328125 0
1701154466436 -197.14134216308594 0
1701154553960 -197.8978271484375 0
1701154640360 -198.65081787109375 0
1701154716427 -199.39955139160156 0
1701154761197 -200.14480590820312 0
1701154805782 -200.8887176513672 0
1701154850484 -201.6320037841797 0
1701154895210 -202.37423706054688 0
1701154939927 -203.11636352539062 0
1701154984484 -203.8601531982422 0
1701155029541 -204.60604858398438 0
1701155074432 -205.3533935546875 0
1701155119235 -206.10121154785156 0
1701155163800 -206.85028076171875 0
1701155208520 -207.60134887695312 0
1701155253148 -208.35508728027344 0
1701155297815 -209.11134338378906 0
1701155342629 -209.86997985839844 0
1701155386975 -210.62948608398438 0
1701155431589 -211.38931274414062 0
1701155476081 -212.15127563476562 0
1701155520755 -212.91494750976562 0
1701155566805 -213.68017578125 0
1701155614620 -214.4483642578125 0
1701155662729 -215.2191162109375 0
1701155709684 -215.9915008544922 0
1701155754384 -216.7665252685547 0
1701155799123 -217.5459747314453 0
1701155843882 -218.33071899414062 0
1701155888628 -219.12109375 0
1701155933092 -219.9166259765625 0
1701155977760 -220.7152099609375 0
1701156022474 -221.5150146484375 0
1701156067263 -222.31448364257812 0
1701156112459 -223.1114959716797 0
1701156157311 -223.9065704345703 0
1701156201733 -224.70228576660156 0
1701156246384 -225.50033569335938 0
1701156291307 -226.30104064941406 0
1701156335929 -227.10452270507812 0
1701156380738 -227.91046142578125 0
1701156425532 -228.71815490722656 0
1701156470212 -229.52804565429688 0
1701156514884 -230.34153747558594 0
1701156559716 -231.16000366210938 0
1701156604587 -231.98316955566406 0
1701156649350 -232.80825805664062 0
1701156694103 -233.63711547851562 0
1701156738818 -234.47198486328125 0
1701156783627 -235.3144073486328 0
1701156828279 -236.16525268554688 0
1701156872945 -237.0243377685547 0
1701156917631 -237.89041137695312 0
1701156962341 -238.76158142089844 0
1701157007605 -239.6355438232422 0
1701157052753 -240.5125732421875 0
1701157098078 -241.39382934570312 0
1701157143076 -242.27960205078125 0
1701157187678 -243.1693115234375 0
1701157234031 -244.06239318847656 0
1701157282170 -244.9586639404297 0
1701157331050 -245.85731506347656 0
1701157377960 -246.75497436523438 0
1701157423124 -247.6503143310547 0
1701157468024 -248.54737854003906 0
1701157512982 -249.44625854492188 0
1701157557946 -250.3458709716797 0
1701157602499 -251.2472381591797 0
1701157647188 -252.1517333984375 0
1701157691750 -253.0618133544922 0
1701157736283 -253.97796630859375 0
1701157780828 -254.8996124267578 0
1701157825517 -255.82554626464844 0
1701157870446 -256.7540588378906 0
1701157915541 -257.6860046386719 0
1701157960357 -258.6201477050781 0
1701158005036 -259.5562744140625 0
1701158049887 -260.4939270019531 0
1701158094499 -261.4349365234375 0
1701158139215 -262.3803405761719 0
1701158184466 -263.3304138183594 0
1701158230171 -264.28778076171875 0
1701158275472 -265.25360107421875 0
1701158320600 -266.22662353515625 0
1701158365602 -267.20196533203125 0
1701158410219 -268.177001953125 0
1701158454977 -269.1530456542969 0
1701158499547 -270.1319580078125 0
1701158544248 -271.1144714355469 0
1701158588989 -272.1009216308594 0
1701158633883 -273.0926513671875 0
1701158678899 -274.09075927734375 0
1701158724022 -275.0943908691406 0
1701158769661 -276.1014709472656 0
1701158814703 -277.1103210449219 0
1701158859726 -278.12115478515625 0
1701158907509 -279.13726806640625 0
1701158955629 -280.1603088378906 0
1701159003150 -281.18951416015625 0
1701159048285 -282.22479248046875 0
1701159093339 -283.26605224609375 0
1701159137963 -284.31378173828125 0
1701159182656 -285.368408203125 0
1701159227280 -286.4297790527344 0
1701159272016 -287.4983215332031 0
1701159316716 -288.5743713378906 0
1701159361440 -289.657470703125 0
1701159405992 -290.744384765625 0
1701159450767 -291.8352355957031 0
1701159495428 -292.93170166015625 0
1701159540060 -294.03509521484375 0
1701159585110 -295.14453125 0
1701159630252 -296.25836181640625 0
1701159674924 -297.37237548828125 0
1701159719590 -298.47869873046875 0
1701159802702 -299.57232666015625 0
1701159847731 -300.6443786621094 0
1701159892496 -301.69403076171875 0
1701159937314 -302.7222595214844 0
1701159982000 -303.7300109863281 0
1701160026896 -304.71826171875 0
1701160071760 -305.6868896484375 0
1701160116626 -306.6366271972656 0
1701160161546 -307.5677795410156 0
1701160206530 -308.4823913574219 0
1701160251515 -309.3815612792969 0
1701160296399 -310.2625732421875 0
1701160341122 -311.12451171875 0
1701160386035 -311.969482421875 0
1701160431079 -312.8011169433594 0
1701160475933 -313.6214599609375 0
1701160520796 -314.4314270019531 0
1701160565784 -315.23095703125 0
1701160610647 -316.0195617675781 0
1701160655535 -316.7978210449219 0
1701160700231 -317.5662841796875 0
1701160745234 -318.324951171875 0
1701160790119 -319.0728759765625 0
1701160835776 -319.8082275390625 0
1701160880753 -320.5317077636719 0
1701160925423 -321.24505615234375 0
1701160972814 -321.94873046875 0
1701161026401 -322.64166259765625 0
1701161088217 -323.3229675292969 0
1701161181325 -323.9920349121094 0
1701161273311 -324.64764404296875 0
1701161367262 -325.2900085449219 0
1701161461223 -325.9184265136719 0
1701161554101 -326.5308532714844 0
1701161646708 -327.1287841796875 0
1701161739900 -327.71380615234375 0
1701161832955 -328.2847595214844 0
1701161924687 -328.83984375 0
1701162018046 -329.3805236816406 0
1701162110831 -329.9068298339844 0
1701162202896 -330.41851806640625 0
1701162295447 -330.9151916503906 0
1701162392312 -331.3970642089844 0
1701162486715 -331.8652038574219 0
1701162579538 -332.3204345703125 0
1701162672944 -332.7630310058594 0
1701162765270 -333.1939392089844 0
1701162857924 -333.6119384765625 0
1701162950900 -334.015869140625 0
1701163044217 -334.4061584472656 0
1701163137061 -334.7841491699219 0
1701163228793 -335.15142822265625 0
1701163320763 -335.5082092285156 0
1701163412435 -335.8544616699219 0
1701163503256 -336.189453125 0
1701163591585 -336.5126647949219 0
1701163680281 -336.8254699707031 0
1701163769742 -337.1284484863281 0
1701163859258 -337.4212951660156 0
1701163948612 -337.7024230957031 0
1701164038173 -337.97100830078125 0
1701164128276 -338.2279968261719 0
1701164223337 -338.4742431640625 0
1701164315223 -338.7102355957031 0
1701164404224 -338.9369812011719 0
1701164492919 -339.1548767089844 0
1701164581584 -339.36376953125 0
1701164669775 -339.5630187988281 0
1701164759235 -339.7516174316406 0
1701164847469 -339.93048095703125 0
1701164935391 -340.0986022949219 0
1701165023758 -340.2555236816406 0
1701165110740 -340.4022521972656 0
1701165198602 -340.5382995605469 0
1701165267707 -340.6613464355469 0
1701165312954 -340.7689208984375 0
1701165357828 -340.86053466796875 0
1701165403087 -340.9380187988281 0
1701165448194 -341.0019226074219 0
1701165493204 -341.05328369140625 0
1701165538462 -341.09405517578125 0
1701165583448 -341.1248474121094 0
1701165628449 -341.14501953125 0
1701165673608 -341.153564453125 0
1701165718483 -341.1504211425781 0
1701165763680 -341.1354675292969 0
1701165812392 -341.1077880859375 0
1701165861721 -341.06689453125 0
1701165909287 -341.012939453125 0
1701165954478 -340.9456787109375 0
1701165999727 -340.8646240234375 0
1701166045610 -340.7696838378906 0
1701166090829 -340.6595153808594 0
1701166135730 -340.53338623046875 0
1701166180737 -340.3924255371094 0
1701166226059 -340.2346496582031 0
1701166271418 -340.0594787597656 0
1701166316628 -339.86993408203125 0
1701166361679 -339.6662292480469 0
1701166406632 -339.44818115234375 0
1701166451684 -339.21630859375 0
1701166496683 -338.9712219238281 0
1701166541756 -338.713134765625 0
1701166586847 -338.4422607421875 0
1701166632074 -338.15802001953125 0
1701166677339 -337.8584899902344 0
1701166722391 -337.54266357421875 0
1701166767483 -337.21160888671875 0
1701166812622 -336.8656311035156 0
1701166857711 -336.5028076171875 0
1701166903461 -336.1231384277344 0
1701166949383 -335.72906494140625 0
1701166994235 -335.3222961425781 0
1701167039404 -334.9035949707031 0
1701167084519 -334.4725036621094 0
1701167130092 -334.0289611816406 0
1701167175943 -333.5730285644531 0
1701167222127 -333.10491943359375 0
1701167271999 -332.62506103515625 0
1701167323336 -332.13360595703125 0
1701167368444 -331.63037109375 0
1701167414037 -331.1154479980469 0
1701167458689 -330.5890197753906 0
1701167504005 -330.0512390136719 0
1701167549079 -329.5021057128906 0
1701167594108 -328.9415588378906 0
1701167639185 -328.36920166015625 0
1701167684223 -327.7839660644531 0
1701167729392 -327.1822204589844 0
1701167774516 -326.5632629394531 0
1701167819598 -325.92938232421875 0
1701167865732 -325.282470703125 0
1701167910466 -324.6232604980469 0
1701167956580 -323.9509582519531 0
1701168006512 -323.26531982421875 0
1701168052042 -322.5677490234375 0
1701168096912 -321.85919189453125 0
1701168141684 -321.14031982421875 0
1701168189286 -320.4112548828125 0
1701168237880 -319.6720275878906 0
1701168286332 -318.92254638671875 0
1701168331880 -318.162841796875 0
1701168376623 -317.3928527832031 0
1701168421441 -316.6125183105469 0
1701168466087 -315.822021484375 0
1701168510712 -315.02142333984375 0
1701168555360 -314.2110595703125 0
1701168600168 -313.3908996582031 0
1701168645040 -312.56103515625 0
1701168689980 -311.7219543457031 0
1701168734620 -310.87371826171875 0
1701168779272 -310.01641845703125 0
1701168824035 -309.1497497558594 0
1701168869027 -308.27374267578125 0
1701168913800 -307.3885192871094 0
1701168958400 -306.49359130859375 0
1701169003020 -305.588623046875 0
1701169047679 -304.67333984375 0
1701169092159 -303.748046875 0
1701169136876 -302.8135070800781 0
1701169181802 -301.87005615234375 0
1701169226651 -300.91766357421875 0
1701169271253 -299.9562072753906 0
1701169316428 -298.9852294921875 0
1701169361338 -298.00433349609375 0
1701169406269 -297.0130310058594 0
1701169451451 -296.0111389160156 0
1701169496299 -294.9986877441406 0
1701169541247 -293.9759826660156 0
1701169586388 -292.9442138671875 0
1701169631306 -291.90435791015625 0
1701169676363 -290.85693359375 0
1701169721662 -289.8021240234375 0
1701169769685 -288.73974609375 0
1701169818422 -287.6695251464844 0
1701169866911 -286.59124755859375 0
1701169912232 -285.5052185058594 0
1701169956735 -284.41241455078125 0
1701170001179 -283.3134765625 0
1701170045753 -282.20843505859375 0
1701170090568 -281.0972900390625 0
1701170135334 -279.97998046875 0
1701170180099 -278.8563232421875 0
1701170225186 -277.7265625 0
1701170270164 -276.5906982421875 0
1701170315598 -275.4486999511719 0
1701170360849 -274.3001403808594 0
1701170405871 -273.1453552246094 0
1701170451446 -271.98492431640625 0
1701170497431 -270.8196105957031 0
1701170542318 -269.64990234375 0
1701170586949 -268.4759826660156 0
1701170631711 -267.2985534667969 0
1701170676778 -266.11773681640625 0
1701170721685 -264.9302062988281 0
1701170766350 -263.7347717285156 0
1701170811381 -262.53271484375 0
1701170856327 -261.32537841796875 0
1701170901129 -260.114013671875 0
1701170946182 -258.8986511230469 0
1701170991925 -257.67950439453125 0
1701171036845 -256.4568786621094 0
1701171081515 -255.23097229003906 0
1701171126127 -254.00161743164062 0
1701171170827 -252.7691650390625 0
1701171215524 -251.53378295898438 0
1701171260189 -250.2955322265625 0
1701171305080 -249.05426025390625 0
1701171349619 -247.8098602294922 0
1701171394289 -246.56146240234375 0
1701171438936 -245.30882263183594 0
1701171483631 -244.05311584472656 0
1701171528211 -242.79501342773438 0
1701171572971 -241.53878784179688 0
1701171617664 -240.29087829589844 0
1701171662278 -239.05718994140625 0
1701171706968 -237.84207153320312 0
1701171754285 -236.6490478515625 0
1701171802329 -235.48049926757812 0
1701171851176 -234.33990478515625 0
1701171896687 -233.23306274414062 0
1701171941276 -232.16140747070312 0
1701171985955 -231.12451171875 0
1701172030667 -230.12364196777344 0
1701172075471 -229.16123962402344 0
1701172120510 -228.2447509765625 0
1701172165303 -227.37741088867188 0
1701172210287 -226.5435333251953 0
1701172255216 -225.73480224609375 0
1701172299795 -224.9446563720703 0
1701172344419 -224.17584228515625 0
1701172389063 -223.42323303222656 0
1701172433839 -222.6891632080078 0
1701172478418 -221.97003173828125 0
1701172523071 -221.26800537109375 0
1701172567975 -220.58123779296875 0
1701172612687 -219.9102020263672 0
1701172657343 -219.25515747070312 0
1701172702064 -218.6136016845703 0
1701172746795 -217.98751831054688 0
1701172791643 -217.37527465820312 0
1701172836250 -216.77516174316406 0
1701172880819 -216.18975830078125 0
1701172925615 -215.61648559570312 0
1701172970651 -215.05557250976562 0
1701173015139 -214.50721740722656 0
1701173062456 -213.9693603515625 0
1701173111056 -213.44476318359375 0
1701173159347 -212.9317169189453 0
1701173204667 -212.42193603515625 0
1701173249284 -211.9182891845703 0
1701173293939 -211.4326934814453 0
1701173338704 -210.96188354492188 0
1701173383659 -210.50286865234375 0
1701173428420 -210.05364990234375 0
1701173473195 -209.6143341064453 0
1701173517851 -209.18466186523438 0
1701173562632 -208.76416015625 0
1701173607666 -208.3527374267578 0
1701173652362 -207.94955444335938 0
1701173697331 -207.55575561523438 0
1701173790802 -207.17135620117188 0
1701173835601 -206.79617309570312 0
1701173880311 -206.42918395996094 0
1701173927411 -206.0713348388672 0
1701173972174 -205.7213134765625 0
1701174016916 -205.37742614746094 0
1701174061657 -205.04222106933594 0
1701174106288 -204.7140350341797 0
1701174151212 -204.39297485351562 0
1701174196123 -204.07948303222656 0
1701174241052 -203.77305603027344 0
1701174285716 -203.4735565185547 0
1701174330396 -203.18101501464844 0
1701174375263 -202.8953857421875 0
1701174419960 -202.61624145507812 0
1701174464524 -202.3448486328125 0
1701174509096 -202.07968139648438 0
1701174553874 -201.8198699951172 0
1701174598421 -201.5675811767578 0
1701174643030 -201.32029724121094 0
1701174688060 -201.0786895751953 0
1701174732803 -200.843017578125 0
1701174777911 -200.61314392089844 0
1701174826535 -200.38929748535156 0
1701174875285 -200.1702880859375 0
1701174922448 -199.9569854736328 0
1701174968209 -199.7496795654297 0
1701175013179 -199.54685974121094 0
1701175057812 -199.34884643554688 0
1701175102495 -199.15618896484375 0
1701175147324 -198.96827697753906 0
1701175192710 -198.78492736816406 0
1701175238045 -198.60670471191406 0
1701175282990 -198.4336395263672 0
1701175327693 -198.2643280029297 0
1701175372431 -198.0996856689453 0
1701175417571 -197.93902587890625 0
1701175462815 -197.78225708007812 0
1701175507786 -197.630615234375 0
1701175552344 -197.48291015625 0
1701175597068 -197.3391571044922 0
1701175642338 -197.19834899902344 0
1701175687944 -197.06166076660156 0
1701175733212 -196.92852783203125 0
1701175778064 -196.7987518310547 0
1701175822696 -196.67330932617188 0
1701175867352 -196.55162048339844 0
1701175912179 -196.43214416503906 0
1701175956982 -196.31683349609375 0
1701176001609 -196.20460510253906 0
1701176046774 -196.0961151123047 0
1701176092024 -195.99082946777344 0
1701176136815 -195.88816833496094 0
1701176181424 -195.78842163085938 0
1701176226237 -195.6913604736328 0
1701176271186 -195.59164428710938 0
1701176315804 -195.49647521972656 0
1701176360504 -195.3999786376953 0
1701176405172 -195.30856323242188 0
1701176449920 -195.22349548339844 0
1701176494592 -195.14212036132812 0
1701176539215 -195.06483459472656 0
1701176583744 -194.98973083496094 0
1701176628448 -194.91685485839844 0
1701176673040 -194.8466339111328 0
1701176717616 -194.7785186767578 0
1701176762158 -194.71234130859375 0
1701176806788 -194.64825439453125 0
1701176852059 -194.58567810058594 0
1701176897105 -194.52560424804688 0
1701176942624 -194.46754455566406 0
1701176987632 -194.41180419921875 0
1701177035418 -194.3572235107422 0
1701177083862 -194.30413818359375 0
1701177132383 -194.25270080566406 0
1701177177256 -194.20301818847656 0
1701177221801 -194.15554809570312 0
1701177266468 -194.10980224609375 0
1701177311151 -194.06570434570312 0
1701177356224 -194.02261352539062 0
1701177403762 -193.98074340820312 0
1701177457458 -193.94061279296875 0
1701177521893 -193.90150451660156 0
1701177614382 -193.8638153076172 0
1701177706086 -193.8277587890625 0
1701177798446 -193.79302978515625 0
1701177892528 -193.7593994140625 0
1701177985413 -193.72657775878906 0
1701178079090 -193.69512939453125 0
1701178172023 -193.66458129882812 0
1701178265011 -193.6357421875 0
1701178361004 -193.60768127441406 0
1701178455486 -193.58041381835938 0
1701178548341 -193.55455017089844 0
1701178641600 -193.52926635742188 0
1701178734391 -193.50531005859375 0
1701178826789 -193.4819793701172 0
1701178919586 -193.4596405029297 0
1701179012211 -193.43821716308594 0
1701179104231 -193.41761779785156 0
1701179197734 -193.39796447753906 0
1701179290408 -193.37904357910156 0
1701179382610 -193.36097717285156 0
1701179476323 -193.34378051757812 0
1701179569492 -193.3268280029297 0
1701179661131 -193.3107452392578 0
1701179752810 -193.2952880859375 0
1701179843641 -193.2803192138672 0
1701179933746 -193.2663116455078 0
1701180022764 -193.25335693359375 0
1701180113137 -193.2403106689453 0
1701180203080 -193.22775268554688 0
1701180292519 -193.21533203125 0
1701180381299 -193.20361328125 0
1701180471887 -193.19241333007812 0
1701180560056 -193.18128967285156 0
1701180648989 -193.17068481445312 0
1701180738532 -193.16046142578125 0
1701180828244 -193.1512451171875 0
1701180920154 -193.1424102783203 0
1701181011573 -193.13381958007812 0
1701181100876 -193.12547302246094 0
1701181189199 -193.11790466308594 0
1701181278690 -193.11004638671875 0
1701181366497 -193.10272216796875 0
1701181455089 -193.0956573486328 0
1701181543201 -193.08932495117188 0
1701181630864 -193.0825653076172 0
1701181680416 -193.07606506347656 0
1701181725068 -193.06996154785156 0
1701181769724 -193.0640106201172 0
1701181814349 -193.05873107910156 0
1701181859022 -193.0538330078125 0
1701181903652 -193.04959106445312 0
1701181948380 -193.04518127441406 0
1701181992932 -193.0410614013672 0
1701182037602 -193.03697204589844 0
1701182082446 -193.0327606201172 0
1701182127130 -193.02951049804688 0
1701182171858 -193.02529907226562 0
1701182216506 -193.02163696289062 0
1701182261211 -193.01832580566406 0
1701182306973 -193.0153350830078 0
1701182355743 -193.01223754882812 0
1701182403737 -193.00958251953125 0
1701182451840 -193.0070037841797 0
1701182496465 -193.0047149658203 0
1701182541152 -193.00230407714844 0
1701182585608 -193.00050354003906 0
1701182630152 -192.9991455078125 0
1701182674715 -192.99732971191406 0
1701182719228 -192.9917755126953 0
1701182763919 -192.98416137695312 0
1701182808600 -192.97755432128906 0
1701182853164 -192.97250366210938 0
1701182898266 -192.9669189453125 0
1701182943392 -192.9617462158203 0
1701182988868 -192.95724487304688 0
1701183034005 -192.9522247314453 0
1701183079340 -192.9478759765625 0
1701183124295 -192.9462127685547 0
1701183168983 -192.94564819335938 0
1701183213800 -192.9464111328125 0
1701183258552 -192.94773864746094 0
1701183303112 -192.9486083984375 0
1701183347773 -192.9499969482422 0
1701183392356 -192.9505615234375 0
1701183437262 -192.95130920410156 0
1701183487844 -192.952392578125 0
1701183540781 -192.9535675048828 0
1701183620022 -192.9549102783203 0
1701183713843 -192.95559692382812 0
1701183807986 -192.9558563232422 0
1701183902996 -192.95066833496094 0
1701184000249 -192.94700622558594 0
1701184100243 -192.9442596435547 0
1701184199773 -192.94313049316406 0
1701184298510 -192.94375610351562 0
1701184397210 -192.94534301757812 0
1701184495991 -192.94593811035156 0
1701184592404 -192.9440155029297 0
1701184690893 -192.9376983642578 0
1701184789355 -192.93165588378906 0
1701184887773 -192.92831420898438 0
1701184984833 -192.927734375 0
1701185084057 -192.9288787841797 0
1701185182451 -192.92982482910156 0
1701185281027 -192.9307403564453 0
1701185379768 -192.92822265625 0
1701185477836 -192.92251586914062 0
1701185576505 -192.91802978515625 0
1701185675135 -192.91702270507812 0
1701185773725 -192.91732788085938 0
1701185872837 -192.91273498535156 0
1701185971685 -192.909423828125 0
1701186070977 -192.9058074951172 0
1701186171998 -192.90615844726562 0
1701186272550 -192.9071807861328 0
1701186370857 -192.90814208984375 0
1701186469797 -192.91046142578125 0
1701186568457 -192.9137420654297 0
1701186667428 -192.91688537597656 0
1701186765238 -192.92019653320312 0
1701186863537 -192.92311096191406 0
1701186962475 -192.92478942871094 0
1701187062770 -192.91990661621094 0
1701187161837 -192.91598510742188 0
1701187261923 -192.91246032714844 0
1701187360963 -192.90731811523438 0
1701187460431 -192.9066162109375 0
1701187559412 -192.90809631347656 0
1701187658525 -192.9115753173828 0
1701187757957 -192.91563415527344 0
1701187856975 -192.91957092285156 0
1701187956702 -192.9233856201172 0
1701188058102 -192.9269561767578 0
1701188159553 -192.9300537109375 0
1701188259125 -192.93246459960938 0
1701188358684 -192.92935180664062 0
1701188457935 -192.92721557617188 0
1701188558122 -192.9278106689453 0
1701188658119 -192.93006896972656 0
1701188757300 -192.92864990234375 0
1701188856560 -192.92428588867188 0
1701188955483 -192.9239044189453 0
1701189054820 -192.92576599121094 0
1701189154001 -192.9284210205078 0
1701189253447 -192.931884765625 0
1701189352533 -192.93145751953125 0
1701189452077 -192.93115234375 0
1701189551490 -192.93182373046875 0
1701189653184 -192.9335479736328 0
1701189752956 -192.93182373046875 0
1701189851192 -192.9276885986328 0
1701189951068 -192.9242706298828 0
1701190023733 -192.92202758789062 0
1701190068160 -192.9203643798828 0
1701190112775 -192.91702270507812 0
1701190157424 -192.91354370117188 0
1701190202505 -192.9130096435547 0
1701190247771 -192.91456604003906 0
1701190292991 -192.91741943359375 0
1701190337928 -192.92138671875 0
1701190382761 -192.92527770996094 0
1701190427347 -192.92910766601562 0
1701190472391 -192.92605590820312 0
1701190517231 -192.92247009277344 0
1701190561937 -192.9197998046875 0
1701190607436 -192.92190551757812 0
1701190652471 -192.92440795898438 0
1701190697144 -192.92811584472656 0
1701190741768 -192.931396484375 0
1701190786395 -192.93495178222656 0
1701190831068 -192.93832397460938 0
1701190875720 -192.94082641601562 0
1701190920253 -192.94358825683594 0
1701190965104 -192.94595336914062 0
1701191010168 -192.9473876953125 0
1701191055204 -192.94940185546875 0
1701191100503 -192.95016479492188 0
1701191148736 -192.94833374023438 0
1701191423008 -192.94085693359375 0
1701191467443 -192.9357452392578 0
1701191512663 -192.93101501464844 0
1701191557699 -192.93179321289062 0
1701191602687 -192.93399047851562 0
1701191647384 -192.93699645996094 0
1701191692080 -192.94041442871094 0
1701191736696 -192.9440155029297 0
1701191781256 -192.9463653564453 0
1701191825910 -192.94927978515625 0
1701191870556 -192.95196533203125 0
1701191915180 -192.95370483398438 0
1701191959800 -192.95486450195312 0
1701192004435 -192.9558563232422 0
1701192049140 -192.9564208984375 0
1701192093812 -192.95721435546875 0
1701192138477 -192.95631408691406 0
1701192183831 -192.9491424560547 0
1701192228556 -192.9445343017578 0
1701192273192 -192.94265747070312 0
1701192318220 -192.9432830810547 0
1701192363268 -192.9447479248047 0
1701192408280 -192.9472198486328 0
1701192453198 -192.94937133789062 0
1701192498215 -192.95162963867188 0
1701192543240 -192.9535369873047 0
1701192588172 -192.95486450195312 0
1701192633133 -192.95628356933594 0
1701192677822 -192.9576416015625 0
1701192722482 -192.95840454101562 0
1701192767200 -192.95956420898438 0
1701192811994 -192.96014404296875 0
1701192856812 -192.9608612060547 0
1701192901686 -192.96173095703125 0
1701192947601 -192.96322631835938 0
1701192996730 -192.9628448486328 0
1701193045773 -192.96400451660156 0
1701193093094 -192.96522521972656 0
1701193138126 -192.96627807617188 0
1701193183781 -192.96726989746094 0
1701193228884 -192.96771240234375 0
1701193273784 -192.96804809570312 0
1701193318721 -192.96865844726562 0
1701193363689 -192.9691619873047 0
1701193408533 -192.9696502685547 0
1701193453902 -192.96966552734375 0
1701193499014 -192.9689178466797 0
1701193543921 -192.9685821533203 0
1701193588959 -192.968994140625 0
1701193635109 -192.96942138671875 0
1701193680154 -192.97012329101562 0
1701193725251 -192.9705047607422 0
1701193770452 -192.97064208984375 0
1701193815480 -192.9712371826172 0
1701193860596 -192.97164916992188 0
1701193905617 -192.9700164794922 0
1701193950532 -192.95762634277344 0
1701193995448 -192.94712829589844 0
1701194040380 -192.9387969970703 0
1701194085412 -192.93048095703125 0
1701194130396 -192.9234161376953 0
1701194176484 -192.91966247558594 0
1701194222311 -192.91497802734375 0
1701194267585 -192.91722106933594 0
1701194312561 -192.92263793945312 0
1701194357400 -192.9292449951172 0
1701194402381 -192.93409729003906 0
1701194450208 -192.9391632080078 0
1701194498888 -192.9425811767578 0
1701194548275 -192.9456787109375 0
1701194594515 -192.9453887939453 0
1701194639508 -192.93539428710938 0
1701194684420 -192.9302520751953 0
1701194729580 -192.9280242919922 0
1701194774715 -192.92501831054688 0
