1701145892326 0.09942184388637543 0
1701145933132 0.9174929857254028 0
1701145977885 1.6053314208984375 0
1701146022885 1.9204633235931396 0
1701146067575 2.2680394649505615 0
1701146112280 3.28204083442688 0
1701146157380 4.827703952789307 0
1701146205216 6.584860801696777 0
1701146254159 8.422338485717773 0
1701146301602 10.318732261657715 0
1701146346143 12.265174865722656 0
1701146390577 14.239700317382812 0
1701146435386 16.231307983398438 0
1701146479977 18.245363235473633 0
1701146524690 20.281150817871094 0
1701146569361 22.334741592407227 0
1701146614050 24.40298843383789 0
1701146659135 26.481590270996094 0
1701146704276 28.56496238708496 0
1701146748899 30.648273468017578 0
1701146793560 32.73065185546875 0
1701146838236 34.80978012084961 0
1701146883089 36.8804931640625 0
1701146927863 38.942874908447266 0
1701146972646 41.00618362426758 0
1701147017232 43.066650390625 0
1701147061905 45.12250518798828 0
1701147106372 47.183021545410156 0
1701147150984 49.24945068359375 0
1701147195619 51.32001876831055 0
1701147240409 53.39115905761719 0
1701147285053 55.45360565185547 0
1701147329837 57.5005989074707 0
1701147374320 59.53461456298828 0
1701147419021 61.55710983276367 0
1701147463652 63.565895080566406 0
1701147508329 65.56680297851562 0
1701147552988 67.55062103271484 0
1701147597657 69.52362823486328 0
1701147642330 71.48885345458984 0
1701147687026 73.45580291748047 0
1701147731784 75.43717956542969 0
1701147776477 77.41559600830078 0
1701147821253 79.37300872802734 0
1701147866022 81.31543731689453 0
1701147910693 83.24983978271484 0
1701147955367 85.1699447631836 0
1701148000235 87.07830047607422 0
1701148044870 88.97799682617188 0
1701148089665 90.8684310913086 0
1701148134386 92.74349975585938 0
1701148179239 94.6082992553711 0
1701148224116 96.46166229248047 0
1701148268985 98.31309509277344 0
1701148313689 100.1727523803711 0
1701148358348 102.04254913330078 0
1701148405326 103.91775512695312 0
1701148453757 105.79051971435547 0
1701148502156 107.65480041503906 0
1701148548088 109.52410125732422 0
1701148592981 111.40946197509766 0
1701148637763 113.30300903320312 0
1701148682480 115.20255279541016 0
1701148727281 117.1160888671875 0
1701148772019 119.0377197265625 0
1701148816868 120.95330810546875 0
1701148861540 122.84925079345703 0
1701148906895 124.73280334472656 0
1701148951832 126.61639404296875 0
1701148996583 128.5028533935547 0
1701149041134 130.39108276367188 0
1701149085911 132.27650451660156 0
1701149131043 134.16082763671875 0
1701149175912 136.04483032226562 0
1701149220764 137.9298553466797 0
1701149265524 139.81951904296875 0
1701149310600 141.7073516845703 0
1701149355450 143.5933380126953 0
1701149400317 145.47738647460938 0
1701149445380 147.36135864257812 0
1701149490107 149.2470245361328 0
1701149534903 151.130615234375 0
1701149581709 153.01327514648438 0
1701149628800 154.89340209960938 0
1701149678110 156.77183532714844 0
1701149724585 158.64791870117188 0
1701149769689 160.51522827148438 0
1701149814458 162.3778533935547 0
1701149859259 164.23773193359375 0
1701149904324 166.08792114257812 0
1701149949254 167.92098999023438 0
1701149993812 169.7421875 0
1701150038444 171.55886840820312 0
1701150083094 173.3767547607422 0
1701150127744 175.1949005126953 0
1701150172493 177.0052032470703 0
1701150217285 178.8016815185547 0
1701150262128 180.5916748046875 0
1701150306926 182.3769989013672 0
1701150351616 184.1540985107422 0
1701150396303 185.90855407714844 0
1701150441033 187.6287841796875 0
1701150491532 189.30841064453125 0
1701150542676 190.9371337890625 0
1701150608889 192.51052856445312 0
1701150700517 194.03463745117188 0
1701150791403 195.516357421875 0
1701150884540 196.96099853515625 0
1701150976099 198.36521911621094 0
1701151068654 199.72186279296875 0
1701151160168 201.03646850585938 0
1701151251172 202.3158416748047 0
1701151341958 203.56454467773438 0
1701151432260 204.78334045410156 0
1701151522753 205.96791076660156 0
1701151614803 207.1162567138672 0
1701151706889 208.22740173339844 0
1701151799170 209.29937744140625 0
1701151890262 210.32981872558594 0
1701151981564 211.31700134277344 0
1701152072619 212.26132202148438 0
1701152162058 213.16954040527344 0
1701152252396 214.05015563964844 0
1701152341895 214.90625 0
1701152432284 215.7357177734375 0
1701152522948 216.53555297851562 0
1701152612249 217.30531311035156 0
1701152701771 218.046142578125 0
1701152791891 218.76370239257812 0
1701152880695 219.4607391357422 0
1701152969605 220.13682556152344 0
1701153058393 220.79354858398438 0
1701153147098 221.43226623535156 0
1701153234478 222.0527801513672 0
1701153322809 222.6575164794922 0
1701153411822 223.2499237060547 0
1701153500754 223.8330841064453 0
1701153591808 224.4097137451172 0
1701153680740 224.98013305664062 0
1701153768629 225.54161071777344 0
1701153856116 226.0938720703125 0
1701153944070 226.63748168945312 0
1701154030749 227.17198181152344 0
1701154118082 227.69845581054688 0
1701154205881 228.21682739257812 0
1701154292568 228.72718811035156 0
1701154379165 229.23265075683594 0
1701154466437 229.7353515625 0
1701154553961 230.23414611816406 0
1701154640361 230.7279052734375 0
1701154716428 231.2157440185547 0
1701154761197 231.6986541748047 0
1701154805783 232.17942810058594 0
1701154850484 232.65899658203125 0
1701154895210 233.13674926757812 0
1701154939928 233.61398315429688 0
1701154984484 234.093017578125 0
1701155029541 234.57437133789062 0
1701155074432 235.05728149414062 0
1701155119236 235.54043579101562 0
1701155163801 236.0248260498047 0
1701155208521 236.51145935058594 0
1701155253148 237.00125122070312 0
1701155297816 237.4939727783203 0
1701155342630 237.98956298828125 0
1701155386976 238.48593139648438 0
1701155431590 238.9824676513672 0
1701155476081 239.4815216064453 0
1701155520756 239.98252868652344 0
1701155566806 240.48532104492188 0
1701155614621 240.99179077148438 0
1701155662730 241.50140380859375 0
1701155709685 242.01296997070312 0
1701155754384 242.52781677246094 0
1701155799124 243.04840087890625 0
1701155843883 243.57594299316406 0
1701155888629 244.11097717285156 0
1701155933093 244.6529083251953 0
1701155977761 245.19894409179688 0
1701156022474 245.74659729003906 0
1701156067263 246.29368591308594 0
1701156112459 246.8373565673828 0
1701156157312 247.37818908691406 0
1701156201733 247.9198455810547 0
1701156246384 248.464599609375 0
1701156291308 249.01287841796875 0
1701156335930 249.56497192382812 0
1701156380738 250.12042236328125 0
1701156425532 250.67823791503906 0
1701156470213 251.23912048339844 0
1701156514885 251.8050079345703 0
1701156559717 252.37786865234375 0
1701156604588 252.95738220214844 0
1701156649351 253.53970336914062 0
1701156694104 254.12747192382812 0
1701156738819 254.7239532470703 0
1701156783628 255.3314666748047 0
1701156828280 255.95144653320312 0
1701156872949 256.583740234375 0
1701156917632 257.2266845703125 0
1701156962342 257.8775329589844 0
1701157007605 258.532958984375 0
1701157052754 259.19342041015625 0
1701157098078 259.8607177734375 0
1701157143077 260.5353088378906 0
1701157187678 261.2164306640625 0
1701157234032 261.90313720703125 0
1701157282171 262.59527587890625 0
1701157331051 263.2915954589844 0
1701157377960 263.98687744140625 0
1701157423124 264.6790771484375 0
1701157468025 265.3744812011719 0
1701157512983 266.0731506347656 0
1701157557946 266.7734680175781 0
1701157602500 267.47705078125 0
1701157647188 268.18603515625 0
1701157691750 268.9044494628906 0
1701157736283 269.633056640625 0
1701157780828 270.37109375 0
1701157825518 271.11669921875 0
1701157870447 271.8670959472656 0
1701157915542 272.6238708496094 0
1701157960357 273.3848876953125 0
1701158005036 274.14990234375 0
1701158049888 274.9181213378906 0
1701158094500 275.69256591796875 0
1701158139216 276.4750671386719 0
1701158184467 277.2660827636719 0
1701158230172 278.0702209472656 0
1701158275473 278.88946533203125 0
1701158320601 279.7220153808594 0
1701158365602 280.5594482421875 0
1701158410219 281.3973693847656 0
1701158454977 282.2378234863281 0
1701158499548 283.084228515625 0
1701158544248 283.93780517578125 0
1701158588990 284.7991638183594 0
1701158633883 285.6708068847656 0
1701158678899 286.55474853515625 0
1701158724022 287.44964599609375 0
1701158769662 288.351806640625 0
1701158814704 289.2580261230469 0
1701158859727 290.16900634765625 0
1701158907510 291.09063720703125 0
1701158955629 292.0260925292969 0
1701159003151 292.9739074707031 0
1701159048286 293.9341125488281 0
1701159093339 294.9066467285156 0
1701159137964 295.8925476074219 0
1701159182657 296.892822265625 0
1701159227280 297.9071044921875 0
1701159272016 298.9363708496094 0
1701159316716 299.9814453125 0
1701159361441 301.0415344238281 0
1701159405993 302.1101989746094 0
1701159450768 303.18804931640625 0
1701159495428 304.2782897949219 0
1701159540060 305.3836975097656 0
1701159585111 306.5025634765625 0
1701159630252 307.6314697265625 0
1701159674925 308.7620544433594 0
1701159719590 309.8783264160156 0
1701159802702 310.97039794921875 0
1701159847731 312.0210876464844 0
1701159892496 313.0293273925781 0
1701159937315 313.997802734375 0
1701159982000 314.92889404296875 0
1701160026896 315.82501220703125 0
1701160071761 316.6864929199219 0
1701160116627 317.5152282714844 0
1701160161547 318.3122253417969 0
1701160206530 319.0814208984375 0
1701160251516 319.82501220703125 0
1701160296400 320.53912353515625 0
1701160341122 321.22271728515625 0
1701160386036 321.8794860839844 0
1701160431080 322.5155029296875 0
1701160475933 323.13427734375 0
1701160520796 323.73724365234375 0
1701160565784 324.324462890625 0
1701160610647 324.8955383300781 0
1701160655536 325.4513244628906 0
1701160700232 325.9929504394531 0
1701160745235 326.5204772949219 0
1701160790119 327.03271484375 0
1701160835776 327.5275573730469 0
1701160880753 328.0059814453125 0
1701160925423 328.4705505371094 0
1701160972815 328.9220886230469 0
1701161026402 329.3594665527344 0
1701161088217 329.78167724609375 0
1701161181326 330.188232421875 0
1701161273312 330.5779724121094 0
1701161367263 330.9515380859375 0
1701161461224 331.3085021972656 0
1701161554102 331.64678955078125 0
1701161646709 331.9686279296875 0
1701161739902 332.27593994140625 0
1701161832956 332.5680236816406 0
1701161924688 332.84344482421875 0
1701162018047 333.10406494140625 0
1701162110832 333.350341796875 0
1701162202896 333.58245849609375 0
1701162295448 333.80047607421875 0
1701162392313 334.0050964355469 0
1701162486716 334.1976318359375 0
1701162579538 334.37908935546875 0
1701162672945 334.550048828125 0
1701162765272 334.7115478515625 0
1701162857925 334.8629455566406 0
1701162950901 335.0038757324219 0
1701163044218 335.13494873046875 0
1701163137063 335.2573547363281 0
1701163228794 335.3724670410156 0
1701163320765 335.4806823730469 0
1701163412437 335.5821838378906 0
1701163503257 335.6767578125 0
1701163591587 335.76446533203125 0
1701163680282 335.8462829589844 0
1701163769742 335.9226989746094 0
1701163859259 335.9938049316406 0
1701163948613 336.0591125488281 0
1701164038174 336.118408203125 0
1701164128277 336.1724548339844 0
1701164223338 336.2218933105469 0
1701164315223 336.26708984375 0
1701164404225 336.30859375 0
1701164492921 336.3467102050781 0
1701164581585 336.38165283203125 0
1701164669776 336.41326904296875 0
1701164759236 336.4414978027344 0
1701164847471 336.4666748046875 0
1701164935392 336.4888000488281 0
1701165023759 336.508056640625 0
1701165110741 336.52484130859375 0
1701165198603 336.5392150878906 0
1701165267708 336.5509338378906 0
1701165312955 336.5599670410156 0
1701165357829 336.5665283203125 0
1701165403088 336.5712585449219 0
1701165448195 336.5744934082031 0
1701165493205 336.57659912109375 0
1701165538462 336.5779113769531 0
1701165583449 336.57867431640625 0
1701165628450 336.5790710449219 0
1701165673609 336.5791931152344 0
1701165718484 336.5791931152344 0
1701165763680 336.5794982910156 0
1701165812393 336.5801696777344 0
1701165861722 336.5814514160156 0
1701165909288 336.5836486816406 0
1701165954479 336.5869445800781 0
1701165999728 336.5916748046875 0
1701166045611 336.59814453125 0
1701166090830 336.6067810058594 0
1701166135730 336.6180114746094 0
1701166180738 336.63189697265625 0
1701166226059 336.6492004394531 0
1701166271419 336.6704406738281 0
1701166316629 336.6950988769531 0
1701166361680 336.7234191894531 0
1701166406632 336.75567626953125 0
1701166451685 336.7919921875 0
1701166496684 336.8323669433594 0
1701166541757 336.87689208984375 0
1701166586848 336.92572021484375 0
1701166632075 336.9792175292969 0
1701166677340 337.0384216308594 0
1701166722392 337.1039733886719 0
1701166767483 337.1756896972656 0
1701166812622 337.253662109375 0
1701166857712 337.339111328125 0
1701166903462 337.432373046875 0
1701166949384 337.5324401855469 0
1701166994236 337.6386413574219 0
1701167039405 337.7509460449219 0
1701167084520 337.8694152832031 0
1701167130093 337.9944152832031 0
1701167175944 338.1260986328125 0
1701167222127 338.2644958496094 0
1701167271999 338.4095153808594 0
1701167323337 338.5611877441406 0
1701167368445 338.71978759765625 0
1701167414038 338.88543701171875 0
1701167458689 339.0581359863281 0
1701167504005 339.23797607421875 0
1701167549079 339.425048828125 0
1701167594109 339.6195983886719 0
1701167639185 339.822021484375 0
1701167684224 340.0332946777344 0
1701167729392 340.25634765625 0
1701167774516 340.491943359375 0
1701167819599 340.73876953125 0
1701167865733 340.9955139160156 0
1701167910467 341.26190185546875 0
1701167956580 341.5386657714844 0
1701168006513 341.8263854980469 0
1701168052042 342.1239929199219 0
1701168096912 342.43084716796875 0
1701168141685 342.74664306640625 0
1701168189286 343.0715026855469 0
1701168237881 343.4053039550781 0
1701168286333 343.7485046386719 0
1701168331881 344.1012268066406 0
1701168376624 344.46368408203125 0
1701168421441 344.8360900878906 0
1701168466088 345.218505859375 0
1701168510712 345.6109619140625 0
1701168555361 346.013427734375 0
1701168600168 346.4260559082031 0
1701168645041 346.84893798828125 0
1701168689980 347.2818298339844 0
1701168734620 347.7246398925781 0
1701168779272 348.1776123046875 0
1701168824036 348.64129638671875 0
1701168869028 349.1158447265625 0
1701168913800 349.6012268066406 0
1701168958400 350.09820556640625 0
1701169003020 350.6074523925781 0
1701169047680 351.1294250488281 0
1701169092160 351.6640930175781 0
1701169136877 352.21075439453125 0
1701169181803 352.76922607421875 0
1701169226652 353.33990478515625 0
1701169271253 353.9230041503906 0
1701169316429 354.51922607421875 0
1701169361338 355.12945556640625 0
1701169406270 355.7546081542969 0
1701169451452 356.3951721191406 0
1701169496299 357.0513916015625 0
1701169541248 357.72320556640625 0
1701169586389 358.4093017578125 0
1701169631306 359.1085510253906 0
1701169676364 359.8205871582031 0
1701169721662 360.5452880859375 0
1701169769686 361.2831115722656 0
1701169818423 362.0346984863281 0
1701169866911 362.80059814453125 0
1701169912233 363.5805358886719 0
1701169956736 364.3730773925781 0
1701170001180 365.1777038574219 0
1701170045754 365.9946594238281 0
1701170090569 366.8241271972656 0
1701170135335 367.66619873046875 0
1701170180100 368.521240234375 0
1701170225187 369.3891296386719 0
1701170270165 370.2699279785156 0
1701170315599 371.16412353515625 0
1701170360850 372.0724182128906 0
1701170405872 372.99456787109375 0
1701170451446 373.92962646484375 0
1701170497432 374.8765563964844 0
1701170542318 375.8345642089844 0
1701170586950 376.8035583496094 0
1701170631712 377.7824401855469 0
1701170676778 378.77105712890625 0
1701170721686 379.7751159667969 0
1701170766351 380.79681396484375 0
1701170811382 381.83428955078125 0
1701170856328 382.8851623535156 0
1701170901129 383.94744873046875 0
1701170946182 385.0210876464844 0
1701170991926 386.1058654785156 0
1701171036846 387.2012023925781 0
1701171081516 388.3069152832031 0
1701171126128 389.4232177734375 0
1701171170827 390.5497131347656 0
1701171215525 391.6858215332031 0
1701171260190 392.8316650390625 0
1701171305081 393.9874572753906 0
1701171349620 395.1534423828125 0
1701171394290 396.3313903808594 0
1701171438936 397.521728515625 0
1701171483632 398.7221984863281 0
1701171528211 399.93157958984375 0
1701171572972 401.14166259765625 0
1701171617665 402.3398742675781 0
1701171662279 403.51495361328125 0
1701171706969 404.6587829589844 0
1701171754285 405.764892578125 0
1701171802330 406.8293762207031 0
1701171851177 407.8465576171875 0
1701171896688 408.8071594238281 0
1701171941277 409.7099609375 0
1701171985956 410.5570068359375 0
1701172030668 411.3477478027344 0
1701172075472 412.0801696777344 0
1701172120511 412.7456359863281 0
1701172165304 413.34234619140625 0
1701172210288 413.8935241699219 0
1701172255216 414.4117126464844 0
1701172299795 414.9060363769531 0
1701172344420 415.37384033203125 0
1701172389064 415.82183837890625 0
1701172433840 416.247802734375 0
1701172478418 416.65631103515625 0
1701172523071 417.0452880859375 0
1701172567976 417.41717529296875 0
1701172612688 417.7717590332031 0
1701172657344 418.1091613769531 0
1701172702065 418.4322814941406 0
1701172746796 418.7395324707031 0
1701172791644 419.03289794921875 0
1701172836251 419.3141784667969 0
1701172880820 419.581298828125 0
1701172925616 419.8368835449219 0
1701172970652 420.08099365234375 0
1701173015139 420.3138122558594 0
1701173062457 420.5372009277344 0
1701173111056 420.7491760253906 0
1701173159347 420.951416015625 0
1701173204668 421.1504821777344 0
1701173249285 421.34429931640625 0
1701173293940 421.52410888671875 0
1701173338705 421.6925964355469 0
1701173383660 421.8522033691406 0
1701173428421 422.0045471191406 0
1701173473196 422.1497802734375 0
1701173517852 422.28826904296875 0
1701173562633 422.42047119140625 0
1701173607667 422.54656982421875 0
1701173652363 422.667236328125 0
1701173697332 422.7819519042969 0
1701173790803 422.8908996582031 0
1701173835601 422.9942626953125 0
1701173880312 423.0927734375 0
1701173927412 423.1861267089844 0
1701173972175 423.2750549316406 0
1701174016917 423.3605651855469 0
1701174061658 423.44146728515625 0
1701174106289 423.51873779296875 0
1701174151213 423.5924072265625 0
1701174196124 423.662353515625 0
1701174241053 423.7288818359375 0
1701174285717 423.79217529296875 0
1701174330397 423.8523254394531 0
1701174375264 423.909423828125 0
1701174419960 423.9637451171875 0
1701174464525 424.0148620605469 0
1701174509097 424.0634460449219 0
1701174553875 424.10986328125 0
1701174598422 424.1534729003906 0
1701174643031 424.1951599121094 0
1701174688061 424.2347412109375 0
1701174732804 424.2722473144531 0
1701174777912 424.3077697753906 0
1701174826535 424.34130859375 0
1701174875286 424.3732604980469 0
1701174922449 424.4034729003906 0
1701174968209 424.431884765625 0
1701175013180 424.45892333984375 0
1701175057813 424.484619140625 0
1701175102495 424.5087890625 0
1701175147325 424.53167724609375 0
1701175192711 424.5533752441406 0
1701175238046 424.57379150390625 0
1701175282991 424.5929260253906 0
1701175327693 424.61114501953125 0
1701175372432 424.6282958984375 0
1701175417571 424.64459228515625 0
1701175462816 424.6600036621094 0
1701175507787 424.67437744140625 0
1701175552345 424.6878967285156 0
1701175597069 424.70068359375 0
1701175642339 424.71282958984375 0
1701175687945 424.7242736816406 0
1701175733213 424.73504638671875 0
1701175778065 424.7452697753906 0
1701175822697 424.7547607421875 0
1701175867353 424.7636413574219 0
1701175912180 424.7721252441406 0
1701175956983 424.780029296875 0
1701176001610 424.7875061035156 0
1701176046775 424.7944641113281 0
1701176092024 424.8009338378906 0
1701176136816 424.8070983886719 0
1701176181424 424.81292724609375 0
1701176226238 424.818359375 0
1701176271186 424.8240966796875 0
1701176315804 424.8293151855469 0
1701176360504 424.8346252441406 0
1701176405173 424.83935546875 0
1701176449921 424.8434143066406 0
1701176494593 424.84716796875 0
1701176539216 424.85052490234375 0
1701176583745 424.8536376953125 0
1701176628448 424.8565368652344 0
1701176673041 424.8592834472656 0
1701176717617 424.8617858886719 0
1701176762158 424.8642272949219 0
1701176806789 424.8663635253906 0
1701176852059 424.8684997558594 0
1701176897105 424.8703918457031 0
1701176942624 424.8722229003906 0
1701176987633 424.8738098144531 0
1701177035418 424.8753356933594 0
1701177083863 424.8768615722656 0
1701177132384 424.87835693359375 0
1701177177256 424.87957763671875 0
1701177221802 424.88079833984375 0
1701177266468 424.8819580078125 0
1701177311152 424.88287353515625 0
1701177356225 424.8837890625 0
1701177403763 424.88470458984375 0
1701177457459 424.8856201171875 0
1701177521893 424.8864440917969 0
1701177614382 424.8870544433594 0
1701177706087 424.8876647949219 0
1701177798447 424.8882751464844 0
1701177892530 424.8888854980469 0
1701177985414 424.8894958496094 0
1701178079090 424.8901062011719 0
1701178172024 424.8905334472656 0
1701178265012 424.8908386230469 0
1701178361004 424.8911437988281 0
1701178455487 424.8914489746094 0
1701178548341 424.8917541503906 0
1701178641600 424.8920593261719 0
1701178734391 424.8923645019531 0
1701178826790 424.8926696777344 0
1701178919587 424.8929748535156 0
1701179012211 424.8932800292969 0
1701179104233 424.8935852050781 0
1701179197735 424.8938903808594 0
1701179290408 424.8941955566406 0
1701179382611 424.8943176269531 0
1701179476324 424.8943176269531 0
1701179569492 424.8943176269531 0
1701179661132 424.8943176269531 0
1701179752811 424.8943176269531 0
1701179843642 424.8943176269531 0
1701179933748 424.8943176269531 0
1701180022765 424.8943176269531 0
1701180113138 424.8943176269531 0
1701180203081 424.8943176269531 0
1701180292520 424.8943176269531 0
1701180381300 424.8943176269531 0
1701180471888 424.8943176269531 0
1701180560058 424.8943176269531 0
1701180648990 424.8943176269531 0
1701180738533 424.8943176269531 0
1701180828245 424.8943176269531 0
1701180920155 424.8943176269531 0
1701181011575 424.8943176269531 0
1701181100877 424.8943176269531 0
1701181189200 424.8943176269531 0
1701181278691 424.8943176269531 0
1701181366497 424.8943176269531 0
1701181455090 424.8943176269531 0
1701181543202 424.8943176269531 0
1701181630866 424.8943176269531 0
1701181680416 424.8943176269531 0
1701181725068 424.8943176269531 0
1701181769725 424.8943176269531 0
1701181814350 424.8943176269531 0
1701181859023 424.8943176269531 0
1701181903653 424.8943176269531 0
1701181948380 424.8943176269531 0
1701181992932 424.8943176269531 0
1701182037602 424.8943176269531 0
1701182082447 424.8943176269531 0
1701182127131 424.8943176269531 0
1701182171859 424.8943176269531 0
1701182216507 424.8943176269531 0
1701182261212 424.8943176269531 0
1701182306973 424.8943176269531 0
1701182355744 424.8943176269531 0
1701182403738 424.8943176269531 0
1701182451841 424.8943176269531 0
1701182496465 424.8943176269531 0
1701182541153 424.8943176269531 0
1701182585608 424.8943176269531 0
1701182630153 424.8943176269531 0
1701182674716 424.8943176269531 0
1701182719228 424.8943176269531 0
1701182763919 424.8943176269531 0
1701182808601 424.8943176269531 0
1701182853165 424.8943176269531 0
1701182898267 424.8943176269531 0
1701182943393 424.8943176269531 0
1701182988869 424.8943176269531 0
1701183034005 424.8943176269531 0
1701183079340 424.8943176269531 0
1701183124296 424.8943176269531 0
1701183168984 424.8943176269531 0
1701183213801 424.8943176269531 0
1701183258553 424.8943176269531 0
1701183303113 424.8943176269531 0
1701183347774 424.8943176269531 0
1701183392356 424.8943176269531 0
1701183437263 424.8943176269531 0
1701183487845 424.8943176269531 0
1701183540781 424.8943176269531 0
1701183620023 424.8943176269531 0
1701183713844 424.8943176269531 0
1701183807986 424.8943176269531 0
1701183902997 424.8943176269531 0
1701184000250 424.8943176269531 0
1701184100245 424.8943176269531 0
1701184199774 424.8943176269531 0
1701184298510 424.8943176269531 0
1701184397211 424.8943176269531 0
1701184495992 424.8943176269531 0
1701184592405 424.8943176269531 0
1701184690894 424.8943176269531 0
1701184789356 424.8943176269531 0
1701184887773 424.8943176269531 0
1701184984834 424.8943176269531 0
1701185084058 424.8943176269531 0
1701185182451 424.8943176269531 0
1701185281028 424.8943176269531 0
1701185379769 424.8943176269531 0
1701185477836 424.8943176269531 0
1701185576506 424.8943176269531 0
1701185675137 424.8943176269531 0
1701185773726 424.8943176269531 0
1701185872838 424.8943176269531 0
1701185971686 424.8943176269531 0
1701186070977 424.8943176269531 0
1701186172006 424.8943176269531 0
1701186272551 424.8943176269531 0
1701186370858 424.8943176269531 0
1701186469805 424.8943176269531 0
1701186568459 424.8943176269531 0
1701186667429 424.8943176269531 0
1701186765239 424.8943176269531 0
1701186863539 424.8943176269531 0
1701186962476 424.8943176269531 0
1701187062771 424.8943176269531 0
1701187161837 424.8943176269531 0
1701187261924 424.8943176269531 0
1701187360965 424.8943176269531 0
1701187460432 424.8943176269531 0
1701187559414 424.8943176269531 0
1701187658526 424.8943176269531 0
1701187757958 424.8943176269531 0
1701187856976 424.8943176269531 0
1701187956704 424.8943176269531 0
1701188058103 424.8943176269531 0
1701188159554 424.8943176269531 0
1701188259127 424.8943176269531 0
1701188358685 424.8943176269531 0
1701188457936 424.8943176269531 0
1701188558124 424.8943176269531 0
1701188658120 424.8943176269531 0
1701188757301 424.8943176269531 0
1701188856560 424.8943176269531 0
1701188955484 424.8943176269531 0
1701189054821 424.8943176269531 0
1701189154002 424.8943176269531 0
1701189253449 424.8943176269531 0
1701189352535 424.8943176269531 0
1701189452078 424.8943176269531 0
1701189551492 424.8943176269531 0
1701189653185 424.8943176269531 0
1701189752957 424.8943176269531 0
1701189851193 424.8943176269531 0
1701189951069 424.8943176269531 0
1701190023734 424.8943176269531 0
1701190068161 424.8943176269531 0
1701190112775 424.8943176269531 0
1701190157425 424.8943176269531 0
1701190202506 424.8943176269531 0
1701190247772 424.8943176269531 0
1701190292992 424.8943176269531 0
1701190337929 424.8943176269531 0
1701190382761 424.8943176269531 0
1701190427348 424.8943176269531 0
1701190472392 424.8943176269531 0
1701190517232 424.8943176269531 0
1701190561938 424.8943176269531 0
1701190607436 424.8943176269531 0
1701190652472 424.8943176269531 0
1701190697145 424.8943176269531 0
1701190741769 424.8943176269531 0
1701190786396 424.8943176269531 0
1701190831069 424.8943176269531 0
1701190875721 424.8943176269531 0
1701190920254 424.8943176269531 0
1701190965104 424.8943176269531 0
1701191010169 424.8943176269531 0
1701191055205 424.8943176269531 0
1701191100504 424.8943176269531 0
1701191148737 424.8943176269531 0
1701191423008 424.8943176269531 0
1701191467443 424.8943176269531 0
1701191512664 424.8943176269531 0
1701191557700 424.8943176269531 0
1701191602688 424.8943176269531 0
1701191647385 424.8943176269531 0
1701191692081 424.8943176269531 0
1701191736697 424.8943176269531 0
1701191781257 424.8943176269531 0
1701191825911 424.8943176269531 0
1701191870557 424.8943176269531 0
1701191915181 424.8943176269531 0
1701191959800 424.8943176269531 0
1701192004435 424.8943176269531 0
1701192049141 424.8943176269531 0
1701192093813 424.8943176269531 0
1701192138478 424.8943176269531 0
1701192183832 424.8943176269531 0
1701192228557 424.8943176269531 0
1701192273193 424.8943176269531 0
1701192318221 424.8943176269531 0
1701192363269 424.8943176269531 0
1701192408281 424.8943176269531 0
1701192453199 424.8943176269531 0
1701192498216 424.8943176269531 0
1701192543241 424.8943176269531 0
1701192588172 424.8943176269531 0
1701192633133 424.8943176269531 0
1701192677823 424.8943176269531 0
1701192722483 424.8943176269531 0
1701192767201 424.8943176269531 0
1701192811994 424.8943176269531 0
1701192856813 424.8943176269531 0
1701192901687 424.8943176269531 0
1701192947602 424.8943176269531 0
1701192996730 424.8943176269531 0
1701193045773 424.8943176269531 0
1701193093095 424.8943176269531 0
1701193138127 424.8943176269531 0
1701193183781 424.8943176269531 0
1701193228884 424.8943176269531 0
1701193273784 424.8943176269531 0
1701193318722 424.8943176269531 0
1701193363689 424.8943176269531 0
1701193408533 424.8943176269531 0
1701193453903 424.8943176269531 0
1701193499015 424.8943176269531 0
1701193543922 424.8943176269531 0
1701193588959 424.8943176269531 0
1701193635110 424.8943176269531 0
1701193680155 424.8943176269531 0
1701193725252 424.8943176269531 0
1701193770453 424.8943176269531 0
1701193815481 424.8943176269531 0
1701193860597 424.8943176269531 0
1701193905617 424.8943176269531 0
1701193950533 424.8943176269531 0
1701193995449 424.8943176269531 0
1701194040381 424.8943176269531 0
1701194085413 424.8943176269531 0
1701194130397 424.8943176269531 0
1701194176485 424.8943176269531 0
1701194222312 424.8943176269531 0
1701194267586 424.8943176269531 0
1701194312562 424.8943176269531 0
1701194357401 424.8943176269531 0
1701194402382 424.8943176269531 0
1701194450209 424.8943176269531 0
1701194498889 424.8943176269531 0
1701194548275 424.8943176269531 0
1701194594516 424.8943176269531 0
1701194639509 424.8943176269531 0
1701194684421 424.8943176269531 0
1701194729581 424.8943176269531 0
1701194774716 424.8943176269531 0
