1701145892325 4.999617151607964e-05 0
1701145933130 4.996171516079633e-05 0
1701145977884 4.992343032159265e-05 0
1701146022883 4.988514548238898e-05 0
1701146067574 4.98468606431853e-05 0
1701146112279 4.9808575803981625e-05 0
1701146157378 4.9770290964777946e-05 0
1701146205214 4.9732006125574275e-05 0
1701146254157 4.96937212863706e-05 0
1701146301601 4.9655436447166925e-05 0
1701146346141 4.961715160796325e-05 0
1701146390576 4.9578866768759575e-05 0
1701146435384 4.95405819295559e-05 0
1701146479975 4.9502297090352226e-05 0
1701146524688 4.946401225114855e-05 0
1701146569359 4.942572741194487e-05 0
1701146614049 4.93874425727412e-05 0
1701146659133 4.934915773353752e-05 0
1701146704275 4.931087289433385e-05 0
1701146748897 4.927258805513017e-05 0
1701146793559 4.92343032159265e-05 0
1701146838235 4.919601837672282e-05 0
1701146883087 4.915773353751915e-05 0
1701146927861 4.911944869831547e-05 0
1701146972644 4.908116385911179e-05 0
1701147017231 4.9042879019908114e-05 0
1701147061903 4.900459418070444e-05 0
1701147106371 4.8966309341500764e-05 0
1701147150983 4.892802450229709e-05 0
1701147195618 4.8889739663093414e-05 0
1701147240407 4.885145482388974e-05 0
1701147285051 4.881316998468607e-05 0
1701147329835 4.877488514548239e-05 0
1701147374318 4.8736600306278715e-05 0
1701147419020 4.8698315467075037e-05 0
1701147463651 4.8660030627871365e-05 0
1701147508328 4.862174578866769e-05 0
1701147552987 4.8583460949464015e-05 0
1701147597656 4.854517611026034e-05 0
1701147642329 4.8506891271056666e-05 0
1701147687025 4.846860643185299e-05 0
1701147731782 4.8430321592649316e-05 0
1701147776475 4.839203675344564e-05 0
1701147821251 4.835375191424196e-05 0
1701147866020 4.831546707503829e-05 0
1701147910691 4.827718223583461e-05 0
1701147955365 4.823889739663094e-05 0
1701148000234 4.820061255742726e-05 0
1701148044869 4.816232771822359e-05 0
1701148089663 4.812404287901991e-05 0
1701148134384 4.808575803981624e-05 0
1701148179238 4.804747320061256e-05 0
1701148224115 4.800918836140889e-05 0
1701148268984 4.7970903522205204e-05 0
1701148313688 4.793261868300153e-05 0
1701148358347 4.7894333843797854e-05 0
1701148405325 4.785604900459418e-05 0
1701148453756 4.7817764165390504e-05 0
1701148502155 4.777947932618683e-05 0
1701148548087 4.774119448698316e-05 0
1701148592980 4.770290964777948e-05 0
1701148637761 4.766462480857581e-05 0
1701148682479 4.7626339969372133e-05 0
1701148727280 4.7588055130168455e-05 0
1701148772018 4.754977029096478e-05 0
1701148816867 4.7511485451761105e-05 0
1701148861539 4.747320061255743e-05 0
1701148906894 4.7434915773353756e-05 0
1701148951831 4.739663093415008e-05 0
1701148996582 4.7358346094946406e-05 0
1701149041133 4.732006125574273e-05 0
1701149085910 4.7281776416539056e-05 0
1701149131042 4.724349157733538e-05 0
1701149175911 4.72052067381317e-05 0
1701149220762 4.716692189892803e-05 0
1701149265523 4.712863705972435e-05 0
1701149310599 4.709035222052068e-05 0
1701149355449 4.7052067381317e-05 0
1701149400316 4.701378254211333e-05 0
1701149445379 4.697549770290965e-05 0
1701149490106 4.693721286370598e-05 0
1701149534901 4.68989280245023e-05 0
1701149581708 4.686064318529862e-05 0
1701149628798 4.6822358346094944e-05 0
1701149678109 4.678407350689127e-05 0
1701149724583 4.6745788667687594e-05 0
1701149769688 4.670750382848392e-05 0
1701149814457 4.6669218989280245e-05 0
1701149859257 4.663093415007657e-05 0
1701149904323 4.65926493108729e-05 0
1701149949252 4.6554364471669224e-05 0
1701149993811 4.6516079632465545e-05 0
1701150038442 4.647779479326187e-05 0
1701150083092 4.6439509954058196e-05 0
1701150127743 4.640122511485452e-05 0
1701150172491 4.6362940275650846e-05 0
1701150217284 4.632465543644717e-05 0
1701150262127 4.6286370597243496e-05 0
1701150306924 4.624808575803982e-05 0
1701150351615 4.6209800918836146e-05 0
1701150396302 4.617151607963247e-05 0
1701150441031 4.613323124042879e-05 0
1701150491531 4.609494640122512e-05 0
1701150542674 4.605666156202144e-05 0
1701150608888 4.601837672281777e-05 0
1701150700516 4.598009188361409e-05 0
1701150791402 4.594180704441042e-05 0
1701150884538 4.590352220520674e-05 0
1701150976089 4.586523736600307e-05 0
1701151068653 4.582695252679939e-05 0
1701151160165 4.578866768759571e-05 0
1701151251170 4.5750382848392034e-05 0
1701151341957 4.571209800918836e-05 0
1701151432259 4.5673813169984685e-05 0
1701151522750 4.563552833078101e-05 0
1701151614802 4.5597243491577335e-05 0
1701151706887 4.555895865237366e-05 0
1701151799167 4.552067381316999e-05 0
1701151890260 4.5482388973966314e-05 0
1701151981563 4.5444104134762635e-05 0
1701152072609 4.540581929555896e-05 0
1701152162055 4.5367534456355286e-05 0
1701152252394 4.532924961715161e-05 0
1701152341893 4.5290964777947936e-05 0
1701152432281 4.525267993874426e-05 0
1701152522945 4.5214395099540586e-05 0
1701152612247 4.517611026033691e-05 0
1701152701770 4.5137825421133236e-05 0
1701152791890 4.509954058192956e-05 0
1701152880693 4.506125574272588e-05 0
1701152969603 4.50229709035222e-05 0
1701153058390 4.498468606431853e-05 0
1701153147097 4.494640122511486e-05 0
1701153234477 4.490811638591118e-05 0
1701153322806 4.486983154670751e-05 0
1701153411820 4.483154670750383e-05 0
1701153500753 4.479326186830016e-05 0
1701153591807 4.475497702909648e-05 0
1701153680738 4.47166921898928e-05 0
1701153768626 4.4678407350689124e-05 0
1701153856113 4.464012251148545e-05 0
1701153944068 4.4601837672281775e-05 0
1701154030748 4.45635528330781e-05 0
1701154118081 4.4525267993874425e-05 0
1701154205878 4.4486983154670753e-05 0
1701154292565 4.4448698315467075e-05 0
1701154379162 4.4410413476263404e-05 0
1701154466436 4.437212863705973e-05 0
1701154553959 4.433384379785605e-05 0
1701154640358 4.4295558958652376e-05 0
1701154716427 4.42572741194487e-05 0
1701154761196 4.4218989280245026e-05 0
1701154805781 4.418070444104135e-05 0
1701154850483 4.4142419601837676e-05 0
1701154895209 4.4104134762634e-05 0
1701154939927 4.4065849923430327e-05 0
1701154984483 4.402756508422665e-05 0
1701155029540 4.398928024502298e-05 0
1701155074431 4.39509954058193e-05 0
1701155119235 4.391271056661562e-05 0
1701155163799 4.387442572741195e-05 0
1701155208519 4.383614088820827e-05 0
1701155253147 4.37978560490046e-05 0
1701155297815 4.375957120980092e-05 0
1701155342628 4.372128637059725e-05 0
1701155386975 4.368300153139357e-05 0
1701155431588 4.36447166921899e-05 0
1701155476080 4.360643185298622e-05 0
1701155520754 4.356814701378254e-05 0
1701155566804 4.3529862174578865e-05 0
1701155614620 4.349157733537519e-05 0
1701155662729 4.3453292496171515e-05 0
1701155709683 4.3415007656967844e-05 0
1701155754383 4.3376722817764165e-05 0
1701155799122 4.3338437978560494e-05 0
1701155843881 4.330015313935682e-05 0
1701155888627 4.3261868300153144e-05 0
1701155933091 4.3223583460949466e-05 0
1701155977760 4.318529862174579e-05 0
1701156022473 4.3147013782542116e-05 0
1701156067262 4.310872894333844e-05 0
1701156112458 4.3070444104134766e-05 0
1701156157311 4.303215926493109e-05 0
1701156201732 4.299387442572742e-05 0
1701156246383 4.295558958652374e-05 0
1701156291307 4.291730474732007e-05 0
1701156335928 4.287901990811639e-05 0
1701156380737 4.284073506891271e-05 0
1701156425531 4.280245022970903e-05 0
1701156470211 4.276416539050536e-05 0
1701156514883 4.272588055130169e-05 0
1701156559715 4.268759571209801e-05 0
1701156604587 4.264931087289434e-05 0
1701156649349 4.261102603369066e-05 0
1701156694102 4.257274119448699e-05 0
1701156738817 4.253445635528331e-05 0
1701156783627 4.249617151607963e-05 0
1701156828278 4.2457886676875955e-05 0
1701156872945 4.2419601837672283e-05 0
1701156917630 4.2381316998468605e-05 0
1701156962341 4.2343032159264934e-05 0
1701157007604 4.2304747320061255e-05 0
1701157052753 4.2266462480857584e-05 0
1701157098077 4.2228177641653906e-05 0
1701157143076 4.2189892802450234e-05 0
1701157187677 4.2151607963246556e-05 0
1701157234030 4.211332312404288e-05 0
1701157282170 4.2075038284839206e-05 0
1701157331050 4.203675344563553e-05 0
1701157377959 4.1998468606431857e-05 0
1701157423123 4.196018376722818e-05 0
1701157468023 4.192189892802451e-05 0
1701157512981 4.188361408882083e-05 0
1701157557945 4.184532924961716e-05 0
1701157602498 4.180704441041348e-05 0
1701157647187 4.17687595712098e-05 0
1701157691749 4.173047473200612e-05 0
1701157736282 4.169218989280245e-05 0
1701157780827 4.165390505359878e-05 0
1701157825516 4.16156202143951e-05 0
1701157870445 4.157733537519143e-05 0
1701157915540 4.153905053598775e-05 0
1701157960356 4.150076569678408e-05 0
1701158005035 4.14624808575804e-05 0
1701158049886 4.142419601837672e-05 0
1701158094499 4.1385911179173045e-05 0
1701158139215 4.1347626339969374e-05 0
1701158184466 4.1309341500765695e-05 0
1701158230171 4.1271056661562024e-05 0
1701158275471 4.1232771822358346e-05 0
1701158320599 4.1194486983154674e-05 0
1701158365601 4.1156202143950996e-05 0
1701158410218 4.1117917304747324e-05 0
1701158454976 4.1079632465543646e-05 0
1701158499546 4.104134762633997e-05 0
1701158544247 4.1003062787136296e-05 0
1701158588988 4.096477794793262e-05 0
1701158633882 4.092649310872895e-05 0
1701158678898 4.088820826952527e-05 0
1701158724021 4.08499234303216e-05 0
1701158769660 4.081163859111792e-05 0
1701158814702 4.077335375191425e-05 0
1701158859725 4.073506891271057e-05 0
1701158907508 4.069678407350689e-05 0
1701158955628 4.065849923430321e-05 0
1701159003149 4.062021439509954e-05 0
1701159048285 4.058192955589586e-05 0
1701159093338 4.054364471669219e-05 0
1701159137963 4.050535987748852e-05 0
1701159182655 4.046707503828484e-05 0
1701159227279 4.042879019908117e-05 0
1701159272015 4.039050535987749e-05 0
1701159316715 4.035222052067382e-05 0
1701159361440 4.0313935681470135e-05 0
1701159405991 4.0275650842266464e-05 0
1701159450767 4.0237366003062785e-05 0
1701159495427 4.0199081163859114e-05 0
1701159540059 4.0160796324655436e-05 0
1701159585109 4.0122511485451764e-05 0
1701159630251 4.0084226646248086e-05 0
1701159674923 4.0045941807044414e-05 0
1701159719589 4.0007656967840736e-05 0
1701159802701 3.9969372128637065e-05 0
1701159847730 3.9931087289433386e-05 0
1701159892495 3.989280245022971e-05 0
1701159937314 3.985451761102604e-05 0
1701159981999 3.981623277182236e-05 0
1701160026895 3.977794793261869e-05 0
1701160071759 3.973966309341501e-05 0
1701160116625 3.970137825421134e-05 0
1701160161546 3.966309341500766e-05 0
1701160206529 3.962480857580399e-05 0
1701160251514 3.958652373660031e-05 0
1701160296398 3.954823889739663e-05 0
1701160341121 3.950995405819295e-05 0
1701160386035 3.947166921898928e-05 0
1701160431078 3.943338437978561e-05 0
1701160475932 3.939509954058193e-05 0
1701160520795 3.935681470137826e-05 0
1701160565783 3.931852986217458e-05 0
1701160610646 3.928024502297091e-05 0
1701160655534 3.924196018376723e-05 0
1701160700230 3.9203675344563554e-05 0
1701160745234 3.9165390505359876e-05 0
1701160790118 3.9127105666156204e-05 0
1701160835775 3.9088820826952526e-05 0
1701160880752 3.9050535987748854e-05 0
1701160925422 3.9012251148545176e-05 0
1701160972813 3.8973966309341505e-05 0
1701161026400 3.8935681470137826e-05 0
1701161088216 3.8897396630934155e-05 0
1701161181324 3.8859111791730477e-05 0
1701161273311 3.88208269525268e-05 0
1701161367262 3.878254211332313e-05 0
1701161461222 3.874425727411945e-05 0
1701161554101 3.870597243491578e-05 0
1701161646707 3.86676875957121e-05 0
1701161739899 3.862940275650843e-05 0
1701161832954 3.859111791730475e-05 0
1701161924685 3.855283307810108e-05 0
1701162018044 3.85145482388974e-05 0
1701162110829 3.847626339969372e-05 0
1701162202895 3.843797856049004e-05 0
1701162295446 3.839969372128637e-05 0
1701162392312 3.836140888208269e-05 0
1701162486714 3.832312404287902e-05 0
1701162579537 3.828483920367535e-05 0
1701162672943 3.824655436447167e-05 0
1701162765269 3.8208269525268e-05 0
1701162857922 3.816998468606432e-05 0
1701162950898 3.8131699846860644e-05 0
1701163044215 3.8093415007656966e-05 0
1701163137060 3.8055130168453294e-05 0
1701163228791 3.8016845329249616e-05 0
1701163320762 3.7978560490045944e-05 0
1701163412434 3.7940275650842266e-05 0
1701163503255 3.7901990811638595e-05 0
1701163591584 3.7863705972434916e-05 0
1701163680280 3.7825421133231245e-05 0
1701163769741 3.778713629402757e-05 0
1701163859258 3.774885145482389e-05 0
1701163948610 3.771056661562022e-05 0
1701164038170 3.767228177641654e-05 0
1701164128276 3.763399693721287e-05 0
1701164223336 3.759571209800919e-05 0
1701164315222 3.755742725880552e-05 0
1701164404224 3.751914241960184e-05 0
1701164492918 3.748085758039817e-05 0
1701164581584 3.744257274119449e-05 0
1701164669775 3.740428790199081e-05 0
1701164759233 3.736600306278713e-05 0
1701164847468 3.732771822358346e-05 0
1701164935389 3.728943338437978e-05 0
1701165023757 3.725114854517611e-05 0
1701165110739 3.721286370597244e-05 0
1701165198601 3.717457886676876e-05 0
1701165267707 3.713629402756509e-05 0
1701165312954 3.709800918836141e-05 0
1701165357827 3.7059724349157734e-05 0
1701165403086 3.7021439509954056e-05 0
1701165448193 3.6983154670750384e-05 0
1701165493203 3.6944869831546706e-05 0
1701165538461 3.6906584992343035e-05 0
1701165583447 3.6868300153139356e-05 0
1701165628448 3.6830015313935685e-05 0
1701165673607 3.6791730474732007e-05 0
1701165718482 3.6753445635528335e-05 0
1701165763679 3.671516079632466e-05 0
1701165812391 3.667687595712098e-05 0
1701165861720 3.663859111791731e-05 0
1701165909286 3.660030627871363e-05 0
1701165954478 3.656202143950996e-05 0
1701165999727 3.652373660030628e-05 0
1701166045609 3.648545176110261e-05 0
1701166090829 3.644716692189893e-05 0
1701166135729 3.640888208269526e-05 0
1701166180737 3.637059724349158e-05 0
1701166226058 3.633231240428791e-05 0
1701166271417 3.629402756508423e-05 0
1701166316627 3.625574272588055e-05 0
1701166361678 3.621745788667687e-05 0
1701166406631 3.61791730474732e-05 0
1701166451683 3.6140888208269524e-05 0
1701166496682 3.610260336906585e-05 0
1701166541755 3.606431852986218e-05 0
1701166586846 3.60260336906585e-05 0
1701166632073 3.598774885145483e-05 0
1701166677338 3.594946401225115e-05 0
1701166722390 3.5911179173047474e-05 0
1701166767482 3.5872894333843796e-05 0
1701166812621 3.5834609494640125e-05 0
1701166857710 3.5796324655436446e-05 0
1701166903460 3.5758039816232775e-05 0
1701166949382 3.57197549770291e-05 0
1701166994234 3.5681470137825425e-05 0
1701167039403 3.564318529862175e-05 0
1701167084518 3.5604900459418075e-05 0
1701167130091 3.55666156202144e-05 0
1701167175942 3.552833078101072e-05 0
1701167222126 3.549004594180705e-05 0
1701167271998 3.545176110260337e-05 0
1701167323335 3.54134762633997e-05 0
1701167368444 3.537519142419602e-05 0
1701167414036 3.533690658499235e-05 0
1701167458688 3.529862174578867e-05 0
1701167504004 3.5260336906585e-05 0
1701167549078 3.522205206738132e-05 0
1701167594108 3.518376722817764e-05 0
1701167639184 3.5145482388973963e-05 0
1701167684222 3.510719754977029e-05 0
1701167729391 3.5068912710566614e-05 0
1701167774515 3.503062787136294e-05 0
1701167819597 3.499234303215927e-05 0
1701167865732 3.495405819295559e-05 0
1701167910466 3.491577335375192e-05 0
1701167956579 3.487748851454824e-05 0
1701168006511 3.4839203675344565e-05 0
1701168052041 3.4800918836140886e-05 0
1701168096911 3.4762633996937215e-05 0
1701168141683 3.4724349157733537e-05 0
1701168189285 3.4686064318529865e-05 0
1701168237879 3.464777947932619e-05 0
1701168286331 3.4609494640122515e-05 0
1701168331879 3.457120980091884e-05 0
1701168376623 3.4532924961715166e-05 0
1701168421440 3.449464012251149e-05 0
1701168466086 3.445635528330781e-05 0
1701168510711 3.441807044410414e-05 0
1701168555359 3.437978560490046e-05 0
1701168600167 3.434150076569679e-05 0
1701168645039 3.430321592649311e-05 0
1701168689979 3.426493108728944e-05 0
1701168734619 3.422664624808576e-05 0
1701168779271 3.418836140888209e-05 0
1701168824034 3.415007656967841e-05 0
1701168869026 3.411179173047473e-05 0
1701168913799 3.4073506891271054e-05 0
1701168958399 3.403522205206738e-05 0
1701169003019 3.3996937212863704e-05 0
1701169047678 3.395865237366003e-05 0
1701169092159 3.3920367534456354e-05 0
1701169136875 3.388208269525268e-05 0
1701169181802 3.384379785604901e-05 0
1701169226651 3.380551301684533e-05 0
1701169271252 3.3767228177641655e-05 0
1701169316427 3.3728943338437976e-05 0
1701169361337 3.3690658499234305e-05 0
1701169406268 3.365237366003063e-05 0
1701169451450 3.3614088820826955e-05 0
1701169496298 3.357580398162328e-05 0
1701169541247 3.3537519142419605e-05 0
1701169586387 3.349923430321593e-05 0
1701169631305 3.3460949464012256e-05 0
1701169676363 3.342266462480858e-05 0
1701169721661 3.33843797856049e-05 0
1701169769685 3.334609494640122e-05 0
1701169818421 3.330781010719755e-05 0
1701169866910 3.326952526799388e-05 0
1701169912231 3.32312404287902e-05 0
1701169956734 3.319295558958653e-05 0
1701170001179 3.315467075038285e-05 0
1701170045752 3.311638591117918e-05 0
1701170090567 3.30781010719755e-05 0
1701170135333 3.303981623277182e-05 0
1701170180099 3.3001531393568144e-05 0
1701170225185 3.296324655436447e-05 0
1701170270163 3.2924961715160794e-05 0
1701170315597 3.288667687595712e-05 0
1701170360848 3.2848392036753444e-05 0
1701170405870 3.281010719754977e-05 0
1701170451445 3.27718223583461e-05 0
1701170497430 3.273353751914242e-05 0
1701170542317 3.269525267993875e-05 0
1701170586948 3.2656967840735066e-05 0
1701170631710 3.2618683001531395e-05 0
1701170676777 3.258039816232772e-05 0
1701170721684 3.2542113323124045e-05 0
1701170766349 3.250382848392037e-05 0
1701170811380 3.2465543644716696e-05 0
1701170856326 3.242725880551302e-05 0
1701170901128 3.2388973966309346e-05 0
1701170946181 3.235068912710567e-05 0
1701170991925 3.2312404287901996e-05 0
1701171036844 3.227411944869832e-05 0
1701171081514 3.223583460949464e-05 0
1701171126126 3.219754977029097e-05 0
1701171170826 3.215926493108729e-05 0
1701171215523 3.212098009188362e-05 0
1701171260189 3.208269525267994e-05 0
1701171305079 3.204441041347627e-05 0
1701171349618 3.200612557427259e-05 0
1701171394288 3.196784073506892e-05 0
1701171438935 3.192955589586524e-05 0
1701171483630 3.189127105666156e-05 0
1701171528210 3.1852986217457884e-05 0
1701171572970 3.181470137825421e-05 0
1701171617663 3.1776416539050534e-05 0
1701171662277 3.173813169984686e-05 0
1701171706967 3.1699846860643185e-05 0
1701171754284 3.166156202143951e-05 0
1701171802328 3.162327718223584e-05 0
1701171851175 3.158499234303216e-05 0
1701171896686 3.1546707503828485e-05 0
1701171941276 3.150842266462481e-05 0
1701171985954 3.1470137825421135e-05 0
1701172030667 3.143185298621746e-05 0
1701172075470 3.1393568147013786e-05 0
1701172120509 3.135528330781011e-05 0
1701172165303 3.1316998468606436e-05 0
1701172210286 3.127871362940276e-05 0
1701172255215 3.1240428790199086e-05 0
1701172299794 3.120214395099541e-05 0
1701172344418 3.116385911179173e-05 0
1701172389062 3.112557427258805e-05 0
1701172433839 3.108728943338438e-05 0
1701172478417 3.104900459418071e-05 0
1701172523070 3.101071975497703e-05 0
1701172567974 3.097243491577336e-05 0
1701172612686 3.093415007656968e-05 0
1701172657342 3.089586523736601e-05 0
1701172702063 3.085758039816233e-05 0
1701172746795 3.081929555895865e-05 0
1701172791643 3.0781010719754974e-05 0
1701172836249 3.07427258805513e-05 0
1701172880818 3.0704441041347624e-05 0
1701172925614 3.066615620214395e-05 0
1701172970651 3.0627871362940275e-05 0
1701173015138 3.05895865237366e-05 0
1701173062456 3.055130168453293e-05 0
1701173111055 3.051301684532925e-05 0
1701173159346 3.047473200612558e-05 0
1701173204666 3.04364471669219e-05 0
1701173249283 3.0398162327718225e-05 0
1701173293939 3.0359877488514547e-05 0
1701173338703 3.0321592649310876e-05 0
1701173383658 3.0283307810107198e-05 0
1701173428419 3.0245022970903526e-05 0
1701173473195 3.0206738131699848e-05 0
1701173517850 3.0168453292496173e-05 0
1701173562631 3.0130168453292495e-05 0
1701173607665 3.0091883614088823e-05 0
1701173652361 3.0053598774885145e-05 0
1701173697330 3.001531393568147e-05 0
1701173790801 2.99770290964778e-05 0
1701173835600 2.993874425727412e-05 0
1701173880310 2.990045941807045e-05 0
1701173927410 2.986217457886677e-05 0
1701173972173 2.9823889739663096e-05 0
1701174016915 2.9785604900459417e-05 0
1701174061656 2.9747320061255746e-05 0
1701174106287 2.9709035222052068e-05 0
1701174151211 2.9670750382848396e-05 0
1701174196122 2.9632465543644718e-05 0
1701174241051 2.9594180704441043e-05 0
1701174285715 2.9555895865237365e-05 0
1701174330395 2.9517611026033693e-05 0
1701174375262 2.9479326186830015e-05 0
1701174419959 2.944104134762634e-05 0
1701174464523 2.940275650842267e-05 0
1701174509095 2.936447166921899e-05 0
1701174553874 2.932618683001532e-05 0
1701174598420 2.928790199081164e-05 0
1701174643030 2.9249617151607966e-05 0
1701174688059 2.9211332312404288e-05 0
1701174732802 2.9173047473200616e-05 0
1701174777910 2.9134762633996938e-05 0
1701174826534 2.9096477794793263e-05 0
1701174875284 2.9058192955589585e-05 0
1701174922447 2.9019908116385913e-05 0
1701174968208 2.8981623277182235e-05 0
1701175013178 2.8943338437978564e-05 0
1701175057811 2.8905053598774885e-05 0
1701175102494 2.886676875957121e-05 0
1701175147323 2.882848392036754e-05 0
1701175192709 2.879019908116386e-05 0
1701175238045 2.8751914241960186e-05 0
1701175282989 2.8713629402756508e-05 0
1701175327692 2.8675344563552836e-05 0
1701175372431 2.8637059724349158e-05 0
1701175417570 2.8598774885145486e-05 0
1701175462814 2.8560490045941808e-05 0
1701175507785 2.8522205206738133e-05 0
1701175552343 2.8483920367534455e-05 0
1701175597068 2.8445635528330783e-05 0
1701175642337 2.8407350689127105e-05 0
1701175687943 2.836906584992343e-05 0
1701175733211 2.833078101071976e-05 0
1701175778063 2.829249617151608e-05 0
1701175822695 2.825421133231241e-05 0
1701175867352 2.821592649310873e-05 0
1701175912179 2.8177641653905056e-05 0
1701175956981 2.8139356814701378e-05 0
1701176001608 2.8101071975497706e-05 0
1701176046773 2.8062787136294028e-05 0
1701176092023 2.8024502297090353e-05 0
1701176136814 2.7986217457886675e-05 0
1701176181423 2.7947932618683003e-05 0
1701176226236 2.7909647779479325e-05 0
1701176271185 2.7871362940275654e-05 0
1701176315803 2.7833078101071975e-05 0
1701176360503 2.77947932618683e-05 0
1701176405171 2.775650842266463e-05 0
1701176449920 2.771822358346095e-05 0
1701176494591 2.767993874425728e-05 0
1701176539214 2.76416539050536e-05 0
1701176583743 2.7603369065849926e-05 0
1701176628447 2.7565084226646248e-05 0
1701176673039 2.7526799387442576e-05 0
1701176717615 2.7488514548238898e-05 0
1701176762157 2.7450229709035223e-05 0
1701176806787 2.7411944869831545e-05 0
1701176852058 2.7373660030627874e-05 0
1701176897104 2.7335375191424195e-05 0
1701176942623 2.7297090352220524e-05 0
1701176987631 2.7258805513016846e-05 0
1701177035417 2.722052067381317e-05 0
1701177083862 2.71822358346095e-05 0
1701177132382 2.714395099540582e-05 0
1701177177255 2.7105666156202146e-05 0
1701177221800 2.7067381316998468e-05 0
1701177266467 2.7029096477794796e-05 0
1701177311150 2.6990811638591118e-05 0
1701177356224 2.6952526799387447e-05 0
1701177403761 2.691424196018377e-05 0
1701177457457 2.6875957120980093e-05 0
1701177521892 2.6837672281776415e-05 0
1701177614381 2.6799387442572744e-05 0
1701177706085 2.6761102603369066e-05 0
1701177798445 2.672281776416539e-05 0
1701177892527 2.6684532924961712e-05 0
1701177985413 2.664624808575804e-05 0
1701178079089 2.660796324655437e-05 0
1701178172022 2.656967840735069e-05 0
1701178265009 2.6531393568147016e-05 0
1701178361003 2.6493108728943338e-05 0
1701178455485 2.6454823889739667e-05 0
1701178548340 2.6416539050535988e-05 0
1701178641599 2.6378254211332313e-05 0
1701178734389 2.6339969372128635e-05 0
1701178826788 2.6301684532924964e-05 0
1701178919585 2.6263399693721285e-05 0
1701179012210 2.6225114854517614e-05 0
1701179104230 2.6186830015313936e-05 0
1701179197733 2.614854517611026e-05 0
1701179290407 2.611026033690659e-05 0
1701179382609 2.607197549770291e-05 0
1701179476321 2.603369065849924e-05 0
1701179569491 2.5995405819295558e-05 0
1701179661131 2.5957120980091886e-05 0
1701179752810 2.5918836140888208e-05 0
1701179843639 2.5880551301684537e-05 0
1701179933745 2.584226646248086e-05 0
1701180022763 2.5803981623277184e-05 0
1701180113135 2.5765696784073505e-05 0
1701180203078 2.5727411944869834e-05 0
1701180292518 2.5689127105666156e-05 0
1701180381299 2.5650842266462484e-05 0
1701180471885 2.5612557427258806e-05 0
1701180560055 2.557427258805513e-05 0
1701180648988 2.553598774885146e-05 0
1701180738530 2.549770290964778e-05 0
1701180828242 2.5459418070444106e-05 0
1701180920152 2.5421133231240428e-05 0
1701181011572 2.5382848392036757e-05 0
1701181100875 2.534456355283308e-05 0
1701181189198 2.5306278713629407e-05 0
1701181278690 2.526799387442573e-05 0
1701181366496 2.5229709035222054e-05 0
1701181455089 2.5191424196018376e-05 0
1701181543200 2.5153139356814704e-05 0
1701181630863 2.5114854517611026e-05 0
1701181680415 2.507656967840735e-05 0
1701181725067 2.5038284839203673e-05 0
1701181769723 2.5e-05 0
1701181814349 2.4961715160796326e-05 0
1701181859021 2.492343032159265e-05 0
1701181903652 2.4885145482388973e-05 0
1701181948379 2.48468606431853e-05 0
1701181992931 2.4808575803981623e-05 0
1701182037601 2.477029096477795e-05 0
1701182082445 2.4732006125574274e-05 0
1701182127129 2.46937212863706e-05 0
1701182171857 2.4655436447166924e-05 0
1701182216506 2.461715160796325e-05 0
1701182261210 2.4578866768759574e-05 0
1701182306972 2.4540581929555896e-05 0
1701182355743 2.450229709035222e-05 0
1701182403736 2.4464012251148546e-05 0
1701182451839 2.442572741194487e-05 0
1701182496464 2.4387442572741197e-05 0
1701182541151 2.4349157733537518e-05 0
1701182585607 2.4310872894333843e-05 0
1701182630151 2.427258805513017e-05 0
1701182674714 2.4234303215926494e-05 0
1701182719227 2.419601837672282e-05 0
1701182763918 2.4157733537519144e-05 0
1701182808599 2.411944869831547e-05 0
1701182853163 2.4081163859111794e-05 0
1701182898266 2.404287901990812e-05 0
1701182943391 2.4004594180704444e-05 0
1701182988867 2.3966309341500766e-05 0
1701183034004 2.392802450229709e-05 0
1701183079339 2.3889739663093416e-05 0
1701183124294 2.385145482388974e-05 0
1701183168982 2.3813169984686067e-05 0
1701183213799 2.377488514548239e-05 0
1701183258551 2.3736600306278714e-05 0
1701183303111 2.369831546707504e-05 0
1701183347772 2.3660030627871364e-05 0
1701183392355 2.362174578866769e-05 0
1701183437261 2.3583460949464014e-05 0
1701183487843 2.354517611026034e-05 0
1701183540780 2.3506891271056664e-05 0
1701183620021 2.346860643185299e-05 0
1701183713843 2.343032159264931e-05 0
1701183807985 2.3392036753445636e-05 0
1701183902995 2.335375191424196e-05 0
1701184000249 2.3315467075038287e-05 0
1701184100241 2.3277182235834612e-05 0
1701184199771 2.3238897396630934e-05 0
1701184298509 2.320061255742726e-05 0
1701184397209 2.3162327718223584e-05 0
1701184495991 2.312404287901991e-05 0
1701184592402 2.3085758039816234e-05 0
1701184690893 2.304747320061256e-05 0
1701184789354 2.3009188361408884e-05 0
1701184887772 2.297090352220521e-05 0
1701184984831 2.2932618683001535e-05 0
1701185084056 2.2894333843797856e-05 0
1701185182450 2.285604900459418e-05 0
1701185281026 2.2817764165390507e-05 0
1701185379768 2.277947932618683e-05 0
1701185477835 2.2741194486983157e-05 0
1701185576505 2.270290964777948e-05 0
1701185675134 2.2664624808575804e-05 0
1701185773724 2.262633996937213e-05 0
1701185872837 2.2588055130168454e-05 0
1701185971685 2.254977029096478e-05 0
1701186070976 2.25114854517611e-05 0
1701186171997 2.247320061255743e-05 0
1701186272550 2.2434915773353754e-05 0
1701186370855 2.239663093415008e-05 0
1701186469796 2.23583460949464e-05 0
1701186568456 2.2320061255742726e-05 0
1701186667426 2.228177641653905e-05 0
1701186765237 2.2243491577335377e-05 0
1701186863536 2.2205206738131702e-05 0
1701186962473 2.2166921898928024e-05 0
1701187062768 2.212863705972435e-05 0
1701187161836 2.2090352220520674e-05 0
1701187261923 2.2052067381317e-05 0
1701187360962 2.2013782542113324e-05 0
1701187460431 2.197549770290965e-05 0
1701187559411 2.1937212863705974e-05 0
1701187658525 2.18989280245023e-05 0
1701187757957 2.1860643185298625e-05 0
1701187856974 2.182235834609495e-05 0
1701187956701 2.178407350689127e-05 0
1701188058102 2.1745788667687597e-05 0
1701188159552 2.1707503828483922e-05 0
1701188259123 2.1669218989280247e-05 0
1701188358684 2.1630934150076572e-05 0
1701188457934 2.1592649310872894e-05 0
1701188558121 2.155436447166922e-05 0
1701188658118 2.1516079632465544e-05 0
1701188757299 2.147779479326187e-05 0
1701188856558 2.1439509954058194e-05 0
1701188955483 2.1401225114854516e-05 0
1701189054819 2.1362940275650845e-05 0
1701189153992 2.132465543644717e-05 0
1701189253444 2.1286370597243495e-05 0
1701189352532 2.1248085758039817e-05 0
1701189452075 2.1209800918836142e-05 0
1701189551489 2.1171516079632467e-05 0
1701189653184 2.1133231240428792e-05 0
1701189752956 2.1094946401225117e-05 0
1701189851191 2.105666156202144e-05 0
1701189951067 2.1018376722817764e-05 0
1701190023733 2.098009188361409e-05 0
1701190068159 2.0941807044410414e-05 0
1701190112774 2.090352220520674e-05 0
1701190157423 2.086523736600306e-05 0
1701190202505 2.082695252679939e-05 0
1701190247770 2.0788667687595715e-05 0
1701190292990 2.075038284839204e-05 0
1701190337928 2.071209800918836e-05 0
1701190382760 2.0673813169984687e-05 0
1701190427346 2.0635528330781012e-05 0
1701190472390 2.0597243491577337e-05 0
1701190517230 2.0558958652373662e-05 0
1701190561936 2.0520673813169984e-05 0
1701190607435 2.048238897396631e-05 0
1701190652470 2.0444104134762634e-05 0
1701190697143 2.040581929555896e-05 0
1701190741767 2.0367534456355284e-05 0
1701190786395 2.0329249617151606e-05 0
1701190831067 2.029096477794793e-05 0
1701190875719 2.025267993874426e-05 0
1701190920253 2.0214395099540585e-05 0
1701190965103 2.017611026033691e-05 0
1701191010167 2.0137825421133232e-05 0
1701191055203 2.0099540581929557e-05 0
1701191100502 2.0061255742725882e-05 0
1701191148735 2.0022970903522207e-05 0
1701191423007 1.9984686064318532e-05 0
1701191467442 1.9946401225114854e-05 0
1701191512662 1.990811638591118e-05 0
1701191557698 1.9869831546707504e-05 0
1701191602687 1.983154670750383e-05 0
1701191647383 1.9793261868300155e-05 0
1701191692079 1.9754977029096476e-05 0
1701191736695 1.9716692189892805e-05 0
1701191781255 1.967840735068913e-05 0
1701191825909 1.9640122511485455e-05 0
1701191870555 1.9601837672281777e-05 0
1701191915179 1.9563552833078102e-05 0
1701191959799 1.9525267993874427e-05 0
1701192004434 1.9486983154670752e-05 0
1701192049139 1.9448698315467077e-05 0
1701192093811 1.94104134762634e-05 0
1701192138476 1.9372128637059724e-05 0
1701192183830 1.933384379785605e-05 0
1701192228556 1.9295558958652375e-05 0
1701192273191 1.92572741194487e-05 0
1701192318219 1.921898928024502e-05 0
1701192363267 1.9180704441041347e-05 0
1701192408279 1.9142419601837675e-05 0
1701192453197 1.9104134762634e-05 0
1701192498215 1.9065849923430322e-05 0
1701192543239 1.9027565084226647e-05 0
1701192588171 1.8989280245022972e-05 0
1701192633132 1.8950995405819297e-05 0
1701192677821 1.8912710566615622e-05 0
1701192722482 1.8874425727411944e-05 0
1701192767199 1.883614088820827e-05 0
1701192811993 1.8797856049004594e-05 0
1701192856811 1.875957120980092e-05 0
1701192901685 1.8721286370597245e-05 0
1701192947600 1.8683001531393566e-05 0
1701192996729 1.864471669218989e-05 0
1701193045772 1.860643185298622e-05 0
1701193093093 1.8568147013782545e-05 0
1701193138126 1.8529862174578867e-05 0
1701193183780 1.8491577335375192e-05 0
1701193228883 1.8453292496171517e-05 0
1701193273783 1.8415007656967842e-05 0
1701193318720 1.8376722817764168e-05 0
1701193363688 1.833843797856049e-05 0
1701193408532 1.8300153139356814e-05 0
1701193453901 1.826186830015314e-05 0
1701193499013 1.8223583460949465e-05 0
1701193543920 1.818529862174579e-05 0
1701193588958 1.8147013782542115e-05 0
1701193635108 1.8108728943338437e-05 0
1701193680153 1.8070444104134762e-05 0
1701193725250 1.803215926493109e-05 0
1701193770451 1.7993874425727415e-05 0
1701193815479 1.7955589586523737e-05 0
1701193860595 1.7917304747320062e-05 0
1701193905616 1.7879019908116387e-05 0
1701193950531 1.7840735068912713e-05 0
1701193995447 1.7802450229709038e-05 0
1701194040379 1.776416539050536e-05 0
1701194085411 1.7725880551301685e-05 0
1701194130395 1.768759571209801e-05 0
1701194176483 1.7649310872894335e-05 0
1701194222310 1.761102603369066e-05 0
1701194267584 1.7572741194486982e-05 0
1701194312560 1.7534456355283307e-05 0
1701194357399 1.7496171516079635e-05 0
1701194402380 1.745788667687596e-05 0
1701194450207 1.7419601837672282e-05 0
1701194498887 1.7381316998468607e-05 0
1701194548274 1.7343032159264933e-05 0
1701194594514 1.7304747320061258e-05 0
1701194639507 1.7266462480857583e-05 0
1701194684419 1.7228177641653905e-05 0
1701194729580 1.718989280245023e-05 0
1701194774714 1.7151607963246555e-05 0
