1701145892323 7.875 0
1701145933128 10.157421875 0
1701145977881 8.3095703125 0
1701146022881 39.2169921875 0
1701146067571 6.3109375 0
1701146112276 23.19609375 0
1701146157376 6.771484375 0
1701146205211 7.46796875 0
1701146254155 10.1078125 0
1701146301598 24.894140625 0
1701146346138 21.48125 0
1701146390573 42.390625 0
1701146435381 7.548828125 0
1701146479973 8.853125 0
1701146524686 15.5625 0
1701146569356 9.80546875 0
1701146614046 7.952734375 0
1701146659131 8.414453125 0
1701146704272 7.865625 0
1701146748894 22.200390625 0
1701146793556 20.415625 0
1701146838233 25.74609375 0
1701146883085 9.466796875 0
1701146927858 8.35078125 0
1701146972641 11.925 0
1701147017228 9.88203125 0
1701147061901 13.389453125 0
1701147106368 9.226953125 0
1701147150980 10.140625 0
1701147195615 12.03828125 0
1701147240404 11.246875 0
1701147285049 27.136328125 0
1701147329833 9.670703125 0
1701147374316 12.80703125 0
1701147419017 11.667578125 0
1701147463648 10.2078125 0
1701147508325 42.0453125 0
1701147552984 12.59609375 0
1701147597653 21.32734375 0
1701147642326 10.89921875 0
1701147687022 16.1171875 0
1701147731779 42.4125 0
1701147776473 12.4734375 0
1701147821249 13.00390625 0
1701147866018 14.78671875 0
1701147910689 14.18125 0
1701147955363 14.69375 0
1701148000231 20.82421875 0
1701148044866 13.55390625 0
1701148089660 26.98125 0
1701148134382 42.01796875 0
1701148179236 14.75390625 0
1701148224112 14.99921875 0
1701148268982 16.5515625 0
1701148313685 16.9828125 0
1701148358344 15.62734375 0
1701148405322 15.5375 0
1701148453753 15.1421875 0
1701148502152 15.3625 0
1701148548084 16.24921875 0
1701148592977 23.99453125 0
1701148637759 16.48984375 0
1701148682476 15.85859375 0
1701148727277 16.959375 0
1701148772015 42.16953125 0
1701148816864 16.95390625 0
1701148861536 16.96796875 0
1701148906891 17.6171875 0
1701148951828 18.25 0
1701148996579 46.75 0
1701149041130 18.8078125 0
1701149085907 19.675 0
1701149131039 24.3625 0
1701149175908 20.0875 0
1701149220759 21.6734375 0
1701149265520 19.5921875 0
1701149310596 22.5453125 0
1701149355447 20.9859375 0
1701149400313 22.3828125 0
1701149445376 21.3609375 0
1701149490103 26.415625 0
1701149534899 22.5265625 0
1701149581705 23.15 0
1701149628795 23.621875 0
1701149678106 24.8125 0
1701149724581 25.2203125 0
1701149769685 24.375 0
1701149814454 37.728125 0
1701149859254 24.6953125 0
1701149904320 25.1828125 0
1701149949249 30.1078125 0
1701149993808 27.4328125 0
1701150038440 31.5046875 0
1701150083090 35.5359375 0
1701150127740 27.878125 0
1701150172489 28.7921875 0
1701150217282 29.48125 0
1701150262124 39.7171875 0
1701150306922 30.2703125 0
1701150351612 29.6765625 0
1701150396299 30.75625 0
1701150441029 30.6625 0
1701150491528 36.0046875 0
1701150542671 37.6171875 0
1701150608885 31.465625 0
1701150700513 32.00625 0
1701150791400 32.096875 0
1701150884535 57.5078125 0
1701150976087 30.946875 0
1701151068651 30.75625 0
1701151160160 30.99375 0
1701151251168 30.8546875 0
1701151341955 32.821875 0
1701151432257 41.3359375 0
1701151522745 34.184375 0
1701151614800 41.0640625 0
1701151706884 37.8125 0
1701151799162 34.065625 0
1701151890255 34.525 0
1701151981561 36.7375 0
1701152072604 33.515625 0
1701152162049 31.6953125 0
1701152252389 55.8796875 0
1701152341888 31.5359375 0
1701152432276 32.5109375 0
1701152522939 30.1 0
1701152612245 30.6453125 0
1701152701768 36.009375 0
1701152791887 29.6265625 0
1701152880680 35.5859375 0
1701152969600 29.5859375 0
1701153058385 30.659375 0
1701153147095 31.446875 0
1701153234472 29.2046875 0
1701153322797 30.8765625 0
1701153411814 29.7703125 0
1701153500750 29.546875 0
1701153591783 31.284375 0
1701153680736 29.4125 0
1701153768621 34.759375 0
1701153856099 29.3296875 0
1701153944057 29.6796875 0
1701154030746 29.7578125 0
1701154118079 30.0203125 0
1701154205874 28.890625 0
1701154292560 30.0703125 0
1701154379157 29.703125 0
1701154466432 29.6359375 0
1701154553951 31.6171875 0
1701154640353 29.3703125 0
1701154716424 29.853125 0
1701154761193 33.5984375 0
1701154805778 30.134375 0
1701154850480 32.1859375 0
1701154895206 29.725 0
1701154939924 30.2953125 0
1701154984480 32.3734375 0
1701155029537 30.215625 0
1701155074428 34.7390625 0
1701155119232 31.0890625 0
1701155163797 30.2125 0
1701155208516 32.3578125 0
1701155253144 31.2 0
1701155297812 31.6671875 0
1701155342625 31.890625 0
1701155386972 31.3109375 0
1701155431586 31.98125 0
1701155476078 32.4921875 0
1701155520752 31.8140625 0
1701155566802 32.0390625 0
1701155614617 32.3515625 0
1701155662726 32.53125 0
1701155709680 34.0859375 0
1701155754380 38.2796875 0
1701155799120 32.7140625 0
1701155843878 34.0265625 0
1701155888625 33.196875 0
1701155933089 50.89375 0
1701155977757 34.2375 0
1701156022470 34.48125 0
1701156067260 34.696875 0
1701156112455 34.0125 0
1701156157308 34.340625 0
1701156201730 34.175 0
1701156246380 34.971875 0
1701156291304 36.565625 0
1701156335926 35.221875 0
1701156380734 35.55 0
1701156425528 40.928125 0
1701156470208 36.1625 0
1701156514881 36.74375 0
1701156559713 40.06875 0
1701156604584 38.265625 0
1701156649346 35.765625 0
1701156694100 36.390625 0
1701156738815 37.14375 0
1701156783624 37.165625 0
1701156828276 39.80625 0
1701156872942 41.646875 0
1701156917628 56.64375 0
1701156962338 39.06875 0
1701157007601 42.746875 0
1701157052750 38.896875 0
1701157098074 43.75 0
1701157143073 46.946875 0
1701157187674 39.44375 0
1701157234028 40.2625 0
1701157282167 39.571875 0
1701157331048 39.35 0
1701157377957 40.9875 0
1701157423120 40.578125 0
1701157468021 40.6125 0
1701157512978 44.990625 0
1701157557943 45.496875 0
1701157602496 41.359375 0
1701157647185 41.35 0
1701157691746 42.2875 0
1701157736280 58.190625 0
1701157780824 43.375 0
1701157825513 42.28125 0
1701157870443 43.5125 0
1701157915538 48.91875 0
1701157960353 67.19375 0
1701158005032 43.16875 0
1701158049884 44.28125 0
1701158094496 44.73125 0
1701158139212 44.571484375 0
1701158184463 44.4875 0
1701158230168 44.54375 0
1701158275469 67.340625 0
1701158320597 45.659375 0
1701158365599 45.090625 0
1701158410215 46.696875 0
1701158454973 46.2125 0
1701158499544 46.75 0
1701158544244 46.95625 0
1701158588986 48.43125 0
1701158633880 47.609375 0
1701158678896 47.725 0
1701158724018 48.278125 0
1701158769657 48.54375 0
1701158814700 48.425 0
1701158859723 55.1125 0
1701158907505 48.9375 0
1701158955625 49.484375 0
1701159003147 50.671875 0
1701159048282 50.075 0
1701159093335 52.028125 0
1701159137960 52.15625 0
1701159182653 51.80625 0
1701159227276 56.834375 0
1701159272012 52.953125 0
1701159316712 56.878125 0
1701159361437 52.428125 0
1701159405988 72.184375 0
1701159450764 56.53125 0
1701159495424 54.125 0
1701159540057 57.953125 0
1701159585107 55.60625 0
1701159630248 88.60625 0
1701159674921 56.065625 0
1701159719587 58.14375 0
1701159802698 55.278125 0
1701159847728 55.21875 0
1701159892493 54.00625 0
1701159937311 53.478125 0
1701159981996 54.10625 0
1701160026893 53.496875 0
1701160071756 53.571875 0
1701160116623 53.846875 0
1701160161543 52.45625 0
1701160206526 52.1625 0
1701160251512 55.559375 0
1701160296395 50.69375 0
1701160341118 56.253125 0
1701160386032 50.046875 0
1701160431076 51.234375 0
1701160475929 50.090625 0
1701160520793 52.975 0
1701160565780 53.11875 0
1701160610644 49.225 0
1701160655532 49.30625 0
1701160700227 48.29375 0
1701160745231 50.009375 0
1701160790115 48.790625 0
1701160835772 48.2625 0
1701160880749 47.08125 0
1701160925419 47.878125 0
1701160972810 63.9875 0
1701161026397 48.03125 0
1701161088213 47.11875 0
1701161181322 46.434375 0
1701161273309 47.2125 0
1701161367260 46.871875 0
1701161461219 45.459375 0
1701161554098 46.046875 0
1701161646705 49.7125 0
1701161739890 63.45625 0
1701161832952 44.54375 0
1701161924680 43.8625 0
1701162018039 50.178125 0
1701162110821 47.85 0
1701162202893 46.2 0
1701162295444 42.65 0
1701162392309 42.534375 0
1701162486702 41.640625 0
1701162579534 41.20625 0
1701162672940 41.30625 0
1701162765263 43.478125 0
1701162857918 39.578125 0
1701162950889 40.4125 0
1701163044209 39.721875 0
1701163137051 41.584375 0
1701163228786 39.05625 0
1701163320756 39.203125 0
1701163412428 39.11875 0
1701163503245 39.890625 0
1701163591578 40.753125 0
1701163680267 44.959375 0
1701163769739 38.2375 0
1701163859255 39.55 0
1701163948606 37.825 0
1701164038166 36.734375 0
1701164128274 38.103125 0
1701164223334 37.853125 0
1701164315218 36.378125 0
1701164404221 36.325 0
1701164492913 36.925 0
1701164581581 39.4875 0
1701164669772 36.553125 0
1701164759221 35.365625 0
1701164847463 46.33125 0
1701164935384 35.4875 0
1701165023747 34.425 0
1701165110737 45.434375 0
1701165198598 34.909375 0
1701165267704 36.815625 0
1701165312950 36.45625 0
1701165357824 34.271875 0
1701165403083 33.421875 0
1701165448191 33.2640625 0
1701165493200 35.99375 0
1701165538458 48.8203125 0
1701165583444 36.9671875 0
1701165628445 32.5640625 0
1701165673604 32.4734375 0
1701165718479 39.4796875 0
1701165763676 32.0859375 0
1701165812389 32.51875 0
1701165861717 31.759375 0
1701165909283 37.884375 0
1701165954475 31.0453125 0
1701165999724 31.840625 0
1701166045606 30.7375 0
1701166090826 30.54375 0
1701166135726 30.659375 0
1701166180734 29.921875 0
1701166226054 44.6359375 0
1701166271414 44.5984375 0
1701166316624 31.796875 0
1701166361675 30.146875 0
1701166406628 28.9296875 0
1701166451680 29.778125 0
1701166496679 29.1046875 0
1701166541753 34.69375 0
1701166586843 32.8296875 0
1701166632070 30.5375 0
1701166677336 30.9625 0
1701166722387 27.825 0
1701166767480 28.934375 0
1701166812618 27.940625 0
1701166857708 26.9359375 0
1701166903457 26.884375 0
1701166949380 26.721875 0
1701166994231 26.8171875 0
1701167039400 28.9171875 0
1701167084515 26.3234375 0
1701167130088 26.796875 0
1701167175940 26.4171875 0
1701167222123 29.5046875 0
1701167271995 29.1609375 0
1701167323331 26.0140625 0
1701167368441 26.39375 0
1701167414033 25.546875 0
1701167458685 26.05625 0
1701167504001 24.696875 0
1701167549075 25.2078125 0
1701167594105 25.2078125 0
1701167639181 33.3921875 0
1701167684219 24.609375 0
1701167729388 24.975 0
1701167774512 25.21875 0
1701167819595 25.146875 0
1701167865729 29.1515625 0
1701167910463 24.125 0
1701167956577 24.71875 0
1701168006508 24.8484375 0
1701168052038 23.8046875 0
1701168096908 26.071875 0
1701168141680 23.1734375 0
1701168189282 29.5875 0
1701168237876 23.9375 0
1701168286329 25.190625 0
1701168331876 23.296875 0
1701168376620 26.3390625 0
1701168421437 23.796875 0
1701168466084 23.9484375 0
1701168510708 23.3078125 0
1701168555357 23.3828125 0
1701168600164 24.5109375 0
1701168645036 22.496875 0
1701168689976 23.4453125 0
1701168734616 24.96875 0
1701168779268 23.75625 0
1701168824032 23.190625 0
1701168869023 24.6921875 0
1701168913796 28.51875 0
1701168958396 22.35 0
1701169003016 24.0109375 0
1701169047676 22.8828125 0
1701169092157 25.846875 0
1701169136872 28.6140625 0
1701169181799 28.1796875 0
1701169226648 27.8046875 0
1701169271249 23.2125 0
1701169316424 31.0328125 0
1701169361334 23.2640625 0
1701169406265 22.821875 0
1701169451447 22.6765625 0
1701169496296 26.1125 0
1701169541244 22.6921875 0
1701169586384 25.965625 0
1701169631303 23.6390625 0
1701169676361 23.028125 0
1701169721658 21.9078125 0
1701169769682 22.7078125 0
1701169818418 21.5375 0
1701169866907 26.1203125 0
1701169912228 21.81875 0
1701169956731 22.934375 0
1701170001175 29.46875 0
1701170045749 27.8546875 0
1701170090564 22.3734375 0
1701170135331 21.446875 0
1701170180096 21.6296875 0
1701170225182 22.375 0
1701170270160 23.340625 0
1701170315594 22.1734375 0
1701170360846 22.3296875 0
1701170405867 21.6140625 0
1701170451442 23.546875 0
1701170497427 28.053125 0
1701170542314 24.6875 0
1701170586946 37.203125 0
1701170631707 21.7671875 0
1701170676774 22.3140625 0
1701170721682 22.64375 0
1701170766347 23.3671875 0
1701170811377 22.359375 0
1701170856323 23.35625 0
1701170901125 22.61875 0
1701170946179 22.5703125 0
1701170991922 22.078125 0
1701171036842 22.7125 0
1701171081510 23.4 0
1701171126123 22.9109375 0
1701171170823 26.6671875 0
1701171215520 22.6171875 0
1701171260186 22.4359375 0
1701171305077 22.99375 0
1701171349616 23.428125 0
1701171394286 22.540625 0
1701171438932 30.40625 0
1701171483628 22.275 0
1701171528207 22.921875 0
1701171572967 28.803125 0
1701171617660 22.659375 0
1701171662274 23.6171875 0
1701171706964 27.68125 0
1701171754282 23.6375 0
1701171802324 31.1703125 0
1701171851172 38.484375 0
1701171896683 24.7375 0
1701171941274 25.8109375 0
1701171985951 25.578125 0
1701172030664 25.8890625 0
1701172075467 47.4015625 0
1701172120506 26.4734375 0
1701172165300 27.665625 0
1701172210283 28.6046875 0
1701172255212 28.5984375 0
1701172299791 27.734375 0
1701172344415 28.5046875 0
1701172389060 27.5234375 0
1701172433836 27.890625 0
1701172478414 34.965625 0
1701172523068 28.1578125 0
1701172567972 29.0265625 0
1701172612683 28.584375 0
1701172657339 31.2109375 0
1701172702060 28.0703125 0
1701172746792 43.83125 0
1701172791639 28.978125 0
1701172836247 33.521875 0
1701172880815 33.8203125 0
1701172925611 28.925 0
1701172970648 29.8296875 0
1701173015135 29.846875 0
1701173062454 29.8296875 0
1701173111052 31.6890625 0
1701173159343 47.103125 0
1701173204663 43.7515625 0
1701173249280 28.9359375 0
1701173293936 29.534375 0
1701173338701 30.3125 0
1701173383655 33.646875 0
1701173428416 29.671875 0
1701173473192 29.2 0
1701173517847 32.4671875 0
1701173562629 30.0765625 0
1701173607662 29.471875 0
1701173652358 30.184375 0
1701173697327 29.421875 0
1701173790798 34.4140625 0
1701173835597 43.715625 0
1701173880308 43.0546875 0
1701173927408 30.04375 0
1701173972170 30.465625 0
1701174016912 30.1390625 0
1701174061653 32.4546875 0
1701174106284 31.6625 0
1701174151208 32.1890625 0
1701174196119 47.2453125 0
1701174241048 29.74375 0
1701174285712 30.4015625 0
1701174330392 30.2484375 0
1701174375260 33.640625 0
1701174419956 30.3140625 0
1701174464521 30.6453125 0
1701174509092 30.7109375 0
1701174553872 30.215625 0
1701174598417 29.4640625 0
1701174643026 30.734375 0
1701174688056 34.31875 0
1701174732800 29.8859375 0
1701174777908 32.040625 0
1701174826531 29.81875 0
1701174875281 33.0421875 0
1701174922445 35.1171875 0
1701174968205 30.3609375 0
1701175013175 30.6078125 0
1701175057808 30.2015625 0
1701175102491 30.221875 0
1701175147320 30.8015625 0
1701175192707 30.7546875 0
1701175238042 30.8234375 0
1701175282987 32.04375 0
1701175327689 32.0984375 0
1701175372428 30.775 0
1701175417567 34.78125 0
1701175462811 30.6828125 0
1701175507782 41.828125 0
1701175552341 30.259375 0
1701175597065 32.159375 0
1701175642334 30.4921875 0
1701175687941 31.71875 0
1701175733208 29.8796875 0
1701175778060 30.85625 0
1701175822692 35.56875 0
1701175867349 29.878125 0
1701175912176 30.5984375 0
1701175956979 33.2703125 0
1701176001606 31.2984375 0
1701176046770 30.41875 0
1701176092020 31.759375 0
1701176136811 30.871875 0
1701176181420 30.88125 0
1701176226233 44.6640625 0
1701176271182 34.54375 0
1701176315800 30.965625 0
1701176360500 31.040625 0
1701176405169 30.9546875 0
1701176449917 33.35625 0
1701176494588 30.7 0
1701176539212 31.6703125 0
1701176583740 30.2109375 0
1701176628444 30.525 0
1701176673037 36.00625 0
1701176717612 30.3515625 0
1701176762153 31.8734375 0
1701176806785 30.825 0
1701176852055 30.440625 0
1701176897101 33.31875 0
1701176942620 34.31875 0
1701176987629 31.503125 0
1701177035415 30.5015625 0
1701177083858 30.1390625 0
1701177132379 30.2671875 0
1701177177252 35.446875 0
1701177221797 31.109375 0
1701177266464 32.9984375 0
1701177311148 30.5640625 0
1701177356221 29.8265625 0
1701177403758 33.0109375 0
1701177457455 30.1671875 0
1701177521889 30.246875 0
1701177614378 35.8390625 0
1701177706082 30.2140625 0
1701177798440 30.9328125 0
1701177892522 30.0265625 0
1701177985410 31.5796875 0
1701178079085 30.1015625 0
1701178172019 31.7109375 0
1701178265003 39.2359375 0
1701178361001 31.2453125 0
1701178455475 32.19375 0
1701178548330 30.396875 0
1701178641597 30.35625 0
1701178734385 33.2125 0
1701178826785 30.1078125 0
1701178919582 29.8796875 0
1701179012206 31.0421875 0
1701179104225 30.2109375 0
1701179197720 30.5296875 0
1701179290405 30.5703125 0
1701179382606 31.1546875 0
1701179476316 33.15625 0
1701179569488 29.625 0
1701179661129 30.2515625 0
1701179752808 34.3 0
1701179843630 30.01875 0
1701179933739 49.0828125 0
1701180022761 32.5484375 0
1701180113124 31.2453125 0
1701180203068 30.1875 0
1701180292515 30.10625 0
1701180381296 29.9875 0
1701180471880 35.4796875 0
1701180560052 31.084375 0
1701180648986 30.4125 0
1701180738526 30.49375 0
1701180828237 29.971875 0
1701180920147 39.496875 0
1701181011563 30.3015625 0
1701181100871 29.7421875 0
1701181189192 30.421875 0
1701181278687 30.2890625 0
1701181366493 31.0046875 0
1701181455086 30.2609375 0
1701181543197 31.4703125 0
1701181630854 29.8328125 0
1701181680412 29.921875 0
1701181725064 30.0921875 0
1701181769720 30.9203125 0
1701181814346 32.3109375 0
1701181859018 30.5828125 0
1701181903649 30.9046875 0
1701181948376 42.7078125 0
1701181992928 31.6109375 0
1701182037599 29.7234375 0
1701182082443 31.0515625 0
1701182127126 29.4171875 0
1701182171854 30.8546875 0
1701182216504 30.3109375 0
1701182261207 30.259375 0
1701182306970 29.9890625 0
1701182355740 30.453125 0
1701182403733 29.5078125 0
1701182451837 32.4078125 0
1701182496461 29.00625 0
1701182541148 30.1828125 0
1701182585604 39.328125 0
1701182630148 30.703125 0
1701182674712 29.9078125 0
1701182719224 29.415625 0
1701182763916 30.7140625 0
1701182808596 32.0796875 0
1701182853160 29.8859375 0
1701182898264 32.575 0
1701182943389 31.10625 0
1701182988864 30.165625 0
1701183034001 32.3859375 0
1701183079337 29.86875 0
1701183124292 29.915625 0
1701183168980 30.2375 0
1701183213796 29.6359375 0
1701183258548 32.203125 0
1701183303108 30.1390625 0
1701183347770 30.19375 0
1701183392352 29.7515625 0
1701183437258 32.5421875 0
1701183487840 30.84375 0
1701183540777 35.8984375 0
1701183620018 34.359375 0
1701183713841 30.35 0
1701183807982 34.834375 0
1701183902993 30.20625 0
1701184000240 38.3703125 0
1701184100236 31.2609375 0
1701184199765 30.409375 0
1701184298507 33.4390625 0
1701184397199 31.83125 0
1701184495989 30.0859375 0
1701184592394 34.3046875 0
1701184690883 30.0265625 0
1701184789351 32.0734375 0
1701184887768 34.653125 0
1701184984826 30.475 0
1701185084053 30.215625 0
1701185182447 30.66875 0
1701185281023 29.5734375 0
1701185379752 30.371875 0
1701185477821 29.978125 0
1701185576499 30.9875 0
1701185675117 30.028125 0
1701185773721 35.2828125 0
1701185872835 30.1859375 0
1701185971682 30.2390625 0
1701186070974 31.6125 0
1701186171995 43.16875 0
1701186272548 29.6546875 0
1701186370849 29.7984375 0
1701186469794 32.2015625 0
1701186568448 29.690625 0
1701186667421 30.4890625 0
1701186765229 30.196875 0
1701186863525 29.8421875 0
1701186962467 30.4859375 0
1701187062763 32.24375 0
1701187161833 29.5609375 0
1701187261920 29.5171875 0
1701187360959 31.459375 0
1701187460428 30.15625 0
1701187559405 30.003125 0
1701187658522 34.975 0
1701187757955 29.584375 0
1701187856972 29.6796875 0
1701187956696 30.146875 0
1701188058092 29.3328125 0
1701188159550 29.753125 0
1701188259117 29.78125 0
1701188358674 37.5828125 0
1701188457929 29.26875 0
1701188558109 31.1921875 0
1701188658115 32.275 0
1701188757296 29.309375 0
1701188856545 30.1203125 0
1701188955481 30.93125 0
1701189054816 30.0875 0
1701189153989 39.81875 0
1701189253437 43.3125 0
1701189352527 31.209375 0
1701189452069 30.85 0
1701189551483 35.928125 0
1701189653181 29.8875 0
1701189752953 35.0140625 0
1701189851188 30.0953125 0
1701189951060 29.5140625 0
1701190023730 30.11875 0
1701190068156 30.175 0
1701190112771 29.9953125 0
1701190157420 30.5484375 0
1701190202502 32.121875 0
1701190247768 29.9046875 0
1701190292988 34.2640625 0
1701190337925 29.80625 0
1701190382757 31.4140625 0
1701190427343 37.465625 0
1701190472388 29.85625 0
1701190517228 30.5140625 0
1701190561933 30.915625 0
1701190607432 35.21875 0
1701190652467 30.2296875 0
1701190697140 29.6515625 0
1701190741765 30.028125 0
1701190786392 32.3625 0
1701190831064 29.490625 0
1701190875716 29.8671875 0
1701190920250 29.4671875 0
1701190965101 29.634375 0
1701191010164 29.071875 0
1701191055200 38.7046875 0
1701191100499 29.5984375 0
1701191148732 31.8359375 0
1701191423004 29.99375 0
1701191467439 30.4859375 0
1701191512659 30.34375 0
1701191557695 29.9890625 0
1701191602684 31.0484375 0
1701191647380 30.3609375 0
1701191692076 30.76875 0
1701191736692 29.978125 0
1701191781252 30.24375 0
1701191825905 44.55625 0
1701191870552 29.5 0
1701191915176 31.0390625 0
1701191959796 30.5640625 0
1701192004432 35.3125 0
1701192049136 33.8046875 0
1701192093809 30.1921875 0
1701192138473 32.4984375 0
1701192183828 30.121875 0
1701192228553 30.80625 0
1701192273188 30.2765625 0
1701192318217 29.659375 0
1701192363264 34.9125 0
1701192408276 29.346875 0
1701192453194 30.1734375 0
1701192498212 29.3390625 0
1701192543236 36.5203125 0
1701192588168 34.0359375 0
1701192633129 30.734375 0
1701192677819 32.2140625 0
1701192722479 29.7875 0
1701192767197 29.590625 0
1701192811990 35.7875 0
1701192856808 30.05625 0
1701192901554 30.284375 0
1701192947597 30.525 0
1701192996726 34.11875 0
1701193045770 30.5125 0
1701193093090 38.58125 0
1701193138123 35.5 0
1701193183777 29.303125 0
1701193228880 29.365625 0
1701193273779 30.55625 0
1701193318717 30.3 0
1701193363685 29.2125 0
1701193408529 30.65 0
1701193453898 29.63125 0
1701193499011 30.0 0
1701193543917 29.8125 0
1701193588954 32.85625 0
1701193635104 30.9 0
1701193680150 31.40625 0
1701193725247 29.8375 0
1701193770448 32.35 0
1701193815476 30.9625 0
1701193860592 30.40625 0
1701193905613 30.071875 0
1701193950528 29.6125 0
1701193995444 32.459375 0
1701194040376 30.471875 0
1701194085408 29.428125 0
1701194130392 29.609375 0
1701194176480 30.125 0
1701194222307 30.471875 0
1701194267581 38.175 0
1701194312557 29.1375 0
1701194357396 33.4375 0
1701194402377 30.24375 0
1701194450204 34.125 0
1701194498884 30.6125 0
1701194548271 29.55625 0
1701194594511 29.4375 0
1701194639504 29.975 0
1701194684416 30.459375 0
1701194729576 31.490625 0
1701194774711 30.434375 0
