1701145894786 0.00329958836649366 0
1701145935634 0.003594518634321776 0
1701145980392 0.0036929700658729038 0
1701146025377 0.004029493566621771 0
1701146069973 0.00411277824115259 0
1701146114660 0.004449235960609555 0
1701146159881 0.004543854473786033 0
1701146207761 0.004630903505908393 0
1701146256691 0.004963487541119669 0
1701146304033 0.005059974798884416 0
1701146348547 0.005451126419818463 0
1701146393017 0.005598659033602384 0
1701146437823 0.0060048300985227595 0
1701146482415 0.006135307754259653 0
1701146527100 0.0062582214879248425 0
1701146571794 0.006362225416410772 0
1701146616477 0.006449210520235368 0
1701146661581 0.006543759546131667 0
1701146706689 0.006949690030646448 0
1701146751311 0.007082058666901267 0
1701146795966 0.0072276641667815686 0
1701146840646 0.007456472809450614 0
1701146885517 0.007973749094058813 0
1701146930316 0.008140114613765261 0
1701146975054 0.008257326684467534 0
1701147019646 0.008349962030667716 0
1701147064343 0.008691236762802836 0
1701147108780 0.00881220022013768 0
1701147153381 0.008910483029222241 0
1701147198046 0.009350235598074958 0
1701147242839 0.009793768274969387 0
1701147287500 0.01026754181619753 0
1701147332230 0.010494348298700362 0
1701147376714 0.010973792001991074 0
1701147421408 0.012051122793879534 0
1701147466038 0.01217699915633918 0
1701147510758 0.01272524206131851 0
1701147555427 0.013961775778488792 0
1701147600099 0.01414884526494871 0
1701147644721 0.014630061048300155 0
1701147689423 0.014730209359233243 0
1701147734204 0.01513584151169179 0
1701147778963 0.015719221045933856 0
1701147823651 0.017148554479519938 0
1701147868483 0.017614425000749105 0
1701147913122 0.018879830065168864 0
1701147957783 0.019173175868592733 0
1701148002628 0.019921900077187336 0
1701148047320 0.02110001985273213 0
1701148092171 0.021939628019234058 0
1701148136896 0.02262114042445168 0
1701148181761 0.024360823662169857 0
1701148226522 0.02491006471332491 0
1701148271377 0.025300580139604876 0
1701148316125 0.025370494998180806 0
1701148360760 0.026087279764481778 0
1701148407857 0.027722405646131446 0
1701148456211 0.027831183814014178 0
1701148504638 0.028447971442820495 0
1701148550535 0.02874596996010894 0
1701148595437 0.02882724228300579 0
1701148640206 0.029298783892794594 0
1701148684929 0.02961197958709045 0
1701148729726 0.02989870803961482 0
1701148774470 0.030296996158639383 0
1701148819288 0.032169219280153975 0
1701148864028 0.033077998173669215 0
1701148909277 0.03343665414523584 0
1701148954235 0.03377640031162321 0
1701148998988 0.034284443744106 0
1701149043542 0.03470235043856764 0
1701149088324 0.035553921998473646 0
1701149133467 0.03629203472730409 0
1701149178321 0.03698098196266846 0
1701149223191 0.03762454566560261 0
1701149267942 0.0379965688280491 0
1701149313044 0.03827965491176269 0
1701149357904 0.03889500461711785 0
1701149402755 0.039844509387881026 0
1701149447831 0.039888721673599796 0
1701149492542 0.04084413471617229 0
1701149537375 0.04085170234423227 0
1701149584251 0.04184116971307468 0
1701149631349 0.04248126491981467 0
1701149680673 0.04280982610475214 0
1701149727014 0.04387109329045746 0
1701149772172 0.044161887520953166 0
1701149816880 0.044830525014066945 0
1701149861725 0.045909176064278794 0
1701149906767 0.047590231648380894 0
1701149951666 0.04858751077726097 0
1701149996201 0.04925804064063828 0
1701150040858 0.05024396554793718 0
1701150085505 0.05033858406111366 0
1701150130282 0.05176101570920005 0
1701150174981 0.05311532202779938 0
1701150219732 0.05380288322354845 0
1701150264573 0.05510798791529601 0
1701150309378 0.055803749382187046 0
1701150354022 0.05751949842112052 0
1701150398697 0.05997264107274268 0
1701150443503 0.06258285045623779 0
1701150494026 0.06595631584602317 0
1701150545156 0.06984387515740073 0
1701150611318 0.0728098501504394 0
1701150703020 0.07579474884611337 0
1701150793914 0.07856454812183282 0
1701150887129 0.08212598895779545 0
1701150978936 0.08640314754426788 0
1701151071301 0.08962632646214777 0
1701151162689 0.0927530181222629 0
1701151253885 0.09585700689819811 0
1701151344753 0.09896667139517829 0
1701151434779 0.10216336361484823 0
1701151525360 0.1066553470693104 0
1701151617414 0.1099640053788615 0
1701151709680 0.11374882048893468 0
1701151801988 0.11714694660562308 0
1701151893035 0.1215199015918791 0
1701151984479 0.12668594316497367 0
1701152075295 0.1309068826813772 0
1701152164801 0.1339049280616286 0
1701152255061 0.13689352780426103 0
1701152344710 0.14092846330583406 0
1701152435231 0.14458743556175824 0
1701152525906 0.14966125562401014 0
1701152615053 0.15345842788874176 0
1701152704419 0.1565695537804322 0
1701152794629 0.15964480385261495 0
1701152883341 0.16267473710015648 0
1701152972216 0.16645742837011504 0
1701153061133 0.16965966088784173 0
1701153149775 0.17280903674777925 0
1701153237532 0.1762598214063002 0
1701153325613 0.17898131003651593 0
1701153414854 0.1816405033200516 0
1701153503469 0.18393410472054555 0
1701153594557 0.18622015516992677 0
1701153683516 0.189141114758704 0
1701153771496 0.1914158387814161 0
1701153858766 0.19399385934048985 0
1701153946791 0.19701564404630909 0
1701154033549 0.19982453763793787 0
1701154120909 0.2019326232875567 0
1701154208641 0.2046584767998809 0
1701154295287 0.2073314866253749 0
1701154381889 0.20933765945039265 0
1701154469477 0.2119634874126454 0
1701154556659 0.2139073801781847 0
1701154643215 0.21652377176778922 0
1701154718860 0.21944716001421677 0
1701154763628 0.22136840548540027 0
1701154808222 0.22325379274052043 0
1701154852856 0.2257739333291128 0
1701154897629 0.22790969900516647 0
1701154942430 0.2296761879649187 0
1701154987062 0.23143512782655232 0
1701155032004 0.23350106434500897 0
1701155076866 0.23521282234340135 0
1701155121638 0.2372070424297313 0
1701155166256 0.239191826143413 0
1701155210889 0.2408582895530938 0
1701155255620 0.24286005873754235 0
1701155300264 0.24451708577457487 0
1701155345007 0.24646789854672288 0
1701155389431 0.24904780282875416 0
1701155434019 0.2506406625317786 0
1701155478505 0.2528852610390421 0
1701155523233 0.2547851173988896 0
1701155569472 0.2575965273565579 0
1701155617263 0.2591044597057481 0
1701155665368 0.2606350393492941 0
1701155712173 0.2624877138459003 0
1701155756754 0.26433661379344725 0
1701155801561 0.2658407715935781 0
1701155846353 0.2673147330012346 0
1701155891003 0.26879435623248005 0
1701155935533 0.27099743470009124 0
1701155980242 0.2728727564910533 0
1701156024934 0.2750267658208936 0
1701156069742 0.27808100510137684 0
1701156115140 0.2801557489009719 0
1701156159758 0.2818970742003288 0
1701156204181 0.2836063158326816 0
1701156248839 0.2853023465433269 0
1701156293708 0.2872997120872063 0
1701156338329 0.28912686853828823 0
1701156383165 0.29107846034005513 0
1701156427965 0.29269671548215836 0
1701156472620 0.29434138598219717 0
1701156517313 0.2963156195193375 0
1701156562176 0.29762506654843146 0
1701156607056 0.2995653374825117 0
1701156651811 0.30148485349249965 0
1701156696590 0.30305216473001273 0
1701156741260 0.30431444147707887 0
1701156786075 0.30557105779030164 0
1701156830695 0.30680880599071325 0
1701156875338 0.3083949853410375 0
1701156920027 0.31005286352004413 0
1701156964903 0.311441556622945 0
1701157009978 0.31337616712318184 0
1701157055205 0.31527870183163975 0
1701157100488 0.3168063900322494 0
1701157145490 0.31834539910054577 0
1701157190081 0.32054164743176394 0
1701157236806 0.3220900905564659 0
1701157284943 0.32395111541673927 0
1701157333835 0.3261266088238652 0
1701157380390 0.32859015541990805 0
1701157425551 0.3300536920369598 0
1701157470407 0.33217258110565223 0
1701157515363 0.3339920961177411 0
1701157560402 0.3361562686571803 0
1701157604907 0.33768018323522775 0
1701157649604 0.3388594402859248 0
1701157694274 0.34018186707570763 0
1701157738746 0.34198584457753234 0
1701157783231 0.34322894793100306 0
1701157827923 0.34555523321418563 0
1701157872891 0.3473380229633707 0
1701157917996 0.3485053856446953 0
1701157962776 0.3508072575756923 0
1701158007457 0.35243563330852923 0
1701158052310 0.35423968029763414 0
1701158096888 0.35579414256496134 0
1701158141602 0.35696470166117417 0
1701158186927 0.3584381107221613 0
1701158232607 0.35958605031893043 0
1701158277852 0.3607038305831079 0
1701158323007 0.362924311445167 0
1701158367984 0.36462553733371084 0
1701158412660 0.36675501672715105 0
1701158457401 0.3680373326793236 0
1701158501961 0.3704275410101204 0
1701158546676 0.3721464060131132 0
1701158591446 0.37321465203799115 0
1701158636281 0.37475256197193124 0
1701158681385 0.37580359321801776 0
1701158726470 0.37715913471162626 0
1701158772155 0.3796222599059189 0
1701158817071 0.3816089359898641 0
1701158862279 0.38263522837446146 0
1701158910156 0.3840186830629339 0
1701158958446 0.38537954048789225 0
1701159005576 0.38736056725595897 0
1701159050697 0.38867811325918206 0
1701159095730 0.3896592111167512 0
1701159140324 0.39096734159351015 0
1701159185033 0.39225664101734065 0
1701159229655 0.3931963105584673 0
1701159274431 0.39445359719231954 0
1701159319093 0.3958425966569179 0
1701159363847 0.39741899559534893 0
1701159408351 0.3987211563426596 0
1701159453198 0.40088680448309744 0
1701159497850 0.4018636552781021 0
1701159542466 0.40311467678435725 0
1701159587508 0.40468692347175717 0
1701159632679 0.4056694208031491 0
1701159677322 0.4082895282636652 0
1701159722441 0.4115129267613505 0
1701159805123 0.4142056258848912 0
1701159850108 0.4166870685439036 0
1701159894870 0.4183371474705829 0
1701159939722 0.420589705822999 0
1701159984384 0.42219276502342423 0
1701160029298 0.4234635514916534 0
1701160074218 0.42503651806727594 0
1701160119027 0.42628661585595323 0
1701160164011 0.4275329520665302 0
1701160208927 0.428910581404681 0
1701160253963 0.4307796252515032 0
1701160298826 0.4323164782067037 0
1701160343561 0.4339552132576858 0
1701160388526 0.4354522104708024 0
1701160433538 0.43630002848224936 0
1701160478348 0.43714032704348393 0
1701160523153 0.43798062560471845 0
1701160568287 0.4387927262276565 0
1701160613015 0.43992941645142947 0
1701160657993 0.4407264781739428 0
1701160702686 0.4418518892223971 0
1701160747662 0.44262827245682634 0
1701160792591 0.4437198459793249 0
1701160838185 0.4451284896524459 0
1701160883156 0.44590487288687514 0
1701160927842 0.4466718568085389 0
1701160975766 0.4474482400429681 0
1701161029275 0.4483869071142661 0
1701161091193 0.44981587705216874 0
1701161184323 0.45153928621445294 0
1701161276372 0.4522816489397553 0
1701161370422 0.4533372448824848 0
1701161464734 0.455370128463587 0
1701161557326 0.45643324200353474 0
1701161650198 0.45782838275395527 0
1701161743262 0.45855383088551654 0
1701161836478 0.460314828033892 0
1701161928152 0.46156707328835916 0
1701162021564 0.46298441738662327 0
1701162114159 0.4637416286172027 0
1701162205919 0.46480260117684 0
1701162299444 0.466214308466936 0
1701162396166 0.4669940669301878 0
1701162490107 0.46809449714700174 0
1701162583067 0.46884982944152515 0
1701162676470 0.47066765220671736 0
1701162768628 0.4713758364551426 0
1701162861256 0.4718730378645072 0
1701162954349 0.4735162962285966 0
1701163047682 0.4743851498927477 0
1701163140366 0.47507642788590543 0
1701163232064 0.4760920555171571 0
1701163324341 0.47710016925717885 0
1701163415972 0.4777858118319141 0
1701163506828 0.4791013689547623 0
1701163595124 0.4801000903307465 0
1701163683505 0.48045199090335033 0
1701163773175 0.48112636264124065 0
1701163862412 0.48210442081634247 0
1701163952193 0.4830655727361768 0
1701164041571 0.48403048160162615 0
1701164132225 0.48466728388336655 0
1701164227121 0.4856265573303934 0
1701164318735 0.4862689950305563 0
1701164407717 0.48702669699575 0
1701164496421 0.48765207417888345 0
1701164584929 0.48827557335245797 0
1701164673213 0.4891970500427207 0
1701164762695 0.48980176912070555 0
1701164851063 0.4904083662082494 0
1701164938932 0.4916747706541743 0
1701165027126 0.49229451380863093 0
1701165114265 0.49288796482926206 0
1701165201889 0.49400565028190613 0
1701165270100 0.4949963688850403 0
1701165315301 0.49595704674720764 0
1701165360225 0.4972081184387207 0
1701165405482 0.49781832098960876 0
1701165450600 0.4987320601940155 0
1701165495625 0.4994263716929935 0
1701165540859 0.49995007786726087 0
1701165585836 0.5002210035225271 0
1701165630914 0.5010236812070243 0
1701165676025 0.5016786215218856 0
1701165720878 0.5024954024991841 0
1701165766242 0.5034295641696515 0
1701165815356 0.5040264765833325 0
1701165864648 0.5049230965925622 0
1701165911720 0.505799068688111 0
1701165956891 0.5066825491159074 0
1701166002112 0.5072644448650934 0
1701166048011 0.5081516794590135 0
1701166093272 0.5090276515545623 0
1701166138126 0.5099092548992967 0
1701166183178 0.5104761339839876 0
1701166228552 0.5116518136750848 0
1701166273905 0.5118270080941947 0
1701166319079 0.5128776630280549 0
1701166364105 0.5141806627184616 0
1701166409032 0.5148224666946293 0
1701166454093 0.5154304915141565 0
1701166499105 0.5163325201044429 0
1701166544170 0.5165602166417966 0
1701166589323 0.5171063130074832 0
1701166634469 0.5183117284675954 0
1701166679776 0.5191968674795615 0
1701166724854 0.519763606663195 0
1701166769922 0.5203040731694414 0
1701166815082 0.521144173305887 0
1701166860138 0.5215609351588036 0
1701166905894 0.5223993655931146 0
1701166951816 0.5229043009367631 0
1701166996667 0.5233942196159165 0
1701167041784 0.5238916466273175 0
1701167086944 0.5247225687293808 0
1701167132500 0.5249109027299239 0
1701167178381 0.5254102068243867 0
1701167224523 0.52590012550354 0
1701167274935 0.5263787816843221 0
1701167325752 0.5268855941110324 0
1701167370854 0.5273586190426288 0
1701167416414 0.5275150426311196 0
1701167461141 0.5279899446457779 0
1701167506451 0.528449829995941 0
1701167551464 0.5292037916924669 0
1701167596504 0.5296430291289492 0
1701167641574 0.5303800970779182 0
1701167686693 0.5317935406235216 0
1701167731870 0.5322402863922514 0
1701167776911 0.5326982946593527 0
1701167822049 0.533154425843392 0
1701167868115 0.533616188276617 0
1701167912904 0.5340666882114707 0
1701167959470 0.5348281582402442 0
1701168008968 0.5352636415106027 0
1701168054468 0.5356916164487137 0
1701168099292 0.5361158372207009 0
1701168144086 0.5365175329959454 0
1701168192072 0.5372301988651098 0
1701168240854 0.5376412800556637 0
1701168288808 0.5380655008276509 0
1701168334300 0.5384953528488238 0
1701168378991 0.5389214507038729 0
1701168423791 0.5393456714758601 0
1701168468448 0.5397529985002903 0
1701168513097 0.5395102290909525 0
1701168557745 0.5402304032923644 0
1701168602574 0.5406227136522995 0
1701168647393 0.5410018844308013 0
1701168692373 0.5417051648846563 0
1701168736990 0.5420862127462199 0
1701168781679 0.5424747689400312 0
1701168826398 0.5428633251338425 0
1701168871402 0.5432387417462206 0
1701168916175 0.5432806632679361 0
1701168960816 0.5436354319666333 0
1701169005379 0.5440277423265685 0
1701169050089 0.5447479165279804 0
1701169094522 0.5448255026278718 0
1701169139287 0.5455362914139743 0
1701169184213 0.5459135851094142 0
1701169229069 0.546311526718535 0
1701169273645 0.5470110530062661 0
1701169318827 0.5478334602914325 0
1701169363729 0.5482331803116773 0
1701169408730 0.5486253938526687 0
1701169453863 0.5490007178153399 0
1701169498665 0.5493572755798775 0
1701169543651 0.5497382294019887 0
1701169588808 0.5501079235052198 0
1701169633771 0.5504776176084508 0
1701169678837 0.5508473117116819 0
1701169724163 0.5512094993356595 0
1701169772303 0.5515641804803838 0
1701169821212 0.5519319979638015 0
1701169869446 0.5522641596707656 0
1701169914571 0.5524783702711985 0
1701169959115 0.552915346746 0
1701170003541 0.5531653826718503 0
1701170048145 0.5536340921345152 0
1701170092887 0.5539793901801727 0
1701170137742 0.5543415778041504 0
1701170182891 0.5546831226101812 0
1701170227553 0.5553430672445445 0
1701170272576 0.5555561607983446 0
1701170317981 0.5558921586664229 0
1701170363248 0.5562281565345013 0
1701170408296 0.5565622773195178 0
1701170453811 0.5572017369492684 0
1701170499817 0.5575114556544803 0
1701170544712 0.5578024035290733 0
1701170589379 0.5582286829775479 0
1701170634083 0.558141107386258 0
1701170679164 0.5585239378281825 0
1701170724064 0.5593489837770017 0
1701170768735 0.5596136283998044 0
1701170813772 0.5599739394039688 0
1701170858711 0.5603248673090663 0
1701170903469 0.5606739185943505 0
1701170948620 0.561019216640008 0
1701170994337 0.5613457484875318 0
1701171039242 0.5616760335746824 0
1701171083865 0.5620119485212731 0
1701171128524 0.5623215907904768 0
1701171173203 0.5626218499606137 0
1701171217937 0.5629408753288843 0
1701171262594 0.5632523942179013 0
1701171307474 0.5638748064559976 0
1701171352047 0.564188201964828 0
1701171396676 0.5643865852158304 0
1701171441343 0.5647662008673416 0
1701171485975 0.5651002391941189 0
1701171530554 0.5651246352516925 0
1701171575363 0.5645893101865146 0
1701171620044 0.5638891582044295 0
1701171664734 0.5630012979161554 0
1701171709339 0.5619238522386304 0
1701171756817 0.5607225190790206 0
1701171805249 0.5592866837978363 0
1701171854120 0.5571994781494141 0
1701171899081 0.5554139316082001 0
1701171943740 0.5536152422428131 0
1701171988451 0.5519867837429047 0
1701172033153 0.5498048005326425 0
1701172077879 0.5474205911159515 0
1701172122915 0.5445310473442078 0
1701172167730 0.543094832044809 0
1701172212698 0.5420501828193665 0
1701172257585 0.5413160622119904 0
1701172302201 0.5399341881275177 0
1701172346805 0.5393709242343903 0
1701172391478 0.5379120707511902 0
1701172436237 0.5375647246837616 0
1701172480802 0.5360984607681709 0
1701172525463 0.5356120562924005 0
1701172570356 0.5346091991879162 0
1701172615060 0.5337284127047642 0
1701172659751 0.5331368396936921 0
1701172704471 0.5317969143081823 0
1701172749220 0.5311306826191246 0
1701172794056 0.5303886858601644 0
1701172838629 0.5295371115207672 0
1701172883201 0.5291426322311935 0
1701172928030 0.5284626250748807 0
1701172972992 0.5277469269352256 0
1701173017559 0.5273655969553043 0
1701173065123 0.5261633743585082 0
1701173113927 0.5258891173286141 0
1701173161833 0.5258792966140984 0
1701173207067 0.5256106087580864 0
1701173251695 0.523752967310693 0
1701173296325 0.5234817742066062 0
1701173341082 0.5228211430379146 0
1701173386055 0.5222028206667134 0
1701173430854 0.5215325015814193 0
1701173475615 0.5210325813664056 0
1701173520352 0.5203184096306717 0
1701173565101 0.5198505196546643 0
1701173610033 0.5195102645325537 0
1701173654764 0.5187376410232307 0
1701173699693 0.518376707413036 0
1701173793243 0.5179819362768855 0
1701173837960 0.5175044511883987 0
1701173884922 0.5166923505654607 0
1701173929795 0.5163840531067527 0
1701173974536 0.5161979467139961 0
1701174019331 0.5158599803484784 0
1701174064068 0.5154369070431112 0
1701174108666 0.5151793024082876 0
1701174153654 0.5148483650672003 0
1701174198660 0.5144403343682462 0
1701174243454 0.5138875185825664 0
1701174288114 0.5135998287349167 0
1701174332795 0.5133572667065062 0
1701174377691 0.5130300900170223 0
1701174422373 0.5124020611992772 0
1701174466921 0.5119645720627641 0
1701174511483 0.5121670204740731 0
1701174556273 0.5115352603437987 0
1701174600761 0.511401727872809 0
1701174645456 0.5109597388944478 0
1701174690425 0.5107810639346819 0
1701174735161 0.5106270336425366 0
1701174780879 0.5102547291338135 0
1701174829483 0.5099294327701311 0
1701174878230 0.5097225969319517 0
1701174924884 0.5093648297799066 0
1701174970603 0.5092181282339936 0
1701175015555 0.5089454138217194 0
1701175060150 0.5084921436606293 0
1701175104920 0.5084037465752715 0
1701175149722 0.5082965415994121 0
1701175195058 0.5080633237571914 0
1701175240407 0.5077868477668169 0
1701175285417 0.5076062920180009 0
1701175330122 0.5073110081371248 0
1701175374992 0.5071906376379142 0
1701175419992 0.507109763708757 0
1701175465207 0.5068464532417337 0
1701175510130 0.5066790630162689 0
1701175554705 0.5063969446587439 0
1701175599439 0.5061862962851252 0
1701175644758 0.505866562146597 0
1701175690394 0.505753714803587 0
1701175735587 0.5056747216634799 0
1701175780435 0.505768134186305 0
1701175825104 0.5055894592265391 0
1701175869747 0.505519870031683 0
1701175914525 0.5051756856355025 0
1701175959506 0.5050684806596429 0
1701176004000 0.5048785209655762 0
1701176049196 0.5047619120444659 0
1701176094409 0.5047092499510611 0
1701176139217 0.5046227336547535 0
1701176183782 0.5044873168431415 0
1701176228665 0.5048333820283721 0
1701176273546 0.5043970389687336 0
1701176318167 0.5046434223343054 0
1701176362862 0.504255979789971 0
1701176407597 0.5038610140894361 0
1701176452276 0.5038873451361384 0
1701176496989 0.5036861007077706 0
1701176541629 0.503644723348667 0
1701176586104 0.5035901804662122 0
1701176630829 0.5034773331232022 0
1701176675419 0.5033757705144931 0
1701176720002 0.5033362739444397 0
1701176764532 0.503106711596405 0
1701176809269 0.5031744366791582 0
1701176854535 0.5030333427567556 0
1701176899575 0.502993836458483 0
1701176944992 0.5028583862929764 0
1701176990050 0.5028000674717167 0
1701177038160 0.5027304611366648 0
1701177086490 0.5026495672878206 0
1701177134925 0.5025818422050674 0
1701177179670 0.5025159983746128 0
1701177224248 0.5024256982642752 0
1701177268826 0.5024369857780674 0
1701177313732 0.5024595608056518 0
1701177358588 0.5024087669935868 0
1701177406668 0.5023278731447427 0
1701177460320 0.5023391606585349 0
1701177524763 0.5022940106033661 0
1701177617257 0.5021488725212572 0
1701177709089 0.502099947917029 0
1701177802286 0.502035969588423 0
1701177895919 0.5019870449841949 0
1701177989012 0.5019381203799668 0
1701178082471 0.5018346260248688 0
1701178175256 0.5018082820072075 0
1701178268373 0.5019268300866834 0
1701178364739 0.5018854323446442 0
1701178458791 0.50177252941181 0
1701178551716 0.5018763725930545 0
1701178645139 0.5018011225011064 0
1701178737909 0.5017371599229506 0
1701178830244 0.501580594425992 0
1701178922966 0.5015598955549725 0
1701179015571 0.5015711858482559 0
1701179107600 0.5015617772705196 0
1701179201270 0.501556132123878 0
1701179293615 0.5015316698217639 0
1701179385990 0.5014940355108192 0
1701179479871 0.5014413474754966 0
1701179572862 0.501413121742288 0
1701179664672 0.5014055948800992 0
1701179756221 0.5014319388977604 0
1701179846950 0.5014074765956463 0
1701179937072 0.5013491434136821 0
1701180026279 0.5011559539508326 0
1701180116542 0.5015095283948078 0
1701180206805 0.5014286345459636 0
1701180295958 0.501351503201717 0
1701180384658 0.501413584527574 0
1701180475316 0.501332207973757 0
1701180563238 0.501253175920773 0
1701180652482 0.5012305953342062 0
1701180741859 0.5012061330320922 0
1701180831771 0.5012644662140565 0
1701180924170 0.5009546103872784 0
1701181015119 0.5008454708855387 0
1701181104181 0.5011383912723917 0
1701181192542 0.5012042513165449 0
1701181282159 0.5011684987211474 0
1701181370130 0.5011233375480137 0
1701181458584 0.5010612409349551 0
1701181546521 0.5012080147476394 0
1701181634118 0.5011816707299781 0
1701181682787 0.5011609718589585 0
1701181727414 0.5010913483837108 0
1701181772126 0.5011158106858249 0
1701181816679 0.5011666170056002 0
1701181861389 0.5011233375480137 0
1701181906075 0.5011120472547304 0
1701181950732 0.5011271009791083 0
1701181995320 0.5011064021080887 0
1701182040011 0.5011045203925414 0
1701182084833 0.5009953808908018 0
1701182129480 0.5011684987211474 0
1701182174308 0.5010800580904273 0
1701182218943 0.5010593592194078 0
1701182263707 0.5010969935303525 0
1701182309424 0.5011289826946556 0
1701182358234 0.5010857032370691 0
1701182406666 0.5010800580904273 0
1701182454246 0.5008059548590468 0
1701182498839 0.5008943954897668 0
1701182543545 0.5007927828502161 0
1701182587978 0.5008228902989719 0
1701182632554 0.5006849128038772 0
1701182677109 0.5007037253268642 0
1701182721610 0.501141430028362 0
1701182766308 0.5012098964631866 0
1701182810975 0.5010198431929158 0
1701182855507 0.5012343587653006 0
1701182900623 0.5011666170056002 0
1701182945743 0.5009408111399319 0
1701182991229 0.5012061330320922 0
1701183036396 0.501140272987939 0
1701183081707 0.5009483380021209 0
1701183126669 0.5010781763748802 0
1701183171391 0.5009615100109516 0
1701183216126 0.5009276391311013 0
1701183260908 0.5010330152017465 0
1701183305463 0.5009521014332153 0
1701183350121 0.5010424237794827 0
1701183394721 0.5009878540286128 0
1701183439633 0.5009502197176682 0
1701183490741 0.5010217249084631 0
1701183543652 0.5009784454508767 0
1701183622897 0.5010311334861992 0
1701183716709 0.5010236066240104 0
1701183810863 0.5012343587653006 0
1701183906016 0.5009012951134401 0
1701184004062 0.5010819398059746 0
1701184103465 0.5013071184331271 0
1701184203400 0.5012280863801433 0
1701184301955 0.5012055057935764 0
1701184400506 0.5011283554561398 0
1701184499367 0.5009815816434554 0
1701184595756 0.5012563121133518 0
1701184694375 0.501066258843081 0
1701184792705 0.5009853450745498 0
1701184891059 0.5009759364968137 0
1701184988541 0.5008818507194519 0
1701185087383 0.500898786159377 0
1701185185999 0.5007915283731846 0
1701185284046 0.5010054167070537 0
1701185383181 0.501287674039139 0
1701185481290 0.5011634808130215 0
1701185579883 0.500967782396109 0
1701185678563 0.5010900939066794 0
1701185777012 0.5012500397281944 0
1701185876286 0.5009960081293175 0
1701185975250 0.5012029968395134 0
1701186074560 0.5009301480851642 0
1701186175943 0.5008925137742196 0
1701186275894 0.5012053926065179 0
1701186374178 0.50107182369331 0
1701186473289 0.5010436049088295 0
1701186572265 0.5011150924961801 0
1701186670843 0.5010868737116997 0
1701186768448 0.5011244987576736 0
1701186866998 0.5010110618536954 0
1701186965914 0.5012707385992139 0
1701187066052 0.5009376749473532 0
1701187165518 0.5011296099331712 0
1701187265028 0.501223695710533 0
1701187364526 0.5009546103872784 0
1701187463988 0.5010430510179984 0
1701187562976 0.5009715458272035 0
1701187662186 0.5009978898448647 0
1701187761295 0.5009960081293175 0
1701187860522 0.5009903629826759 0
1701187960134 0.5010016532759592 0
1701188061486 0.501024233862526 0
1701188162810 0.5010562230268291 0
1701188262568 0.5011559539508326 0
1701188362055 0.5010844487600375 0
1701188461473 0.5010543413112818 0
1701188561447 0.5009659006805618 0
1701188662031 0.5009489652406366 0
1701188760748 0.5013145052398424 0
1701188860026 0.5011263800099723 0
1701188958820 0.5009941264137703 0
1701189058158 0.5010110618536954 0
1701189157479 0.5010449327335457 0
1701189257000 0.5012975739691542 0
1701189355784 0.5010066069469551 0
1701189455555 0.5009802694147732 0
1701189554693 0.500856106763059 0
1701189656526 0.5007294317601259 0
1701189756297 0.5009288936081328 0
1701189854816 0.5009119581682077 0
1701189954376 0.5010618681734708 0
1701190026102 0.5010693950356597 0
1701190070556 0.5012274591416275 0
1701190115143 0.5011239647865295 0
1701190159849 0.501024233862526 0
1701190204888 0.5011032659155099 0
1701190250135 0.5009621372494673 0
1701190295354 0.5009828361204869 0
1701190340289 0.5010110618536954 0
1701190385170 0.5009602555339201 0
1701190429733 0.5011728893907577 0
1701190474773 0.501127728217624 0
1701190519603 0.5011728893907577 0
1701190564299 0.500992244698223 0
1701190609826 0.5010110618536954 0
1701190654834 0.5009960081293175 0
1701190699662 0.5010223521469789 0
1701190744184 0.500999771560412 0
1701190788733 0.5010279972936206 0
1701190833476 0.5009753092582979 0
1701190878108 0.501024233862526 0
1701190922609 0.5010468144490929 0
1701190967523 0.5010825670444904 0
1701191012690 0.5010430510179984 0
1701191058312 0.5010298790091677 0
1701191103014 0.5013314365105308 0
1701191151587 0.50136153654731 0
1701191425418 0.5009288485186087 0
1701191469858 0.5010567736749204 0
1701191515015 0.5007670608209205 0
1701191560137 0.5011539717103534 0
1701191605098 0.5010311334861992 0
1701191649817 0.5010066711840852 0
1701191694457 0.5010104346151797 0
1701191739108 0.5010179614773687 0
1701191783603 0.5009916174597073 0
1701191828320 0.5011953592609247 0
1701191872919 0.5008931047249334 0
1701191917539 0.5008479546697646 0
1701191962201 0.5011972405132235 0
1701192006781 0.5010900091321975 0
1701192051491 0.501099415393691 0
1701192096168 0.5012122905316131 0
1701192140877 0.5012456490585842 0
1701192186177 0.500933284277743 0
1701192230972 0.5010612409349551 0
1701192275536 0.5010687677971439 0
1701192320623 0.5010687677971439 0
1701192365652 0.5009746820197822 0
1701192410676 0.5010668860815968 0
1701192455582 0.501004789468538 0
1701192500582 0.5010311334861992 0
1701192545627 0.5010480689261244 0
1701192590614 0.5009765637353294 0
1701192635468 0.5010311334861992 0
1701192680220 0.5010066711840852 0
1701192724866 0.5010254883395575 0
1701192769601 0.5010443054950299 0
1701192814353 0.5010273700551048 0
1701192859256 0.5010518323572188 0
1701192904159 0.5009765637353294 0
1701192950480 0.501100756961447 0
1701192999609 0.5010141980462741 0
1701193048676 0.5010819398059746 0
1701193095493 0.5011045203925414 0
1701193140561 0.5012198155408079 0
1701193186188 0.5011709029810416 0
1701193231255 0.501155852962652 0
1701193276215 0.501131396682769 0
1701193321215 0.5010725312282385 0
1701193366113 0.5010160797618214 0
1701193410906 0.5010273700551048 0
1701193456424 0.501100756961447 0
1701193501356 0.5010499506416716 0
1701193546319 0.5010480689261244 0
1701193591434 0.5010367786328409 0
1701193637495 0.5010574775038605 0
1701193682614 0.5010725312282385 0
1701193727654 0.5012273405500026 0
1701193772884 0.5011633779718468 0
1701193817919 0.5009897357441601 0
1701193863053 0.5011101655391832 0
1701193908000 0.5012832833695288 0
1701193952931 0.5011652592241456 0
1701193997868 0.501281896866665 0
1701194042787 0.501319521912639 0
1701194087832 0.5010518323572188 0
1701194132815 0.5010781763748802 0
1701194178924 0.5012268319031118 0
1701194224774 0.5009878540286128 0
1701194269972 0.5010217249084631 0
1701194315002 0.5010085528996324 0
1701194359780 0.5010330152017465 0
1701194404842 0.5009916174597073 0
1701194453022 0.5010217249084631 0
1701194501844 0.5010160797618214 0
1701194550837 0.5010236066240104 0
1701194596907 0.5012889285161706 0
1701194641946 0.5010179614773687 0
1701194687003 0.5009803271664239 0
1701194731978 0.5011383912723917 0
1701194777163 0.5012193050409228 0
