1701145894785 21368152.0 0
1701145935633 23278122.0 0
1701145980391 23915694.0 0
1701146025376 26095022.0 0
1701146069972 26634374.0 0
1701146114658 28813276.0 0
1701146159880 29426026.0 0
1701146207760 29989756.0 0
1701146256689 32143572.0 0
1701146304032 32768424.0 0
1701146348545 35301524.0 0
1701146393015 36256946.0 0
1701146437821 38887312.0 0
1701146482413 39732286.0 0
1701146527099 40528276.0 0
1701146571792 41201806.0 0
1701146616476 41765122.0 0
1701146661579 42377422.0 0
1701146706687 45006230.0 0
1701146751310 45863450.0 0
1701146795965 46806392.0 0
1701146840644 48288158.0 0
1701146885515 51638042.0 0
1701146930315 52715426.0 0
1701146975053 53474492.0 0
1701147019645 54074399.0 0
1701147064342 56284496.0 0
1701147108778 57067856.0 0
1701147153380 57704336.0 0
1701147198045 60552176.0 0
1701147242838 63424496.0 0
1701147287498 66492656.0 0
1701147332228 67961456.0 0
1701147376712 71066336.0 0
1701147421406 78043136.0 0
1701147466037 78858312.0 0
1701147510757 82408736.0 0
1701147555425 90416535.0 0
1701147600097 91627998.0 0
1701147644720 94744354.0 0
1701147689422 95392915.0 0
1701147734203 98019791.0 0
1701147778962 101797760.0 0
1701147823650 111054131.0 0
1701147868482 114071111.0 0
1701147913120 122265881.0 0
1701147957782 124165590.0 0
1701148002626 129014332.0 0
1701148047318 136643842.0 0
1701148092170 142081149.0 0
1701148136895 146494627.0 0
1701148181760 157760825.0 0
1701148226521 161317713.0 0
1701148271376 163846693.0 0
1701148316124 164299462.0 0
1701148360759 168941364.0 0
1701148407856 179530448.0 0
1701148456210 180234896.0 0
1701148504637 184229216.0 0
1701148550534 186159056.0 0
1701148595436 186685376.0 0
1701148640205 189739082.0 0
1701148684927 191767339.0 0
1701148729725 193624194.0 0
1701148774469 196203510.0 0
1701148819287 208328037.0 0
1701148864027 214213294.0 0
1701148909275 216535952.0 0
1701148954234 218736150.0 0
1701148998987 222026242.0 0
1701149043541 224732608.0 0
1701149088323 230247390.0 0
1701149133465 235027412.0 0
1701149178320 239489038.0 0
1701149223189 243656760.0 0
1701149267941 246065984.0 0
1701149313043 247899251.0 0
1701149357903 251884259.0 0
1701149402753 258033257.0 0
1701149447830 258319576.0 0
1701149492541 264506836.0 0
1701149537374 264555844.0 0
1701149584249 270963640.0 0
1701149631347 275108900.0 0
1701149680672 277236664.0 0
1701149727012 284109436.0 0
1701149772171 285992621.0 0
1701149816879 290322721.0 0
1701149861724 297308071.0 0
1701149906766 308194596.0 0
1701149951665 314652981.0 0
1701149996199 318995336.0 0
1701150040857 325380191.0 0
1701150085504 325992941.0 0
1701150130281 335204616.0 0
1701150174980 343975111.0 0
1701150219731 348427761.0 0
1701150264572 356879626.0 0
1701150309377 361385381.0 0
1701150354021 372496581.0 0
1701150398696 388383146.0 0
1701150443501 405286876.0 0
1701150494025 427133456.0 0
1701150545155 452309311.0 0
1701150611317 471516981.0 0
1701150703018 490847201.0 0
1701150793912 508784436.0 0
1701150887127 531848346.0 0
1701150978935 559547248.0 0
1701151071299 580420572.0 0
1701151162688 600669044.0 0
1701151253883 620770492.0 0
1701151344752 640908696.0 0
1701151434777 661610492.0 0
1701151525358 690700601.0 0
1701151617413 712127490.0 0
1701151709678 736637973.0 0
1701151801986 758644256.0 0
1701151893033 786963536.0 0
1701151984478 820418849.0 0
1701152075294 847753676.0 0
1701152164800 867169034.0 0
1701152255060 886523222.0 0
1701152344709 912653486.0 0
1701152435229 936349010.0 0
1701152525905 969207096.0 0
1701152615051 993797604.0 0
1701152704418 1013945272.0 0
1701152794628 1033860608.0 0
1701152883339 1053482472.0 0
1701152972214 1077979201.0 0
1701153061132 1098716876.0 0
1701153149774 1119112251.0 0
1701153237531 1141459551.0 0
1701153325612 1159083926.0 0
1701153414853 1176304876.0 0
1701153503467 1191158251.0 0
1701153594555 1205962726.0 0
1701153683515 1224878876.0 0
1701153771494 1239610001.0 0
1701153858765 1256305276.0 0
1701153946790 1275874370.0 0
1701154033548 1294064780.0 0
1701154120908 1307716754.0 0
1701154208639 1325369396.0 0
1701154295285 1342679822.0 0
1701154381888 1355671808.0 0
1701154469476 1372676684.0 0
1701154556658 1385265344.0 0
1701154643214 1402209110.0 0
1701154718858 1421140988.0 0
1701154763627 1433582984.0 0
1701154808220 1445792762.0 0
1701154852855 1462113206.0 0
1701154897628 1475944436.0 0
1701154942429 1487384228.0 0
1701154987061 1498775132.0 0
1701155032002 1512154148.0 0
1701155076864 1523239502.0 0
1701155121637 1536154082.0 0
1701155166255 1549007552.0 0
1701155210888 1559799578.0 0
1701155255619 1572763046.0 0
1701155300263 1583493962.0 0
1701155345006 1596127436.0 0
1701155389430 1612834910.0 0
1701155434017 1623150278.0 0
1701155478503 1637686310.0 0
1701155523232 1649989790.0 0
1701155569470 1668196496.0 0
1701155617262 1677961874.0 0
1701155665366 1687873916.0 0
1701155712172 1699871846.0 0
1701155756752 1711845332.0 0
1701155801560 1721586266.0 0
1701155846352 1731131648.0 0
1701155891001 1740713696.0 0
1701155935531 1754980844.0 0
1701155980241 1767125438.0 0
1701156024932 1781074814.0 0
1701156069740 1800854084.0 0
1701156115138 1814290136.0 0
1701156159756 1825566968.0 0
1701156204180 1836636026.0 0
1701156248837 1847619530.0 0
1701156293707 1860554480.0 0
1701156338328 1872387155.0 0
1701156383164 1885025674.0 0
1701156427964 1895505503.0 0
1701156472619 1906156398.0 0
1701156517311 1918941545.0 0
1701156562175 1927421531.0 0
1701156607055 1939986736.0 0
1701156651809 1952417532.0 0
1701156696588 1962567448.0 0
1701156741259 1970741959.0 0
1701156786074 1978879813.0 0
1701156830694 1986895477.0 0
1701156875336 1997167583.0 0
1701156920026 2007904011.0 0
1701156964902 2016897195.0 0
1701157009977 2029425743.0 0
1701157055203 2041746568.0 0
1701157100486 2051639885.0 0
1701157145488 2061606516.0 0
1701157190080 2075829432.0 0
1701157236805 2085857158.0 0
1701157284941 2097909165.0 0
1701157333834 2111997672.0 0
1701157380388 2127951613.0 0
1701157425550 2137429484.0 0
1701157470405 2151151421.0 0
1701157515361 2162934610.0 0
1701157560401 2176949803.0 0
1701157604905 2186818682.0 0
1701157649603 2194455557.0 0
1701157694273 2203019600.0 0
1701157738745 2214702168.0 0
1701157783230 2222752512.0 0
1701157827922 2237817548.0 0
1701157872890 2249362904.0 0
1701157917995 2256922751.0 0
1701157962775 2271829686.0 0
1701158007456 2282375056.0 0
1701158052309 2294058074.0 0
1701158096887 2304124780.0 0
1701158141601 2311705327.0 0
1701158186926 2321247132.0 0
1701158232606 2328681195.0 0
1701158277851 2335919946.0 0
1701158323006 2350299792.0 0
1701158367983 2361316940.0 0
1701158412659 2375107460.0 0
1701158457400 2383411745.0 0
1701158501960 2398890747.0 0
1701158546675 2410022126.0 0
1701158591445 2416940093.0 0
1701158636280 2426899606.0 0
1701158681384 2433706090.0 0
1701158726468 2442484584.0 0
1701158772153 2458435796.0 0
1701158817069 2471301521.0 0
1701158862277 2477947796.0 0
1701158910155 2486907056.0 0
1701158958444 2495719976.0 0
1701159005575 2508549116.0 0
1701159050696 2517081551.0 0
1701159095729 2523435146.0 0
1701159140322 2531906606.0 0
1701159185031 2540256116.0 0
1701159229654 2546341421.0 0
1701159274430 2554483616.0 0
1701159319092 2563478784.0 0
1701159363846 2573687552.0 0
1701159408349 2582120352.0 0
1701159453197 2596145101.0 0
1701159497849 2602471192.0 0
1701159542465 2610572814.0 0
1701159587507 2620754692.0 0
1701159632677 2627117350.0 0
1701159677321 2644085180.0 0
1701159722440 2664959926.0 0
1701159805121 2682397860.0 0
1701159850107 2698467696.0 0
1701159894868 2709153616.0 0
1701159939721 2723741196.0 0
1701159984383 2734122616.0 0
1701160029297 2742352236.0 0
1701160074217 2752538776.0 0
1701160119025 2760634416.0 0
1701160164010 2768705696.0 0
1701160208925 2777627231.0 0
1701160253961 2789731169.0 0
1701160298824 2799683837.0 0
1701160343560 2810296294.0 0
1701160388525 2819990856.0 0
1701160433537 2825481330.0 0
1701160478347 2830923108.0 0
1701160523151 2836364886.0 0
1701160568285 2841624054.0 0
1701160613013 2848985266.0 0
1701160657992 2854147042.0 0
1701160702685 2861435210.0 0
1701160747660 2866463072.0 0
1701160792589 2873532108.0 0
1701160838184 2882654492.0 0
1701160883155 2887682354.0 0
1701160927841 2892649346.0 0
1701160975765 2897677208.0 0
1701161029274 2903756021.0 0
1701161091192 2913010038.0 0
1701161184322 2924170845.0 0
1701161276371 2928978390.0 0
1701161370420 2935814435.0 0
1701161464732 2948979400.0 0
1701161557325 2955864129.0 0
1701161650197 2964899068.0 0
1701161743260 2969597074.0 0
1701161836476 2981001301.0 0
1701161928150 2989110848.0 0
1701162021562 2998289576.0 0
1701162114157 3003193280.0 0
1701162205917 3010064144.0 0
1701162299442 3019206368.0 0
1701162396164 3024256088.0 0
1701162490105 3031382480.0 0
1701162583066 3036274016.0 0
1701162676468 3048046246.0 0
1701162768626 3052632451.0 0
1701162861255 3055852330.0 0
1701162954347 3066494080.0 0
1701163047680 3072120781.0 0
1701163140364 3076597501.0 0
1701163232063 3083174711.0 0
1701163324340 3089703261.0 0
1701163415970 3094143486.0 0
1701163506826 3102663041.0 0
1701163595122 3109130766.0 0
1701163683504 3111409676.0 0
1701163773174 3115776911.0 0
1701163862411 3122110821.0 0
1701163952191 3128335246.0 0
1701164041569 3134584001.0 0
1701164132223 3138707936.0 0
1701164227120 3144920196.0 0
1701164318734 3149080626.0 0
1701164407716 3153987508.0 0
1701164496419 3158037454.0 0
1701164584927 3162075238.0 0
1701164673211 3168042726.0 0
1701164762693 3171958890.0 0
1701164851061 3175887216.0 0
1701164938930 3184088458.0 0
1701165027124 3188101918.0 0
1701165114264 3191945110.0 0
1701165201886 3199183247.0 0
1701165270099 3205599146.0 0
1701165315299 3211820501.0 0
1701165360224 3219922448.0 0
1701165405481 3223874123.0 0
1701165450599 3229791503.0 0
1701165495623 3234287868.0 0
1701165540858 3237679392.0 0
1701165585835 3239433908.0 0
1701165630913 3244632053.0 0
1701165676023 3248873450.0 0
1701165720877 3254162928.0 0
1701165766241 3260212564.0 0
1701165815355 3264078172.0 0
1701165864646 3269884688.0 0
1701165911719 3275557488.0 0
1701165956889 3281278912.0 0
1701166002110 3285047272.0 0
1701166048010 3290793008.0 0
1701166093271 3296465808.0 0
1701166138125 3302175076.0 0
1701166183177 3305846188.0 0
1701166228551 3313459896.0 0
1701166273904 3314594456.0 0
1701166319077 3321398503.0 0
1701166364104 3329836736.0 0
1701166409031 3333993062.0 0
1701166454092 3337930634.0 0
1701166499103 3343772176.0 0
1701166544169 3345246740.0 0
1701166589322 3348783263.0 0
1701166634468 3356589540.0 0
1701166679774 3362321705.0 0
1701166724852 3365991911.0 0
1701166769921 3369491975.0 0
1701166815081 3374932468.0 0
1701166860137 3377631420.0 0
1701166905893 3383061100.0 0
1701166951815 3386331064.0 0
1701166996665 3389503780.0 0
1701167041782 3392725120.0 0
1701167086943 3398106176.0 0
1701167132498 3399325828.0 0
1701167178380 3402559324.0 0
1701167224522 3405732040.0 0
1701167274934 3408831820.0 0
1701167325751 3412113940.0 0
1701167370853 3415177252.0 0
1701167416413 3416190252.0 0
1701167461139 3419265720.0 0
1701167506450 3422243940.0 0
1701167551463 3427126600.0 0
1701167596503 3429971104.0 0
1701167641573 3434744360.0 0
1701167686691 3443897828.0 0
1701167731869 3446790956.0 0
1701167776909 3449757020.0 0
1701167822048 3452710928.0 0
1701167868114 3455701304.0 0
1701167912903 3458618744.0 0
1701167959468 3463550028.0 0
1701168008966 3466370220.0 0
1701168054467 3469141788.0 0
1701168099290 3471889044.0 0
1701168144085 3474490428.0 0
1701168192071 3479105656.0 0
1701168240853 3481767820.0 0
1701168288807 3484515076.0 0
1701168334299 3487298800.0 0
1701168378990 3490058212.0 0
1701168423789 3492805468.0 0
1701168468447 3495443320.0 0
1701168513096 3493871144.0 0
1701168557744 3498534996.0 0
1701168602573 3501075600.0 0
1701168647391 3503531112.0 0
1701168692372 3508085560.0 0
1701168736989 3510553228.0 0
1701168781677 3513069520.0 0
1701168826397 3515585812.0 0
1701168871401 3518017012.0 0
1701168916173 3518288496.0 0
1701168960814 3520585980.0 0
1701169005378 3523126584.0 0
1701169050088 3527790436.0 0
1701169094521 3528292884.0 0
1701169139285 3532895956.0 0
1701169184212 3535339312.0 0
1701169229068 3537916384.0 0
1701169273644 3542446520.0 0
1701169318825 3547772434.0 0
1701169363728 3550361023.0 0
1701169408729 3552901000.0 0
1701169453862 3555331600.0 0
1701169498664 3557640670.0 0
1701169543650 3560107729.0 0
1701169588806 3562501870.0 0
1701169633770 3564896011.0 0
1701169678836 3567290152.0 0
1701169724162 3569635681.0 0
1701169772302 3571932598.0 0
1701169821211 3574314586.0 0
1701169869445 3576465667.0 0
1701169914569 3577852896.0 0
1701169959114 3580682758.0 0
1701170003540 3582301992.0 0
1701170048144 3585337357.0 0
1701170092886 3587573509.0 0
1701170137741 3589919038.0 0
1701170182890 3592130884.0 0
1701170227552 3596404689.0 0
1701170272575 3597784684.0 0
1701170317980 3599960608.0 0
1701170363247 3602136532.0 0
1701170408294 3604300300.0 0
1701170453809 3608441444.0 0
1701170499816 3610447184.0 0
1701170544711 3612331364.0 0
1701170589377 3615091952.0 0
1701170634082 3614524812.0 0
1701170679162 3617004024.0 0
1701170724063 3622347026.0 0
1701170768733 3624060866.0 0
1701170813771 3626394242.0 0
1701170858710 3628666853.0 0
1701170903468 3630927311.0 0
1701170948618 3633163463.0 0
1701170994336 3635278085.0 0
1701171039240 3637417013.0 0
1701171083864 3639592400.0 0
1701171128522 3641597645.0 0
1701171173202 3643542125.0 0
1701171217936 3645608135.0 0
1701171262592 3647625533.0 0
1701171307473 3651656278.0 0
1701171352045 3653685829.0 0
1701171396675 3654970560.0 0
1701171441342 3657428953.0 0
1701171485974 3659592187.0 0
1701171530553 3659750176.0 0
1701171575362 3656283408.0 0
1701171620043 3651749220.0 0
1701171664733 3645999432.0 0
1701171709338 3639021888.0 0
1701171756816 3631242048.0 0
1701171805248 3621943571.0 0
1701171854119 3608426816.0 0
1701171899079 3596863607.0 0
1701171943739 3585215285.0 0
1701171988450 3574669379.0 0
1701172033152 3560538844.0 0
1701172077877 3545098691.0 0
1701172122913 3526385990.0 0
1701172167729 3517085052.0 0
1701172212697 3510319898.0 0
1701172257583 3505565729.0 0
1701172302199 3496616705.0 0
1701172346803 3492969005.0 0
1701172391477 3483521462.0 0
1701172436236 3481272047.0 0
1701172480800 3471776514.0 0
1701172525462 3468626556.0 0
1701172570355 3462132048.0 0
1701172615059 3456428070.0 0
1701172659750 3452597040.0 0
1701172704470 3443919676.0 0
1701172749218 3439605156.0 0
1701172794055 3434799981.0 0
1701172838628 3429285181.0 0
1701172883200 3426730531.0 0
1701172928029 3422326801.0 0
1701172972990 3417691936.0 0
1701173017557 3415222441.0 0
1701173065121 3407436841.0 0
1701173113925 3405660751.0 0
1701173161832 3405597152.0 0
1701173207066 3403857128.0 0
1701173251694 3391827032.0 0
1701173296324 3390070784.0 0
1701173341081 3385792533.0 0
1701173386054 3381788274.0 0
1701173430852 3377447284.0 0
1701173475614 3374209798.0 0
1701173520350 3369584818.0 0
1701173565100 3366554760.0 0
1701173610031 3364351266.0 0
1701173654763 3359347752.0 0
1701173699691 3357010344.0 0
1701173793242 3354453804.0 0
1701173837958 3351361608.0 0
1701173884921 3346102440.0 0
1701173929794 3344105904.0 0
1701173974534 3342900678.0 0
1701174019329 3340712006.0 0
1701174064067 3337972181.0 0
1701174108664 3336303932.0 0
1701174153653 3334160780.0 0
1701174198659 3331518371.0 0
1701174243452 3327938333.0 0
1701174288112 3326075252.0 0
1701174332793 3324504419.0 0
1701174377690 3322385621.0 0
1701174422372 3318318503.0 0
1701174466920 3315485321.0 0
1701174511482 3316796378.0 0
1701174556271 3312705096.0 0
1701174600760 3311840339.0 0
1701174645454 3308978016.0 0
1701174690423 3307820916.0 0
1701174735160 3306823415.0 0
1701174780878 3304412369.0 0
1701174829482 3302305748.0 0
1701174878228 3300966278.0 0
1701174924883 3298649376.0 0
1701174970602 3297699336.0 0
1701175015553 3295933236.0 0
1701175060149 3292997856.0 0
1701175104919 3292425396.0 0
1701175149720 3291731136.0 0
1701175195057 3290220816.0 0
1701175240406 3288430356.0 0
1701175285416 3287261076.0 0
1701175330120 3285348816.0 0
1701175374991 3284569296.0 0
1701175419991 3284045556.0 0
1701175465206 3282340356.0 0
1701175510128 3281256336.0 0
1701175554704 3279429336.0 0
1701175599438 3278065176.0 0
1701175644756 3275994576.0 0
1701175690392 3275263776.0 0
1701175735585 3274752216.0 0
1701175780433 3275357156.0 0
1701175825103 3274200056.0 0
1701175869745 3273749396.0 0
1701175914523 3271520456.0 0
1701175959504 3270826196.0 0
1701176003998 3269596016.0 0
1701176049194 3268840856.0 0
1701176094408 3268499816.0 0
1701176139216 3267939536.0 0
1701176183780 3267062576.0 0
1701176228663 3269303696.0 0
1701176273545 3266477936.0 0
1701176318166 3268073516.0 0
1701176362861 3265564436.0 0
1701176407596 3263006636.0 0
1701176452274 3263177156.0 0
1701176496988 3261873896.0 0
1701176541628 3261605936.0 0
1701176586103 3261252716.0 0
1701176630828 3260521916.0 0
1701176675418 3259864196.0 0
1701176720001 3259608416.0 0
1701176764530 3258121769.0 0
1701176809268 3258560357.0 0
1701176854533 3257646632.0 0
1701176899574 3257390789.0 0
1701176944991 3256513613.0 0
1701176990049 3256135940.0 0
1701177038158 3255685169.0 0
1701177086488 3255161300.0 0
1701177134923 3254722712.0 0
1701177179668 3254296307.0 0
1701177224247 3253711523.0 0
1701177268825 3253784621.0 0
1701177313731 3253930817.0 0
1701177358586 3253601876.0 0
1701177406666 3253078007.0 0
1701177460319 3253151105.0 0
1701177524762 3252858713.0 0
1701177617256 3251918798.0 0
1701177709087 3251601962.0 0
1701177802284 3251187638.0 0
1701177895918 3250870802.0 0
1701177989010 3250553966.0 0
1701178082469 3249883736.0 0
1701178175255 3249713132.0 0
1701178268372 3250480850.0 0
1701178364737 3250212758.0 0
1701178458790 3249481598.0 0
1701178551714 3250154087.0 0
1701178645138 3249666767.0 0
1701178737908 3249252545.0 0
1701178830242 3248238626.0 0
1701178922964 3248104580.0 0
1701179015570 3248177696.0 0
1701179107598 3248116766.0 0
1701179201268 3248080208.0 0
1701179293614 3247921790.0 0
1701179385988 3247678070.0 0
1701179479869 3247336862.0 0
1701179572861 3247154072.0 0
1701179664671 3247105328.0 0
1701179756220 3247275932.0 0
1701179846949 3247117514.0 0
1701179937070 3246739748.0 0
1701180026278 3245488652.0 0
1701180116540 3247778402.0 0
1701180206804 3247254533.0 0
1701180295957 3246755030.0 0
1701180384657 3247157069.0 0
1701180475314 3246630074.0 0
1701180563237 3246118262.0 0
1701180652481 3245972030.0 0
1701180741857 3245813612.0 0
1701180831769 3246191378.0 0
1701180924169 3244184750.0 0
1701181015118 3243477962.0 0
1701181104180 3245374916.0 0
1701181192541 3245801426.0 0
1701181282157 3245569892.0 0
1701181370128 3245277428.0 0
1701181458582 3244875290.0 0
1701181546520 3245825798.0 0
1701181634116 3245655194.0 0
1701181682785 3245521148.0 0
1701181727413 3245070266.0 0
1701181772125 3245228684.0 0
1701181816678 3245557706.0 0
1701181861388 3245277428.0 0
1701181906073 3245204312.0 0
1701181950731 3245301800.0 0
1701181995319 3245167754.0 0
1701182040009 3245155568.0 0
1701182084832 3244448780.0 0
1701182129479 3245569892.0 0
1701182174306 3244997150.0 0
1701182218941 3244863104.0 0
1701182263705 3245106824.0 0
1701182309422 3245313986.0 0
1701182358232 3245033708.0 0
1701182406665 3244997150.0 0
1701182454245 3243222056.0 0
1701182498837 3243794798.0 0
1701182543544 3243136754.0 0
1701182587977 3243331730.0 0
1701182632552 3242438187.0 0
1701182677107 3242560017.0 0
1701182721608 3245394595.0 0
1701182766306 3245837984.0 0
1701182810974 3244607198.0 0
1701182855506 3245996402.0 0
1701182900622 3245557706.0 0
1701182945742 3244095386.0 0
1701182991228 3245813612.0 0
1701183036394 3245387102.0 0
1701183081706 3244144130.0 0
1701183126667 3244984964.0 0
1701183171390 3244229432.0 0
1701183216125 3244010084.0 0
1701183260906 3244692500.0 0
1701183305462 3244168502.0 0
1701183350120 3244753430.0 0
1701183394720 3244400036.0 0
1701183439632 3244156316.0 0
1701183490740 3244619384.0 0
1701183543650 3244339106.0 0
1701183622896 3244680314.0 0
1701183716708 3244631570.0 0
1701183810862 3245996402.0 0
1701183906014 3243839480.0 0
1701184004060 3245009336.0 0
1701184103464 3246467594.0 0
1701184203399 3245955782.0 0
1701184301953 3245809550.0 0
1701184400505 3245309924.0 0
1701184499366 3244359416.0 0
1701184595754 3246138572.0 0
1701184694373 3244907786.0 0
1701184792704 3244383788.0 0
1701184891058 3244322858.0 0
1701184988539 3243713558.0 0
1701185087381 3243823232.0 0
1701185185996 3243128630.0 0
1701185284045 3244513772.0 0
1701185383180 3246341672.0 0
1701185481288 3245537396.0 0
1701185579881 3244270052.0 0
1701185678561 3245062142.0 0
1701185777010 3246097952.0 0
1701185876284 3244452842.0 0
1701185975248 3245793302.0 0
1701186074559 3244026332.0 0
1701186175942 3243782612.0 0
1701186275892 3245808817.0 0
1701186374177 3244943824.0 0
1701186473287 3244761079.0 0
1701186572263 3245224033.0 0
1701186670841 3245041288.0 0
1701186768445 3245284948.0 0
1701186866996 3244550330.0 0
1701186965912 3246231998.0 0
1701187066050 3244075076.0 0
1701187165516 3245318048.0 0
1701187265026 3245927348.0 0
1701187364525 3244184750.0 0
1701187463986 3244757492.0 0
1701187562975 3244294424.0 0
1701187662185 3244465028.0 0
1701187761294 3244452842.0 0
1701187860521 3244416284.0 0
1701187960132 3244489400.0 0
1701188061485 3244635632.0 0
1701188162809 3244842794.0 0
1701188262567 3245488652.0 0
1701188362053 3245025584.0 0
1701188461471 3244830608.0 0
1701188561446 3244257866.0 0
1701188662029 3244148192.0 0
1701188760747 3246515431.0 0
1701188860025 3245297131.0 0
1701188958819 3244440656.0 0
1701189058156 3244550330.0 0
1701189157477 3244769678.0 0
1701189256998 3246405784.0 0
1701189355783 3244521480.0 0
1701189455554 3244350918.0 0
1701189554692 3243546840.0 0
1701189656524 3242726492.0 0
1701189756296 3244018208.0 0
1701189854815 3243908534.0 0
1701189954375 3244879352.0 0
1701190026100 3244928096.0 0
1701190070555 3245951720.0 0
1701190115142 3245281490.0 0
1701190159848 3244635632.0 0
1701190204886 3245147444.0 0
1701190250133 3244233494.0 0
1701190295353 3244367540.0 0
1701190340288 3244550330.0 0
1701190385169 3244221308.0 0
1701190429731 3245598326.0 0
1701190474771 3245305862.0 0
1701190519602 3245598326.0 0
1701190564297 3244428470.0 0
1701190609825 3244550330.0 0
1701190654833 3244452842.0 0
1701190699661 3244623446.0 0
1701190744182 3244477214.0 0
1701190788731 3244660004.0 0
1701190833475 3244318796.0 0
1701190878107 3244635632.0 0
1701190922607 3244781864.0 0
1701190967522 3245013398.0 0
1701191012689 3244757492.0 0
1701191058310 3244672190.0 0
1701191103013 3246625078.0 0
1701191151585 3246820006.0 0
1701191425417 3244017916.0 0
1701191469856 3244846360.0 0
1701191515014 3242970178.0 0
1701191560136 3245475815.0 0
1701191605096 3244680314.0 0
1701191649815 3244521896.0 0
1701191694456 3244546268.0 0
1701191739106 3244595012.0 0
1701191783602 3244424408.0 0
1701191828319 3245743841.0 0
1701191872918 3243786439.0 0
1701191917537 3243494047.0 0
1701191962200 3245756024.0 0
1701192006779 3245061593.0 0
1701192051490 3245122508.0 0
1701192096166 3245853488.0 0
1701192140876 3246069518.0 0
1701192186175 3244046642.0 0
1701192230971 3244875290.0 0
1701192275534 3244924034.0 0
1701192320622 3244924034.0 0
1701192365650 3244314734.0 0
1701192410674 3244911848.0 0
1701192455581 3244509710.0 0
1701192500580 3244680314.0 0
1701192545625 3244789988.0 0
1701192590612 3244326920.0 0
1701192635466 3244680314.0 0
1701192680218 3244521896.0 0
1701192724865 3244643756.0 0
1701192769600 3244765616.0 0
1701192814352 3244655942.0 0
1701192859255 3244814360.0 0
1701192904158 3244326920.0 0
1701192950478 3245131196.0 0
1701192999607 3244570640.0 0
1701193048675 3245009336.0 0
1701193095491 3245155568.0 0
1701193140560 3245902220.0 0
1701193186187 3245585462.0 0
1701193231254 3245487998.0 0
1701193276214 3245329619.0 0
1701193321214 3244948406.0 0
1701193366112 3244582826.0 0
1701193410905 3244655942.0 0
1701193456423 3245131196.0 0
1701193501355 3244802174.0 0
1701193546317 3244789988.0 0
1701193591433 3244716872.0 0
1701193637494 3244850918.0 0
1701193682613 3244948406.0 0
1701193727652 3245950952.0 0
1701193772882 3245536730.0 0
1701193817918 3244412222.0 0
1701193863052 3245192126.0 0
1701193907999 3246313238.0 0
1701193952930 3245548913.0 0
1701193997867 3246304259.0 0
1701194042786 3246547919.0 0
1701194087831 3244814360.0 0
1701194132814 3244984964.0 0
1701194178923 3245947658.0 0
1701194224773 3244400036.0 0
1701194269971 3244619384.0 0
1701194315001 3244534082.0 0
1701194359778 3244692500.0 0
1701194404840 3244424408.0 0
1701194453021 3244619384.0 0
1701194501843 3244582826.0 0
1701194550835 3244631570.0 0
1701194596905 3246349796.0 0
1701194641945 3244595012.0 0
1701194687002 3244351292.0 0
1701194731976 3245374916.0 0
1701194777161 3245898914.0 0
