1701145894785 6454637224.0 0
1701145935633 6452727254.0 0
1701145980391 6452089682.0 0
1701146025377 6449910354.0 0
1701146069972 6449371002.0 0
1701146114659 6447192100.0 0
1701146159880 6446579350.0 0
1701146207760 6446015620.0 0
1701146256690 6443861804.0 0
1701146304033 6443236952.0 0
1701146348546 6440703852.0 0
1701146393016 6439748430.0 0
1701146437822 6437118064.0 0
1701146482414 6436273090.0 0
1701146527100 6435477100.0 0
1701146571793 6434803570.0 0
1701146616477 6434240254.0 0
1701146661580 6433627954.0 0
1701146706688 6430999146.0 0
1701146751311 6430141926.0 0
1701146795965 6429198984.0 0
1701146840645 6427717218.0 0
1701146885516 6424367334.0 0
1701146930316 6423289950.0 0
1701146975054 6422530884.0 0
1701147019646 6421930977.0 0
1701147064342 6419720880.0 0
1701147108779 6418937520.0 0
1701147153380 6418301040.0 0
1701147198045 6415453200.0 0
1701147242838 6412580880.0 0
1701147287499 6409512720.0 0
1701147332229 6408043920.0 0
1701147376713 6404939040.0 0
1701147421407 6397962240.0 0
1701147466037 6397147064.0 0
1701147510758 6393596640.0 0
1701147555426 6385588841.0 0
1701147600098 6384377378.0 0
1701147644721 6381261022.0 0
1701147689423 6380612461.0 0
1701147734204 6377985585.0 0
1701147778963 6374207616.0 0
1701147823650 6364951245.0 0
1701147868483 6361934265.0 0
1701147913121 6353739495.0 0
1701147957783 6351839786.0 0
1701148002627 6346991044.0 0
1701148047319 6339361534.0 0
1701148092171 6333924227.0 0
1701148136895 6329510749.0 0
1701148181761 6318244551.0 0
1701148226521 6314687663.0 0
1701148271377 6312158683.0 0
1701148316124 6311705914.0 0
1701148360759 6307064012.0 0
1701148407857 6296474928.0 0
1701148456211 6295770480.0 0
1701148504638 6291776160.0 0
1701148550534 6289846320.0 0
1701148595437 6289320000.0 0
1701148640206 6286266294.0 0
1701148684928 6284238037.0 0
1701148729726 6282381182.0 0
1701148774470 6279801866.0 0
1701148819287 6267677339.0 0
1701148864027 6261792082.0 0
1701148909276 6259469424.0 0
1701148954234 6257269226.0 0
1701148998988 6253979134.0 0
1701149043542 6251272768.0 0
1701149088324 6245757986.0 0
1701149133466 6240977964.0 0
1701149178321 6236516338.0 0
1701149223190 6232348616.0 0
1701149267941 6229939392.0 0
1701149313043 6228106125.0 0
1701149357904 6224121117.0 0
1701149402754 6217972119.0 0
1701149447830 6217685800.0 0
1701149492542 6211498540.0 0
1701149537374 6211449532.0 0
1701149584250 6205041736.0 0
1701149631348 6200896476.0 0
1701149680672 6198768712.0 0
1701149727013 6191895940.0 0
1701149772172 6190012755.0 0
1701149816879 6185682655.0 0
1701149861725 6178697305.0 0
1701149906766 6167810780.0 0
1701149951666 6161352395.0 0
1701149996200 6157010040.0 0
1701150040857 6150625185.0 0
1701150085504 6150012435.0 0
1701150130282 6140800760.0 0
1701150174980 6132030265.0 0
1701150219731 6127577615.0 0
1701150264573 6119125750.0 0
1701150309377 6114619995.0 0
1701150354022 6103508795.0 0
1701150398696 6087622230.0 0
1701150443502 6070718500.0 0
1701150494026 6048871920.0 0
1701150545155 6023696065.0 0
1701150611317 6004488395.0 0
1701150703019 5985158175.0 0
1701150793913 5967220940.0 0
1701150887128 5944157030.0 0
1701150978935 5916458128.0 0
1701151071300 5895584804.0 0
1701151162688 5875336332.0 0
1701151253884 5855234884.0 0
1701151344752 5835096680.0 0
1701151434778 5814394884.0 0
1701151525359 5785304775.0 0
1701151617413 5763877886.0 0
1701151709679 5739367403.0 0
1701151801987 5717361120.0 0
1701151893034 5689041840.0 0
1701151984478 5655586527.0 0
1701152075294 5628251700.0 0
1701152164801 5608836342.0 0
1701152255060 5589482154.0 0
1701152344709 5563351890.0 0
1701152435230 5539656366.0 0
1701152525906 5506798280.0 0
1701152615052 5482207772.0 0
1701152704419 5462060104.0 0
1701152794628 5442144768.0 0
1701152883340 5422522904.0 0
1701152972215 5398026175.0 0
1701153061132 5377288500.0 0
1701153149775 5356893125.0 0
1701153237532 5334545825.0 0
1701153325613 5316921450.0 0
1701153414853 5299700500.0 0
1701153503468 5284847125.0 0
1701153594556 5270042650.0 0
1701153683516 5251126500.0 0
1701153771495 5236395375.0 0
1701153858766 5219700100.0 0
1701153946791 5200131006.0 0
1701154033548 5181940596.0 0
1701154120908 5168288622.0 0
1701154208640 5150635980.0 0
1701154295286 5133325554.0 0
1701154381889 5120333568.0 0
1701154469476 5103328692.0 0
1701154556658 5090740032.0 0
1701154643215 5073796266.0 0
1701154718859 5054864388.0 0
1701154763627 5042422392.0 0
1701154808221 5030212614.0 0
1701154852856 5013892170.0 0
1701154897628 5000060940.0 0
1701154942430 4988621148.0 0
1701154987061 4977230244.0 0
1701155032003 4963851228.0 0
1701155076865 4952765874.0 0
1701155121637 4939851294.0 0
1701155166256 4926997824.0 0
1701155210888 4916205798.0 0
1701155255620 4903242330.0 0
1701155300264 4892511414.0 0
1701155345007 4879877940.0 0
1701155389431 4863170466.0 0
1701155434018 4852855098.0 0
1701155478504 4838319066.0 0
1701155523233 4826015586.0 0
1701155569471 4807808880.0 0
1701155617262 4798043502.0 0
1701155665367 4788131460.0 0
1701155712173 4776133530.0 0
1701155756753 4764160044.0 0
1701155801560 4754419110.0 0
1701155846353 4744873728.0 0
1701155891002 4735291680.0 0
1701155935532 4721024532.0 0
1701155980242 4708879938.0 0
1701156024933 4694930562.0 0
1701156069741 4675151292.0 0
1701156115139 4661715240.0 0
1701156159757 4650438408.0 0
1701156204181 4639369350.0 0
1701156248838 4628385846.0 0
1701156293708 4615450896.0 0
1701156338328 4603618221.0 0
1701156383164 4590979702.0 0
1701156427964 4580499873.0 0
1701156472619 4569848978.0 0
1701156517312 4557063831.0 0
1701156562176 4548583845.0 0
1701156607055 4536018640.0 0
1701156651810 4523587844.0 0
1701156696589 4513437928.0 0
1701156741260 4505263417.0 0
1701156786074 4497125563.0 0
1701156830695 4489109899.0 0
1701156875337 4478837793.0 0
1701156920027 4468101365.0 0
1701156964902 4459108181.0 0
1701157009978 4446579633.0 0
1701157055204 4434258808.0 0
1701157100487 4424365491.0 0
1701157145489 4414398860.0 0
1701157190081 4400175944.0 0
1701157236806 4390148218.0 0
1701157284942 4378096211.0 0
1701157333834 4364007704.0 0
1701157380389 4348053763.0 0
1701157425551 4338575892.0 0
1701157470406 4324853955.0 0
1701157515362 4313070766.0 0
1701157560402 4299055573.0 0
1701157604906 4289186694.0 0
1701157649604 4281549819.0 0
1701157694274 4272985776.0 0
1701157738746 4261303208.0 0
1701157783231 4253252864.0 0
1701157827922 4238187828.0 0
1701157872891 4226642472.0 0
1701157917995 4219082625.0 0
1701157962775 4204175690.0 0
1701158007456 4193630320.0 0
1701158052309 4181947302.0 0
1701158096887 4171880596.0 0
1701158141601 4164300049.0 0
1701158186927 4154758244.0 0
1701158232607 4147324181.0 0
1701158277852 4140085430.0 0
1701158323006 4125705584.0 0
1701158367983 4114688436.0 0
1701158412660 4100897916.0 0
1701158457401 4092593631.0 0
1701158501960 4077114629.0 0
1701158546675 4065983250.0 0
1701158591446 4059065283.0 0
1701158636280 4049105770.0 0
1701158681384 4042299286.0 0
1701158726469 4033520792.0 0
1701158772154 4017569580.0 0
1701158817070 4004703855.0 0
1701158862278 3998057580.0 0
1701158910156 3989098320.0 0
1701158958445 3980285400.0 0
1701159005575 3967456260.0 0
1701159050696 3958923825.0 0
1701159095729 3952570230.0 0
1701159140323 3944098770.0 0
1701159185032 3935749260.0 0
1701159229654 3929663955.0 0
1701159274430 3921521760.0 0
1701159319092 3912526592.0 0
1701159363846 3902317824.0 0
1701159408350 3893885024.0 0
1701159453198 3879860275.0 0
1701159497850 3873534184.0 0
1701159542465 3865432562.0 0
1701159587507 3855250684.0 0
1701159632678 3848888026.0 0
1701159677321 3831920196.0 0
1701159722440 3811045450.0 0
1701159805122 3793607516.0 0
1701159850107 3777537680.0 0
1701159894869 3766851760.0 0
1701159939721 3752264180.0 0
1701159984383 3741882760.0 0
1701160029298 3733653140.0 0
1701160074218 3723466600.0 0
1701160119026 3715370960.0 0
1701160164010 3707299680.0 0
1701160208926 3698378145.0 0
1701160253962 3686274207.0 0
1701160298825 3676321539.0 0
1701160343561 3665709082.0 0
1701160388526 3656014520.0 0
1701160433537 3650524046.0 0
1701160478347 3645082268.0 0
1701160523152 3639640490.0 0
1701160568286 3634381322.0 0
1701160613014 3627020110.0 0
1701160657993 3621858334.0 0
1701160702685 3614570166.0 0
1701160747661 3609542304.0 0
1701160792590 3602473268.0 0
1701160838184 3593350884.0 0
1701160883155 3588323022.0 0
1701160927841 3583356030.0 0
1701160975765 3578328168.0 0
1701161029275 3572249355.0 0
1701161091192 3562995338.0 0
1701161184323 3551834531.0 0
1701161276371 3547026986.0 0
1701161370421 3540190941.0 0
1701161464733 3527025976.0 0
1701161557325 3520141247.0 0
1701161650197 3511106308.0 0
1701161743261 3506408302.0 0
1701161836477 3495004075.0 0
1701161928151 3486894528.0 0
1701162021563 3477715800.0 0
1701162114158 3472812096.0 0
1701162205918 3465941232.0 0
1701162299443 3456799008.0 0
1701162396165 3451749288.0 0
1701162490106 3444622896.0 0
1701162583067 3439731360.0 0
1701162676469 3427959130.0 0
1701162768627 3423372925.0 0
1701162861255 3420153046.0 0
1701162954348 3409511296.0 0
1701163047681 3403884595.0 0
1701163140365 3399407875.0 0
1701163232063 3392830665.0 0
1701163324341 3386302115.0 0
1701163415971 3381861890.0 0
1701163506827 3373342335.0 0
1701163595123 3366874610.0 0
1701163683504 3364595700.0 0
1701163773175 3360228465.0 0
1701163862411 3353894555.0 0
1701163952192 3347670130.0 0
1701164041570 3341421375.0 0
1701164132224 3337297440.0 0
1701164227120 3331085180.0 0
1701164318735 3326924750.0 0
1701164407717 3322017868.0 0
1701164496420 3317967922.0 0
1701164584928 3313930138.0 0
1701164673212 3307962650.0 0
1701164762694 3304046486.0 0
1701164851062 3300118160.0 0
1701164938931 3291916918.0 0
1701165027125 3287903458.0 0
1701165114265 3284060266.0 0
1701165201888 3276822129.0 0
1701165270099 3270406230.0 0
1701165315300 3264184875.0 0
1701165360225 3256082928.0 0
1701165405482 3252131253.0 0
1701165450599 3246213873.0 0
1701165495624 3241717508.0 0
1701165540858 3238325984.0 0
1701165585836 3236571468.0 0
1701165630914 3231373323.0 0
1701165676024 3227131926.0 0
1701165720878 3221842448.0 0
1701165766242 3215792812.0 0
1701165815356 3211927204.0 0
1701165864647 3206120688.0 0
1701165911720 3200447888.0 0
1701165956890 3194726464.0 0
1701166002111 3190958104.0 0
1701166048010 3185212368.0 0
1701166093271 3179539568.0 0
1701166138125 3173830300.0 0
1701166183177 3170159188.0 0
1701166228551 3162545480.0 0
1701166273904 3161410920.0 0
1701166319078 3154606873.0 0
1701166364104 3146168640.0 0
1701166409031 3142012314.0 0
1701166454092 3138074742.0 0
1701166499104 3132233200.0 0
1701166544169 3130758636.0 0
1701166589322 3127222113.0 0
1701166634468 3119415836.0 0
1701166679775 3113683671.0 0
1701166724853 3110013465.0 0
1701166769921 3106513401.0 0
1701166815082 3101072908.0 0
1701166860138 3098373956.0 0
1701166905893 3092944276.0 0
1701166951815 3089674312.0 0
1701166996666 3086501596.0 0
1701167041783 3083280256.0 0
1701167086943 3077899200.0 0
1701167132499 3076679548.0 0
1701167178380 3073446052.0 0
1701167224523 3070273336.0 0
1701167274935 3067173556.0 0
1701167325751 3063891436.0 0
1701167370854 3060828124.0 0
1701167416413 3059815124.0 0
1701167461140 3056739656.0 0
1701167506450 3053761436.0 0
1701167551463 3048878776.0 0
1701167596503 3046034272.0 0
1701167641573 3041261016.0 0
1701167686692 3032107548.0 0
1701167731870 3029214420.0 0
1701167776910 3026248356.0 0
1701167822048 3023294448.0 0
1701167868115 3020304072.0 0
1701167912903 3017386632.0 0
1701167959469 3012455348.0 0
1701168008967 3009635156.0 0
1701168054467 3006863588.0 0
1701168099291 3004116332.0 0
1701168144085 3001514948.0 0
1701168192072 2996899720.0 0
1701168240853 2994237556.0 0
1701168288807 2991490300.0 0
1701168334300 2988706576.0 0
1701168378991 2985947164.0 0
1701168423790 2983199908.0 0
1701168468448 2980562056.0 0
1701168513097 2982134232.0 0
1701168557745 2977470380.0 0
1701168602574 2974929776.0 0
1701168647392 2972474264.0 0
1701168692373 2967919816.0 0
1701168736990 2965452148.0 0
1701168781678 2962935856.0 0
1701168826397 2960419564.0 0
1701168871401 2957988364.0 0
1701168916174 2957716880.0 0
1701168960815 2955419396.0 0
1701169005379 2952878792.0 0
1701169050088 2948214940.0 0
1701169094521 2947712492.0 0
1701169139286 2943109420.0 0
1701169184212 2940666064.0 0
1701169229068 2938088992.0 0
1701169273644 2933558856.0 0
1701169318826 2928232942.0 0
1701169363728 2925644353.0 0
1701169408730 2923104376.0 0
1701169453862 2920673776.0 0
1701169498664 2918364706.0 0
1701169543650 2915897647.0 0
1701169588807 2913503506.0 0
1701169633770 2911109365.0 0
1701169678837 2908715224.0 0
1701169724162 2906369695.0 0
1701169772303 2904072778.0 0
1701169821212 2901690790.0 0
1701169869446 2899539709.0 0
1701169914570 2898152480.0 0
1701169959115 2895322618.0 0
1701170003541 2893703384.0 0
1701170048144 2890668019.0 0
1701170092886 2888431867.0 0
1701170137742 2886086338.0 0
1701170182891 2883874492.0 0
1701170227553 2879600687.0 0
1701170272576 2878220692.0 0
1701170317980 2876044768.0 0
1701170363248 2873868844.0 0
1701170408295 2871705076.0 0
1701170453810 2867563932.0 0
1701170499817 2865558192.0 0
1701170544712 2863674012.0 0
1701170589378 2860913424.0 0
1701170634083 2861480564.0 0
1701170679163 2859001352.0 0
1701170724064 2853658350.0 0
1701170768734 2851944510.0 0
1701170813771 2849611134.0 0
1701170858711 2847338523.0 0
1701170903468 2845078065.0 0
1701170948619 2842841913.0 0
1701170994337 2840727291.0 0
1701171039241 2838588363.0 0
1701171083864 2836412976.0 0
1701171128523 2834407731.0 0
1701171173203 2832463251.0 0
1701171217936 2830397241.0 0
1701171262593 2828379843.0 0
1701171307473 2824349098.0 0
1701171352046 2822319547.0 0
1701171396675 2821034816.0 0
1701171441343 2818576423.0 0
1701171485975 2816413189.0 0
1701171530554 2816255200.0 0
1701171575362 2819721968.0 0
1701171620044 2824256156.0 0
1701171664733 2830005944.0 0
1701171709338 2836983488.0 0
1701171756816 2844763328.0 0
1701171805248 2854061805.0 0
1701171854119 2867578560.0 0
1701171899080 2879141769.0 0
1701171943739 2890790091.0 0
1701171988451 2901335997.0 0
1701172033152 2915466532.0 0
1701172077878 2930906685.0 0
1701172122914 2949619386.0 0
1701172167730 2958920324.0 0
1701172212698 2965685478.0 0
1701172257584 2970439647.0 0
1701172302200 2979388671.0 0
1701172346804 2983036371.0 0
1701172391477 2992483914.0 0
1701172436236 2994733329.0 0
1701172480801 3004228862.0 0
1701172525463 3007378820.0 0
1701172570355 3013873328.0 0
1701172615059 3019577306.0 0
1701172659750 3023408336.0 0
1701172704471 3032085700.0 0
1701172749219 3036400220.0 0
1701172794056 3041205395.0 0
1701172838629 3046720195.0 0
1701172883201 3049274845.0 0
1701172928029 3053678575.0 0
1701172972991 3058313440.0 0
1701173017558 3060782935.0 0
1701173065122 3068568535.0 0
1701173113926 3070344625.0 0
1701173161832 3070408224.0 0
1701173207066 3072148248.0 0
1701173251694 3084178344.0 0
1701173296324 3085934592.0 0
1701173341081 3090212843.0 0
1701173386054 3094217102.0 0
1701173430853 3098558092.0 0
1701173475615 3101795578.0 0
1701173520351 3106420558.0 0
1701173565101 3109450616.0 0
1701173610032 3111654110.0 0
1701173654764 3116657624.0 0
1701173699692 3118995032.0 0
1701173793242 3121551572.0 0
1701173837959 3124643768.0 0
1701173884922 3129902936.0 0
1701173929795 3131899472.0 0
1701173974535 3133104698.0 0
1701174019330 3135293370.0 0
1701174064068 3138033195.0 0
1701174108665 3139701444.0 0
1701174153654 3141844596.0 0
1701174198660 3144487005.0 0
1701174243453 3148067043.0 0
1701174288113 3149930124.0 0
1701174332794 3151500957.0 0
1701174377691 3153619755.0 0
1701174422372 3157686873.0 0
1701174466921 3160520055.0 0
1701174511483 3159208998.0 0
1701174556272 3163300280.0 0
1701174600761 3164165037.0 0
1701174645455 3167027360.0 0
1701174690424 3168184460.0 0
1701174735160 3169181961.0 0
1701174780878 3171593007.0 0
1701174829482 3173699628.0 0
1701174878229 3175039098.0 0
1701174924884 3177356000.0 0
1701174970602 3178306040.0 0
1701175015554 3180072140.0 0
1701175060149 3183007520.0 0
1701175104920 3183579980.0 0
1701175149721 3184274240.0 0
1701175195058 3185784560.0 0
1701175240406 3187575020.0 0
1701175285416 3188744300.0 0
1701175330121 3190656560.0 0
1701175374992 3191436080.0 0
1701175419992 3191959820.0 0
1701175465206 3193665020.0 0
1701175510129 3194749040.0 0
1701175554704 3196576040.0 0
1701175599438 3197940200.0 0
1701175644757 3200010800.0 0
1701175690393 3200741600.0 0
1701175735586 3201253160.0 0
1701175780434 3200648220.0 0
1701175825103 3201805320.0 0
1701175869746 3202255980.0 0
1701175914524 3204484920.0 0
1701175959505 3205179180.0 0
1701176003999 3206409360.0 0
1701176049195 3207164520.0 0
1701176094408 3207505560.0 0
1701176139216 3208065840.0 0
1701176183781 3208942800.0 0
1701176228664 3206701680.0 0
1701176273545 3209527440.0 0
1701176318167 3207931860.0 0
1701176362862 3210440940.0 0
1701176407597 3212998740.0 0
1701176452275 3212828220.0 0
1701176496989 3214131480.0 0
1701176541629 3214399440.0 0
1701176586104 3214752660.0 0
1701176630828 3215483460.0 0
1701176675418 3216141180.0 0
1701176720001 3216396960.0 0
1701176764531 3217883607.0 0
1701176809269 3217445019.0 0
1701176854534 3218358744.0 0
1701176899574 3218614587.0 0
1701176944991 3219491763.0 0
1701176990050 3219869436.0 0
1701177038159 3220320207.0 0
1701177086489 3220844076.0 0
1701177134924 3221282664.0 0
1701177179669 3221709069.0 0
1701177224247 3222293853.0 0
1701177268825 3222220755.0 0
1701177313732 3222074559.0 0
1701177358587 3222403500.0 0
1701177406667 3222927369.0 0
1701177460320 3222854271.0 0
1701177524763 3223146663.0 0
1701177617256 3224086578.0 0
1701177709088 3224403414.0 0
1701177802285 3224817738.0 0
1701177895919 3225134574.0 0
1701177989011 3225451410.0 0
1701178082470 3226121640.0 0
1701178175256 3226292244.0 0
1701178268373 3225524526.0 0
1701178364738 3225792618.0 0
1701178458791 3226523778.0 0
1701178551715 3225851289.0 0
1701178645138 3226338609.0 0
1701178737909 3226752831.0 0
1701178830243 3227766750.0 0
1701178922965 3227900796.0 0
1701179015571 3227827680.0 0
1701179107599 3227888610.0 0
1701179201269 3227925168.0 0
1701179293615 3228083586.0 0
1701179385989 3228327306.0 0
1701179479870 3228668514.0 0
1701179572861 3228851304.0 0
1701179664671 3228900048.0 0
1701179756221 3228729444.0 0
1701179846949 3228887862.0 0
1701179937071 3229265628.0 0
1701180026279 3230516724.0 0
1701180116541 3228226974.0 0
1701180206804 3228750843.0 0
1701180295957 3229250346.0 0
1701180384658 3228848307.0 0
1701180475315 3229375302.0 0
1701180563238 3229887114.0 0
1701180652482 3230033346.0 0
1701180741858 3230191764.0 0
1701180831770 3229813998.0 0
1701180924170 3231820626.0 0
1701181015118 3232527414.0 0
1701181104180 3230630460.0 0
1701181192542 3230203950.0 0
1701181282158 3230435484.0 0
1701181370129 3230727948.0 0
1701181458583 3231130086.0 0
1701181546520 3230179578.0 0
1701181634117 3230350182.0 0
1701181682786 3230484228.0 0
1701181727413 3230935110.0 0
1701181772126 3230776692.0 0
1701181816678 3230447670.0 0
1701181861389 3230727948.0 0
1701181906074 3230801064.0 0
1701181950732 3230703576.0 0
1701181995320 3230837622.0 0
1701182040010 3230849808.0 0
1701182084832 3231556596.0 0
1701182129479 3230435484.0 0
1701182174307 3231008226.0 0
1701182218942 3231142272.0 0
1701182263706 3230898552.0 0
1701182309423 3230691390.0 0
1701182358233 3230971668.0 0
1701182406666 3231008226.0 0
1701182454245 3232783320.0 0
1701182498838 3232210578.0 0
1701182543545 3232868622.0 0
1701182587977 3232673646.0 0
1701182632553 3233567189.0 0
1701182677108 3233445359.0 0
1701182721609 3230610781.0 0
1701182766307 3230167392.0 0
1701182810975 3231398178.0 0
1701182855507 3230008974.0 0
1701182900622 3230447670.0 0
1701182945743 3231909990.0 0
1701182991228 3230191764.0 0
1701183036395 3230618274.0 0
1701183081706 3231861246.0 0
1701183126668 3231020412.0 0
1701183171391 3231775944.0 0
1701183216126 3231995292.0 0
1701183260907 3231312876.0 0
1701183305463 3231836874.0 0
1701183350120 3231251946.0 0
1701183394720 3231605340.0 0
1701183439632 3231849060.0 0
1701183490740 3231385992.0 0
1701183543651 3231666270.0 0
1701183622897 3231325062.0 0
1701183716709 3231373806.0 0
1701183810863 3230008974.0 0
1701183906015 3232165896.0 0
1701184004061 3230996040.0 0
1701184103465 3229537782.0 0
1701184203399 3230049594.0 0
1701184301954 3230195826.0 0
1701184400506 3230695452.0 0
1701184499367 3231645960.0 0
1701184595755 3229866804.0 0
1701184694375 3231097590.0 0
1701184792704 3231621588.0 0
1701184891059 3231682518.0 0
1701184988540 3232291818.0 0
1701185087382 3232182144.0 0
1701185185998 3232876746.0 0
1701185284045 3231491604.0 0
1701185383181 3229663704.0 0
1701185481289 3230467980.0 0
1701185579882 3231735324.0 0
1701185678562 3230943234.0 0
1701185777011 3229907424.0 0
1701185876285 3231552534.0 0
1701185975249 3230212074.0 0
1701186074560 3231979044.0 0
1701186175942 3232222764.0 0
1701186275893 3230196559.0 0
1701186374177 3231061552.0 0
1701186473288 3231244297.0 0
1701186572264 3230781343.0 0
1701186670842 3230964088.0 0
1701186768447 3230720428.0 0
1701186866997 3231455046.0 0
1701186965913 3229773378.0 0
1701187066051 3231930300.0 0
1701187165517 3230687328.0 0
1701187265027 3230078028.0 0
1701187364525 3231820626.0 0
1701187463987 3231247884.0 0
1701187562976 3231710952.0 0
1701187662185 3231540348.0 0
1701187761295 3231552534.0 0
1701187860522 3231589092.0 0
1701187960133 3231515976.0 0
1701188061486 3231369744.0 0
1701188162810 3231162582.0 0
1701188262567 3230516724.0 0
1701188362054 3230979792.0 0
1701188461472 3231174768.0 0
1701188561447 3231747510.0 0
1701188662030 3231857184.0 0
1701188760748 3229489945.0 0
1701188860025 3230708245.0 0
1701188958820 3231564720.0 0
1701189058156 3231455046.0 0
1701189157478 3231235698.0 0
1701189256999 3229599592.0 0
1701189355784 3231483896.0 0
1701189455554 3231654458.0 0
1701189554693 3232458536.0 0
1701189656525 3233278884.0 0
1701189756297 3231987168.0 0
1701189854816 3232096842.0 0
1701189954376 3231126024.0 0
1701190026101 3231077280.0 0
1701190070556 3230053656.0 0
1701190115143 3230723886.0 0
1701190159849 3231369744.0 0
1701190204887 3230857932.0 0
1701190250134 3231771882.0 0
1701190295353 3231637836.0 0
1701190340288 3231455046.0 0
1701190385169 3231784068.0 0
1701190429732 3230407050.0 0
1701190474772 3230699514.0 0
1701190519602 3230407050.0 0
1701190564298 3231576906.0 0
1701190609826 3231455046.0 0
1701190654834 3231552534.0 0
1701190699661 3231381930.0 0
1701190744183 3231528162.0 0
1701190788732 3231345372.0 0
1701190833476 3231686580.0 0
1701190878108 3231369744.0 0
1701190922608 3231223512.0 0
1701190967522 3230991978.0 0
1701191012690 3231247884.0 0
1701191058311 3231333186.0 0
1701191103014 3229380298.0 0
1701191151586 3229185370.0 0
1701191425417 3231987460.0 0
1701191469857 3231159016.0 0
1701191515015 3233035198.0 0
1701191560136 3230529561.0 0
1701191605097 3231325062.0 0
1701191649816 3231483480.0 0
1701191694456 3231459108.0 0
1701191739107 3231410364.0 0
1701191783602 3231580968.0 0
1701191828319 3230261535.0 0
1701191872918 3232218937.0 0
1701191917538 3232511329.0 0
1701191962200 3230249352.0 0
1701192006780 3230943783.0 0
1701192051491 3230882868.0 0
1701192096167 3230151888.0 0
1701192140876 3229935858.0 0
1701192186176 3231958734.0 0
1701192230971 3231130086.0 0
1701192275535 3231081342.0 0
1701192320622 3231081342.0 0
1701192365651 3231690642.0 0
1701192410675 3231093528.0 0
1701192455581 3231495666.0 0
1701192500581 3231325062.0 0
1701192545626 3231215388.0 0
1701192590613 3231678456.0 0
1701192635467 3231325062.0 0
1701192680219 3231483480.0 0
1701192724866 3231361620.0 0
1701192769601 3231239760.0 0
1701192814352 3231349434.0 0
1701192859256 3231191016.0 0
1701192904159 3231678456.0 0
1701192950479 3230874180.0 0
1701192999608 3231434736.0 0
1701193048676 3230996040.0 0
1701193095492 3230849808.0 0
1701193140561 3230103156.0 0
1701193186187 3230419914.0 0
1701193231254 3230517378.0 0
1701193276215 3230675757.0 0
1701193321214 3231056970.0 0
1701193366112 3231422550.0 0
1701193410905 3231349434.0 0
1701193456423 3230874180.0 0
1701193501356 3231203202.0 0
1701193546318 3231215388.0 0
1701193591434 3231288504.0 0
1701193637495 3231154458.0 0
1701193682613 3231056970.0 0
1701193727653 3230054424.0 0
1701193772883 3230468646.0 0
1701193817918 3231593154.0 0
1701193863053 3230813250.0 0
1701193908000 3229692138.0 0
1701193952931 3230456463.0 0
1701193997867 3229701117.0 0
1701194042787 3229457457.0 0
1701194087831 3231191016.0 0
1701194132814 3231020412.0 0
1701194178923 3230057718.0 0
1701194224773 3231605340.0 0
1701194269971 3231385992.0 0
1701194315001 3231471294.0 0
1701194359779 3231312876.0 0
1701194404841 3231580968.0 0
1701194453022 3231385992.0 0
1701194501844 3231422550.0 0
1701194550836 3231373806.0 0
1701194596906 3229655580.0 0
1701194641946 3231410364.0 0
1701194687003 3231654084.0 0
1701194731977 3230630460.0 0
1701194777162 3230106462.0 0
