1701145892328 0.0 0
1701145933133 0.0017228177641653904 0
1701145977887 0.0036370597243491577 0
1701146022886 0.005551301684532925 0
1701146067577 0.007465543644716692 0
1701146112282 0.00937978560490046 0
1701146157381 0.011294027565084226 0
1701146205217 0.013208269525267994 0
1701146254160 0.01512251148545176 0
1701146301603 0.017036753445635527 0
1701146346144 0.018950995405819297 0
1701146390579 0.020865237366003063 0
1701146435387 0.02277947932618683 0
1701146479978 0.024693721286370596 0
1701146524691 0.026607963246554366 0
1701146569362 0.028522205206738132 0
1701146614052 0.0304364471669219 0
1701146659136 0.03235068912710567 0
1701146704277 0.03426493108728943 0
1701146748900 0.0361791730474732 0
1701146793562 0.03809341500765697 0
1701146838237 0.040007656967840734 0
1701146883090 0.041921898928024504 0
1701146927864 0.043836140888208266 0
1701146972647 0.045750382848392036 0
1701147017234 0.047664624808575806 0
1701147061906 0.04957886676875957 0
1701147106374 0.05149310872894334 0
1701147150986 0.05340735068912711 0
1701147195620 0.05532159264931087 0
1701147240410 0.05723583460949464 0
1701147285054 0.059150076569678404 0
1701147329838 0.061064318529862174 0
1701147374321 0.06297856049004594 0
1701147419022 0.06489280245022971 0
1701147463653 0.06680704441041348 0
1701147508330 0.06872128637059724 0
1701147552990 0.07063552833078102 0
1701147597659 0.07254977029096478 0
1701147642332 0.07446401225114854 0
1701147687027 0.07637825421133232 0
1701147731785 0.07829249617151608 0
1701147776478 0.08020673813169985 0
1701147821254 0.08212098009188361 0
1701147866023 0.08403522205206738 0
1701147910694 0.08594946401225115 0
1701147955368 0.08786370597243491 0
1701148000237 0.08977794793261869 0
1701148044872 0.09169218989280245 0
1701148089666 0.09360643185298621 0
1701148134387 0.09552067381316999 0
1701148179240 0.09743491577335375 0
1701148224118 0.09934915773353752 0
1701148268986 0.10126339969372129 0
1701148313691 0.10317764165390506 0
1701148358350 0.10509188361408882 0
1701148405327 0.10700612557427258 0
1701148453759 0.10892036753445636 0
1701148502157 0.11083460949464012 0
1701148548090 0.11274885145482388 0
1701148592983 0.11466309341500766 0
1701148637764 0.11657733537519142 0
1701148682481 0.11849157733537519 0
1701148727283 0.12040581929555896 0
1701148772021 0.12232006125574273 0
1701148816870 0.12423430321592649 0
1701148861541 0.12614854517611027 0
1701148906897 0.12806278713629402 0
1701148951833 0.1299770290964778 0
1701148996584 0.13189127105666157 0
1701149041135 0.13380551301684532 0
1701149085913 0.1357197549770291 0
1701149131045 0.13763399693721287 0
1701149175914 0.13954823889739662 0
1701149220766 0.1414624808575804 0
1701149265525 0.14337672281776417 0
1701149310602 0.14529096477794792 0
1701149355451 0.1472052067381317 0
1701149400319 0.14911944869831548 0
1701149445381 0.15103369065849923 0
1701149490109 0.152947932618683 0
1701149534904 0.15486217457886678 0
1701149581711 0.15677641653905053 0
1701149628801 0.1586906584992343 0
1701149678112 0.16060490045941808 0
1701149724586 0.16251914241960183 0
1701149769691 0.1644333843797856 0
1701149814459 0.16634762633996938 0
1701149859260 0.16826186830015313 0
1701149904326 0.1701761102603369 0
1701149949255 0.1720903522205207 0
1701149993814 0.17400459418070444 0
1701150038445 0.1759188361408882 0
1701150083095 0.17783307810107196 0
1701150127745 0.17974732006125574 0
1701150172494 0.18166156202143952 0
1701150217286 0.18357580398162326 0
1701150262129 0.18549004594180704 0
1701150306927 0.18740428790199082 0
1701150351618 0.18931852986217457 0
1701150396305 0.19123277182235834 0
1701150441034 0.19314701378254212 0
1701150491533 0.19506125574272587 0
1701150542677 0.19697549770290965 0
1701150608890 0.19888973966309342 0
1701150700518 0.20080398162327717 0
1701150791404 0.20271822358346095 0
1701150884541 0.20463246554364473 0
1701150976100 0.20654670750382847 0
1701151068655 0.20846094946401225 0
1701151160170 0.21037519142419603 0
1701151251173 0.21228943338437978 0
1701151341959 0.21420367534456355 0
1701151432261 0.21611791730474733 0
1701151522755 0.21803215926493108 0
1701151614805 0.21994640122511486 0
1701151706890 0.22186064318529863 0
1701151799173 0.22377488514548238 0
1701151890265 0.22568912710566616 0
1701151981566 0.22760336906584994 0
1701152072621 0.22951761102603369 0
1701152162060 0.23143185298621746 0
1701152252397 0.2333460949464012 0
1701152341896 0.235260336906585 0
1701152432285 0.23717457886676876 0
1701152522950 0.23908882082695251 0
1701152612250 0.2410030627871363 0
1701152701773 0.24291730474732007 0
1701152791895 0.24483154670750382 0
1701152880698 0.2467457886676876 0
1701152969606 0.24866003062787137 0
1701153058396 0.25057427258805515 0
1701153147100 0.2524885145482389 0
1701153234479 0.25440275650842264 0
1701153322812 0.25631699846860645 0
1701153411825 0.2582312404287902 0
1701153500756 0.26014548238897395 0
1701153591809 0.26205972434915775 0
1701153680741 0.2639739663093415 0
1701153768632 0.26588820826952525 0
1701153856119 0.26780245022970905 0
1701153944073 0.2697166921898928 0
1701154030750 0.27163093415007655 0
1701154118083 0.27354517611026036 0
1701154205884 0.2754594180704441 0
1701154292570 0.27737366003062786 0
1701154379167 0.27928790199081166 0
1701154466438 0.2812021439509954 0
1701154553962 0.28311638591117916 0
1701154640364 0.28503062787136296 0
1701154716430 0.2869448698315467 0
1701154761199 0.28885911179173046 0
1701154805784 0.29077335375191427 0
1701154850486 0.292687595712098 0
1701154895212 0.29460183767228176 0
1701154939930 0.29651607963246557 0
1701154984486 0.2984303215926493 0
1701155029543 0.30034456355283307 0
1701155074434 0.30225880551301687 0
1701155119237 0.3041730474732006 0
1701155163802 0.30608728943338437 0
1701155208522 0.3080015313935682 0
1701155253150 0.3099157733537519 0
1701155297817 0.31183001531393567 0
1701155342631 0.3137442572741195 0
1701155386977 0.3156584992343032 0
1701155431591 0.317572741194487 0
1701155476083 0.3194869831546707 0
1701155520757 0.3214012251148545 0
1701155566807 0.3233154670750383 0
1701155614622 0.325229709035222 0
1701155662731 0.32714395099540583 0
1701155709686 0.3290581929555896 0
1701155754386 0.33097243491577333 0
1701155799125 0.33288667687595713 0
1701155843884 0.3348009188361409 0
1701155888630 0.33671516079632463 0
1701155933094 0.33862940275650844 0
1701155977762 0.3405436447166922 0
1701156022476 0.34245788667687593 0
1701156067264 0.34437212863705974 0
1701156112461 0.3462863705972435 0
1701156157313 0.34820061255742724 0
1701156201734 0.35011485451761104 0
1701156246386 0.3520290964777948 0
1701156291309 0.35394333843797854 0
1701156335931 0.35585758039816234 0
1701156380740 0.3577718223583461 0
1701156425534 0.35968606431852984 0
1701156470214 0.36160030627871365 0
1701156514886 0.3635145482388974 0
1701156559718 0.36542879019908114 0
1701156604589 0.36734303215926495 0
1701156649352 0.3692572741194487 0
1701156694105 0.37117151607963245 0
1701156738820 0.37308575803981625 0
1701156783629 0.375 0
1701156828281 0.37691424196018375 0
1701156872951 0.37882848392036755 0
1701156917633 0.3807427258805513 0
1701156962343 0.38265696784073505 0
1701157007607 0.38457120980091886 0
1701157052757 0.3864854517611026 0
1701157098080 0.38839969372128635 0
1701157143079 0.39031393568147016 0
1701157187680 0.3922281776416539 0
1701157234033 0.39414241960183766 0
1701157282173 0.39605666156202146 0
1701157331052 0.3979709035222052 0
1701157377962 0.39988514548238896 0
1701157423126 0.40179938744257276 0
1701157468026 0.4037136294027565 0
1701157512984 0.40562787136294026 0
1701157557948 0.40754211332312407 0
1701157602501 0.4094563552833078 0
1701157647190 0.41137059724349156 0
1701157691752 0.41328483920367537 0
1701157736285 0.4151990811638591 0
1701157780830 0.41711332312404287 0
1701157825519 0.41902756508422667 0
1701157870448 0.4209418070444104 0
1701157915543 0.42285604900459417 0
1701157960359 0.424770290964778 0
1701158005038 0.4266845329249617 0
1701158049889 0.4285987748851455 0
1701158094501 0.4305130168453293 0
1701158139217 0.432427258805513 0
1701158184468 0.4343415007656968 0
1701158230173 0.4362557427258805 0
1701158275474 0.43816998468606433 0
1701158320602 0.4400842266462481 0
1701158365604 0.4419984686064318 0
1701158410221 0.44391271056661563 0
1701158454979 0.4458269525267994 0
1701158499549 0.44774119448698313 0
1701158544250 0.44965543644716693 0
1701158588991 0.4515696784073507 0
1701158633885 0.45348392036753443 0
1701158678901 0.45539816232771824 0
1701158724024 0.457312404287902 0
1701158769663 0.45922664624808573 0
1701158814705 0.46114088820826954 0
1701158859728 0.4630551301684533 0
1701158907511 0.46496937212863704 0
1701158955631 0.46688361408882084 0
1701159003152 0.4687978560490046 0
1701159048287 0.47071209800918834 0
1701159093341 0.47262633996937214 0
1701159137966 0.4745405819295559 0
1701159182658 0.47645482388973964 0
1701159227282 0.47836906584992345 0
1701159272018 0.4802833078101072 0
1701159316718 0.48219754977029095 0
1701159361442 0.48411179173047475 0
1701159405994 0.4860260336906585 0
1701159450769 0.48794027565084225 0
1701159495430 0.48985451761102605 0
1701159540062 0.4917687595712098 0
1701159585112 0.49368300153139355 0
1701159630254 0.49559724349157736 0
1701159674926 0.4975114854517611 0
1701159719592 0.49942572741194485 0
1701159802704 0.5 0
1701159847733 0.5 0
1701159892497 0.5 0
1701159937316 0.5 0
1701159982002 0.5 0
1701160026898 0.5 0
1701160071762 0.5 0
1701160116628 0.5 0
1701160161548 0.5 0
1701160206532 0.5 0
1701160251517 0.5 0
1701160296401 0.5 0
1701160341124 0.5 0
1701160386037 0.5 0
1701160431081 0.5 0
1701160475935 0.5 0
1701160520798 0.5 0
1701160565786 0.5 0
1701160610649 0.5 0
1701160655537 0.5 0
1701160700233 0.5 0
1701160745236 0.5 0
1701160790121 0.5 0
1701160835778 0.5 0
1701160880755 0.5 0
1701160925425 0.5 0
1701160972816 0.5 0
1701161026403 0.5 0
1701161088219 0.5 0
1701161181328 0.5 0
1701161273313 0.5 0
1701161367264 0.5 0
1701161461226 0.5 0
1701161554104 0.5 0
1701161646710 0.5 0
1701161739904 0.5 0
1701161832957 0.5 0
1701161924691 0.5 0
1701162018050 0.5 0
1701162110835 0.5 0
1701162202897 0.5 0
1701162295449 0.5 0
1701162392314 0.5 0
1701162486719 0.5 0
1701162579540 0.5 0
1701162672946 0.5 0
1701162765274 0.5 0
1701162857928 0.5 0
1701162950905 0.5 0
1701163044221 0.5 0
1701163137066 0.5 0
1701163228797 0.5 0
1701163320768 0.5 0
1701163412440 0.5 0
1701163503258 0.5 0
1701163591589 0.5 0
1701163680283 0.5 0
1701163769744 0.5 0
1701163859261 0.5 0
1701163948615 0.5 0
1701164038175 0.5 0
1701164128278 0.5 0
1701164223340 0.5 0
1701164315225 0.5 0
1701164404227 0.5 0
1701164492928 0.5 0
1701164581586 0.5 0
1701164669778 0.5 0
1701164759239 0.5 0
1701164847473 0.5 0
1701164935395 0.5 0
1701165023761 0.5 0
1701165110742 0.5 0
1701165198609 0.5 0
1701165267709 0.5 0
1701165312957 0.5 0
1701165357830 0.5 0
1701165403090 0.5 0
1701165448196 0.5 0
1701165493206 0.5 0
1701165538464 0.5 0
1701165583450 0.5 0
1701165628451 0.5 0
1701165673610 0.5 0
1701165718485 0.5 0
1701165763682 0.5 0
1701165812394 0.5 0
1701165861723 0.5 0
1701165909290 0.5 0
1701165954481 0.5 0
1701165999730 0.5 0
1701166045612 0.5 0
1701166090832 0.5 0
1701166135732 0.5 0
1701166180740 0.5 0
1701166226061 0.5 0
1701166271420 0.5 0
1701166316630 0.5 0
1701166361682 0.5 0
1701166406634 0.5 0
1701166451686 0.5 0
1701166496686 0.5 0
1701166541759 0.5 0
1701166586849 0.5 0
1701166632076 0.5 0
1701166677342 0.5 0
1701166722393 0.5 0
1701166767485 0.5 0
1701166812624 0.5 0
1701166857714 0.5 0
1701166903463 0.5 0
1701166949385 0.5 0
1701166994237 0.5 0
1701167039406 0.5 0
1701167084522 0.5 0
1701167130094 0.5 0
1701167175945 0.5 0
1701167222129 0.5 0
1701167272001 0.5 0
1701167323338 0.5 0
1701167368447 0.5 0
1701167414040 0.5 0
1701167458691 0.5 0
1701167504007 0.5 0
1701167549081 0.5 0
1701167594111 0.5 0
1701167639187 0.5 0
1701167684225 0.5 0
1701167729394 0.5 0
1701167774518 0.5 0
1701167819601 0.5 0
1701167865735 0.5 0
1701167910468 0.5 0
1701167956582 0.5 0
1701168006514 0.5 0
1701168052044 0.5 0
1701168096914 0.5 0
1701168141686 0.5 0
1701168189288 0.5 0
1701168237882 0.5 0
1701168286334 0.5 0
1701168331882 0.5 0
1701168376626 0.5 0
1701168421443 0.5 0
1701168466090 0.5 0
1701168510714 0.5 0
1701168555363 0.5 0
1701168600170 0.5 0
1701168645042 0.5 0
1701168689982 0.5 0
1701168734622 0.5 0
1701168779274 0.5 0
1701168824037 0.5 0
1701168869029 0.5 0
1701168913802 0.5 0
1701168958402 0.5 0
1701169003022 0.5 0
1701169047682 0.5 0
1701169092161 0.5 0
1701169136878 0.5 0
1701169181804 0.5 0
1701169226654 0.5 0
1701169271255 0.5 0
1701169316430 0.5 0
1701169361340 0.5 0
1701169406271 0.5 0
1701169451454 0.5 0
1701169496300 0.5 0
1701169541249 0.5 0
1701169586390 0.5 0
1701169631307 0.5 0
1701169676365 0.5 0
1701169721664 0.5 0
1701169769688 0.5 0
1701169818424 0.5 0
1701169866913 0.5 0
1701169912234 0.5 0
1701169956737 0.5 0
1701170001182 0.5 0
1701170045755 0.5 0
1701170090571 0.5 0
1701170135336 0.5 0
1701170180101 0.5 0
1701170225188 0.5 0
1701170270166 0.5 0
1701170315600 0.5 0
1701170360851 0.5 0
1701170405874 0.5 0
1701170451448 0.5 0
1701170497433 0.5 0
1701170542320 0.5 0
1701170586951 0.5 0
1701170631713 0.5 0
1701170676780 0.5 0
1701170721688 0.5 0
1701170766353 0.5 0
1701170811383 0.5 0
1701170856329 0.5 0
1701170901131 0.5 0
1701170946184 0.5 0
1701170991928 0.5 0
1701171036848 0.5 0
1701171081517 0.5 0
1701171126129 0.5 0
1701171170829 0.5 0
1701171215526 0.5 0
1701171260192 0.5 0
1701171305082 0.5 0
1701171349621 0.5 0
1701171394292 0.5 0
1701171438938 0.5 0
1701171483633 0.5 0
1701171528213 0.5 0
1701171572974 0.5 0
1701171617666 0.5 0
1701171662281 0.5 0
1701171706971 0.5 0
1701171754286 0.5 0
1701171802331 0.5 0
1701171851178 0.5 0
1701171896689 0.5 0
1701171941279 0.5 0
1701171985958 0.5 0
1701172030670 0.5 0
1701172075474 0.5 0
1701172120512 0.5 0
1701172165306 0.5 0
1701172210289 0.5 0
1701172255218 0.5 0
1701172299797 0.5 0
1701172344422 0.5 0
1701172389066 0.5 0
1701172433842 0.5 0
1701172478420 0.5 0
1701172523073 0.5 0
1701172567977 0.5 0
1701172612689 0.5 0
1701172657345 0.5 0
1701172702066 0.5 0
1701172746798 0.5 0
1701172791646 0.5 0
1701172836252 0.5 0
1701172880822 0.5 0
1701172925617 0.5 0
1701172970654 0.5 0
1701173015141 0.5 0
1701173062458 0.5 0
1701173111058 0.5 0
1701173159349 0.5 0
1701173204669 0.5 0
1701173249286 0.5 0
1701173293942 0.5 0
1701173338706 0.5 0
1701173383661 0.5 0
1701173428423 0.5 0
1701173473198 0.5 0
1701173517853 0.5 0
1701173562635 0.5 0
1701173607668 0.5 0
1701173652364 0.5 0
1701173697333 0.5 0
1701173790804 0.5 0
1701173835603 0.5 0
1701173880314 0.5 0
1701173927413 0.5 0
1701173972177 0.5 0
1701174016918 0.5 0
1701174061660 0.5 0
1701174106290 0.5 0
1701174151214 0.5 0
1701174196125 0.5 0
1701174241054 0.5 0
1701174285718 0.5 0
1701174330398 0.5 0
1701174375265 0.5 0
1701174419962 0.5 0
1701174464526 0.5 0
1701174509098 0.5 0
1701174553876 0.5 0
1701174598423 0.5 0
1701174643033 0.5 0
1701174688062 0.5 0
1701174732806 0.5 0
1701174777913 0.5 0
1701174826537 0.5 0
1701174875287 0.5 0
1701174922451 0.5 0
1701174968211 0.5 0
1701175013182 0.5 0
1701175057814 0.5 0
1701175102497 0.5 0
1701175147326 0.5 0
1701175192713 0.5 0
1701175238048 0.5 0
1701175282992 0.5 0
1701175327695 0.5 0
1701175372434 0.5 0
1701175417573 0.5 0
1701175462817 0.5 0
1701175507788 0.5 0
1701175552347 0.5 0
1701175597071 0.5 0
1701175642341 0.5 0
1701175687946 0.5 0
1701175733214 0.5 0
1701175778066 0.5 0
1701175822698 0.5 0
1701175867354 0.5 0
1701175912182 0.5 0
1701175956985 0.5 0
1701176001611 0.5 0
1701176046776 0.5 0
1701176092026 0.5 0
1701176136817 0.5 0
1701176181426 0.5 0
1701176226239 0.5 0
1701176271188 0.5 0
1701176315806 0.5 0
1701176360506 0.5 0
1701176405174 0.5 0
1701176449923 0.5 0
1701176494594 0.5 0
1701176539218 0.5 0
1701176583746 0.5 0
1701176628450 0.5 0
1701176673042 0.5 0
1701176717618 0.5 0
1701176762160 0.5 0
1701176806790 0.5 0
1701176852061 0.5 0
1701176897107 0.5 0
1701176942626 0.5 0
1701176987635 0.5 0
1701177035420 0.5 0
1701177083865 0.5 0
1701177132385 0.5 0
1701177177258 0.5 0
1701177221804 0.5 0
1701177266470 0.5 0
1701177311153 0.5 0
1701177356226 0.5 0
1701177403764 0.5 0
1701177457461 0.5 0
1701177521895 0.5 0
1701177614384 0.5 0
1701177706089 0.5 0
1701177798448 0.5 0
1701177892533 0.5 0
1701177985415 0.5 0
1701178079092 0.5 0
1701178172025 0.5 0
1701178265015 0.5 0
1701178361005 0.5 0
1701178455489 0.5 0
1701178548343 0.5 0
1701178641602 0.5 0
1701178734392 0.5 0
1701178826791 0.5 0
1701178919589 0.5 0
1701179012213 0.5 0
1701179104235 0.5 0
1701179197736 0.5 0
1701179290410 0.5 0
1701179382612 0.5 0
1701179476326 0.5 0
1701179569494 0.5 0
1701179661133 0.5 0
1701179752812 0.5 0
1701179843645 0.5 0
1701179933750 0.5 0
1701180022766 0.5 0
1701180113141 0.5 0
1701180203084 0.5 0
1701180292528 0.5 0
1701180381302 0.5 0
1701180471890 0.5 0
1701180560060 0.5 0
1701180648991 0.5 0
1701180738536 0.5 0
1701180828248 0.5 0
1701180920158 0.5 0
1701181011578 0.5 0
1701181100878 0.5 0
1701181189203 0.5 0
1701181278692 0.5 0
1701181366499 0.5 0
1701181455091 0.5 0
1701181543203 0.5 0
1701181630868 0.5 0
1701181680418 0.5 0
1701181725070 0.5 0
1701181769726 0.5 0
1701181814351 0.5 0
1701181859024 0.5 0
1701181903654 0.5 0
1701181948382 0.5 0
1701181992934 0.5 0
1701182037603 0.5 0
1701182082449 0.5 0
1701182127132 0.5 0
1701182171860 0.5 0
1701182216508 0.5 0
1701182261213 0.5 0
1701182306974 0.5 0
1701182355746 0.5 0
1701182403740 0.5 0
1701182451843 0.5 0
1701182496467 0.5 0
1701182541154 0.5 0
1701182585610 0.5 0
1701182630154 0.5 0
1701182674718 0.5 0
1701182719230 0.5 0
1701182763921 0.5 0
1701182808602 0.5 0
1701182853166 0.5 0
1701182898268 0.5 0
1701182943395 0.5 0
1701182988871 0.5 0
1701183034007 0.5 0
1701183079342 0.5 0
1701183124298 0.5 0
1701183168986 0.5 0
1701183213802 0.5 0
1701183258554 0.5 0
1701183303114 0.5 0
1701183347775 0.5 0
1701183392358 0.5 0
1701183437264 0.5 0
1701183487846 0.5 0
1701183540783 0.5 0
1701183620024 0.5 0
1701183713845 0.5 0
1701183807988 0.5 0
1701183902999 0.5 0
1701184000251 0.5 0
1701184100247 0.5 0
1701184199777 0.5 0
1701184298511 0.5 0
1701184397212 0.5 0
1701184495993 0.5 0
1701184592408 0.5 0
1701184690896 0.5 0
1701184789357 0.5 0
1701184887775 0.5 0
1701184984837 0.5 0
1701185084059 0.5 0
1701185182453 0.5 0
1701185281030 0.5 0
1701185379770 0.5 0
1701185477838 0.5 0
1701185576509 0.5 0
1701185675139 0.5 0
1701185773728 0.5 0
1701185872839 0.5 0
1701185971687 0.5 0
1701186070978 0.5 0
1701186172008 0.5 0
1701186272552 0.5 0
1701186370861 0.5 0
1701186469807 0.5 0
1701186568461 0.5 0
1701186667431 0.5 0
1701186765242 0.5 0
1701186863542 0.5 0
1701186962479 0.5 0
1701187062774 0.5 0
1701187161839 0.5 0
1701187261925 0.5 0
1701187360968 0.5 0
1701187460433 0.5 0
1701187559417 0.5 0
1701187658531 0.5 0
1701187757959 0.5 0
1701187856977 0.5 0
1701187956706 0.5 0
1701188058104 0.5 0
1701188159555 0.5 0
1701188259130 0.5 0
1701188358687 0.5 0
1701188457938 0.5 0
1701188558126 0.5 0
1701188658122 0.5 0
1701188757302 0.5 0
1701188856562 0.5 0
1701188955485 0.5 0
1701189054822 0.5 0
1701189154003 0.5 0
1701189253452 0.5 0
1701189352538 0.5 0
1701189452081 0.5 0
1701189551494 0.5 0
1701189653186 0.5 0
1701189752958 0.5 0
1701189851195 0.5 0
1701189951072 0.5 0
1701190023736 0.5 0
1701190068162 0.5 0
1701190112777 0.5 0
1701190157426 0.5 0
1701190202508 0.5 0
1701190247773 0.5 0
1701190292993 0.5 0
1701190337930 0.5 0
1701190382763 0.5 0
1701190427349 0.5 0
1701190472394 0.5 0
1701190517233 0.5 0
1701190561939 0.5 0
1701190607439 0.5 0
1701190652473 0.5 0
1701190697146 0.5 0
1701190741770 0.5 0
1701190786398 0.5 0
1701190831070 0.5 0
1701190875722 0.5 0
1701190920256 0.5 0
1701190965106 0.5 0
1701191010170 0.5 0
1701191055206 0.5 0
1701191100505 0.5 0
1701191148738 0.5 0
1701191423010 0.5 0
1701191467445 0.5 0
1701191512665 0.5 0
1701191557701 0.5 0
1701191602690 0.5 0
1701191647386 0.5 0
1701191692082 0.5 0
1701191736699 0.5 0
1701191781258 0.5 0
1701191825912 0.5 0
1701191870558 0.5 0
1701191915182 0.5 0
1701191959802 0.5 0
1701192004436 0.5 0
1701192049142 0.5 0
1701192093814 0.5 0
1701192138480 0.5 0
1701192183833 0.5 0
1701192228559 0.5 0
1701192273194 0.5 0
1701192318222 0.5 0
1701192363270 0.5 0
1701192408282 0.5 0
1701192453200 0.5 0
1701192498218 0.5 0
1701192543242 0.5 0
1701192588174 0.5 0
1701192633135 0.5 0
1701192677824 0.5 0
1701192722485 0.5 0
1701192767203 0.5 0
1701192811996 0.5 0
1701192856814 0.5 0
1701192901688 0.5 0
1701192947603 0.5 0
1701192996732 0.5 0
1701193045774 0.5 0
1701193093097 0.5 0
1701193138129 0.5 0
1701193183783 0.5 0
1701193228886 0.5 0
1701193273786 0.5 0
1701193318723 0.5 0
1701193363691 0.5 0
1701193408535 0.5 0
1701193453905 0.5 0
1701193499016 0.5 0
1701193543923 0.5 0
1701193588961 0.5 0
1701193635111 0.5 0
1701193680157 0.5 0
1701193725253 0.5 0
1701193770455 0.5 0
1701193815483 0.5 0
1701193860599 0.5 0
1701193905619 0.5 0
1701193950535 0.5 0
1701193995451 0.5 0
1701194040382 0.5 0
1701194085415 0.5 0
1701194130398 0.5 0
1701194176486 0.5 0
1701194222313 0.5 0
1701194267588 0.5 0
1701194312563 0.5 0
1701194357403 0.5 0
1701194402383 0.5 0
1701194450210 0.5 0
1701194498891 0.5 0
1701194548277 0.5 0
1701194594518 0.5 0
1701194639511 0.5 0
1701194684423 0.5 0
1701194729583 0.5 0
1701194774717 0.5 0
