1700475536401 0.325390625 0
1700475575725 1.41494140625 0
1700475619285 1.31318359375 0
1700475664574 1.5337890625 0
1700475708021 1.41845703125 0
1700475751696 8.5330078125 0
1700475795350 2.3419921875 0
1700475838864 1.63515625 0
1700475882586 1.55498046875 0
1700475926331 10.3275390625 0
1700475969945 7.008203125 0
1700476015261 1.85556640625 0
1700476058886 2.31787109375 0
1700476102438 1.50126953125 0
1700476147797 2.356640625 0
1700476191425 2.4287109375 0
1700476235189 1.71181640625 0
1700476278767 1.83701171875 0
1700476322483 2.56123046875 0
1700476366001 1.90537109375 0
1700476409673 5.8037109375 0
1700476453295 2.1841796875 0
1700476497189 2.13330078125 0
1700476540726 1.82119140625 0
1700476584181 2.6646484375 0
1700476627770 1.7037109375 0
1700476671674 1.71630859375 0
1700476715345 1.72080078125 0
1700476759017 2.02109375 0
1700476803129 1.66015625 0
1700476846829 2.0595703125 0
1700476890421 17.48837890625 0
1700476933893 1.814453125 0
1700476977626 2.15205078125 0
1700477021285 1.9865234375 0
1700477067742 1.9673828125 0
1700477115110 17.99775390625 0
1700477162827 2.47802734375 0
1700477207358 2.44716796875 0
1700477250957 2.12041015625 0
1700477294477 2.28056640625 0
1700477337942 16.6958984375 0
1700477381647 2.37197265625 0
1700477425298 2.7833984375 0
1700477468863 2.1822265625 0
1700477512493 2.371484375 0
1700477556446 2.51796875 0
1700477599976 2.42255859375 0
1700477643599 2.61259765625 0
1700477687139 6.869140625 0
1700477730655 15.7712890625 0
1700477774344 2.5953125 0
1700477818021 3.321875 0
1700477861609 3.384375 0
1700477905515 3.08828125 0
1700477949006 3.1888671875 0
1700477992613 3.625 0
1700478036273 2.869140625 0
1700478080082 2.9953125 0
1700478125831 3.08515625 0
1700478172349 3.559765625 0
1700478220107 3.1091796875 0
1700478265067 3.0724609375 0
1700478308579 3.085546875 0
1700478352088 17.8697265625 0
1700478395601 3.1970703125 0
1700478439124 3.18984375 0
1700478482905 3.2611328125 0
1700478526544 3.3455078125 0
1700478570221 17.151171875 0
1700478613643 3.4275390625 0
1700478657495 3.4501953125 0
1700478701033 4.999609375 0
1700478744615 3.583203125 0
1700478788247 3.99921875 0
1700478832029 3.862890625 0
1700478875681 4.342578125 0
1700478919207 3.9302734375 0
1700478962938 3.71640625 0
1700479006455 4.65859375 0
1700479050028 4.25703125 0
1700479093650 4.445703125 0
1700479137454 4.0013671875 0
1700479180921 4.5255859375 0
1700479224404 4.3201171875 0
1700479267929 4.675 0
1700479311563 4.5400390625 0
1700479355336 7.744921875 0
1700479398719 5.67265625 0
1700479442161 5.89453125 0
1700479485805 8.223046875 0
1700479529345 8.1125 0
1700479573076 9.503515625 0
1700479616824 10.934375 0
1700479660458 10.69609375 0
1700479704221 10.3390625 0
1700479747803 10.64765625 0
1700479792401 13.665625 0
1700479836047 11.37578125 0
1700479879571 10.8296875 0
1700479923232 11.246875 0
1700479966912 12.08515625 0
1700480010602 15.28984375 0
1700480053945 14.2015625 0
1700480098749 14.303125 0
1700480145441 14.8140625 0
1700480192955 14.22890625 0
1700480238211 29.58828125 0
1700480281768 14.6734375 0
1700480325293 15.01328125 0
1700480368865 14.8515625 0
1700480412510 14.59375 0
1700480456275 16.3328125 0
1700480499791 20.8359375 0
1700480543499 15.940625 0
1700480587194 19.98671875 0
1700480630799 17.9828125 0
1700480674235 18.31953125 0
1700480717637 17.66171875 0
1700480761104 19.334375 0
1700480804806 18.021875 0
1700480848353 18.834375 0
1700480891931 34.7078125 0
1700480935374 20.1859375 0
1700480979113 20.4109375 0
1700481022492 19.6203125 0
1700481065797 20.4859375 0
1700481109198 20.43125 0
1700481152520 20.5375 0
1700481195957 22.1703125 0
1700481239570 21.6984375 0
1700481283053 20.9546875 0
1700481326444 21.6921875 0
1700481409483 22.5546875 0
1700481453352 21.5125 0
1700481496917 21.9609375 0
1700481540556 22.134375 0
1700481584618 23.6359375 0
1700481628289 34.1796875 0
1700481672065 22.6734375 0
1700481715968 21.3203125 0
1700481759686 22.6484375 0
1700481803352 22.128125 0
1700481847138 33.2984375 0
1700481890873 22.36875 0
1700481934497 22.365625 0
1700481978251 23.540625 0
1700482022048 22.475 0
1700482067948 23.4796875 0
1700482115411 23.025 0
1700482162165 22.7734375 0
1700482207454 23.771875 0
1700482251306 23.115625 0
1700482294961 23.2625 0
1700482338806 23.840625 0
1700482382641 22.5328125 0
1700482426399 23.07021484375 0
1700482470118 23.1640625 0
1700482514023 22.3703125 0
1700482557844 23.6875 0
1700482601510 21.7890625 0
1700482645425 23.2140625 0
1700482689331 22.696875 0
1700482732955 22.2234375 0
1700482777492 22.3359375 0
1700482821245 22.5765625 0
1700482865178 22.6140625 0
1700482908806 23.321875 0
1700482952769 23.3734375 0
1700482996697 23.2828125 0
1700483040329 23.240625 0
1700483084281 21.8859375 0
1700483128145 23.884375 0
1700483171952 22.5203125 0
1700483215917 22.7125 0
1700483259661 22.70625 0
1700483303458 23.153125 0
1700483347525 23.5453125 0
1700483393550 21.834375 0
1700483437381 23.028125 0
1700483481317 23.9140625 0
1700483525088 22.6140625 0
1700483568865 23.19375 0
1700483612953 22.6921875 0
1700483656491 22.478125 0
1700483700629 23.128125 0
1700483744620 22.3625 0
1700483788413 22.8703125 0
1700483832286 23.971875 0
1700483876165 23.1640625 0
1700483920161 22.8765625 0
1700483964009 23.18125 0
1700484007898 24.2875 0
1700484051581 21.403125 0
1700484095513 22.70625 0
1700484139301 23.565625 0
1700484183159 22.65625 0
1700484228805 23.2390625 0
1700484276079 24.3578125 0
1700484324395 22.96875 0
1700484369653 24.0359375 0
1700484413709 23.4296875 0
1700484457514 23.19375 0
1700484501394 23.8640625 0
1700484545281 23.6703125 0
1700484589500 22.4734375 0
1700484633616 22.5359375 0
1700484677489 23.0859375 0
1700484721440 22.7671875 0
1700484765025 23.6609375 0
1700484808674 23.7359375 0
1700484852233 24.1046875 0
1700484896272 22.975 0
1700484940341 22.8375 0
1700484984397 22.678125 0
1700485028469 25.20625 0
1700485072538 22.9875 0
1700485116597 23.1390625 0
1700485160548 22.44375 0
1700485204562 24.0140625 0
1700485248544 23.56875 0
1700485292654 23.028125 0
1700485336694 24.8328125 0
1700485380706 23.1328125 0
1700485424809 23.50625 0
1700485468986 23.4703125 0
1700485514328 22.3953125 0
1700485562106 23.2453125 0
1700485610424 23.2015625 0
1700485656490 23.3328125 0
1700485700654 25.803125 0
1700485744689 23.328125 0
1700485788789 23.3578125 0
1700485832750 24.2265625 0
1700485876853 22.9890625 0
1700485921009 23.54375 0
1700485965096 23.4234375 0
1700486009448 23.5859375 0
1700486053550 24.73125 0
1700486097906 24.3234375 0
1700486141816 35.109375 0
1700486186185 23.2359375 0
1700486230303 23.528125 0
1700486274485 22.959375 0
1700486318617 24.615625 0
1700486362858 23.0078125 0
1700486407040 23.88125 0
1700486451194 22.721875 0
1700486495318 22.5953125 0
1700486539485 24.6828125 0
1700486583580 23.175 0
1700486627736 24.009375 0
1700486671653 23.6546875 0
1700486716021 23.0453125 0
1700486760015 23.8921875 0
1700486804122 23.515625 0
1700486848132 22.4890625 0
1700486892348 24.25 0
1700486936437 23.7046875 0
1700486981103 22.69375 0
1700487025932 23.98125 0
1700487070101 23.11875 0
1700487114244 23.7484375 0
1700487159480 24.215625 0
1700487207625 24.734375 0
1700487255453 23.4515625 0
1700487301204 24.325 0
