1700475536404 0.0013113617897033691 0
1700475575729 0.004052519798278809 0
1700475619289 0.004194974899291992 0
1700475664577 0.004312336444854736 0
1700475708025 0.004419505596160889 0
1700475751700 0.005034446716308594 0
1700475795353 0.005838751792907715 0
1700475838868 0.005941927433013916 0
1700475882590 0.0055394768714904785 0
1700475926335 0.0055536627769470215 0
1700475969949 0.005666851997375488 0
1700476015265 0.0057964324951171875 0
1700476058890 0.0059021711349487305 0
1700476102442 0.005993008613586426 0
1700476147800 0.006081283092498779 0
1700476191429 0.006190478801727295 0
1700476235192 0.006309211254119873 0
1700476278771 0.006404101848602295 0
1700476322487 0.006494879722595215 0
1700476366005 0.006622493267059326 0
1700476409676 0.006793498992919922 0
1700476453299 0.007027685642242432 0
1700476497193 0.0072754621505737305 0
1700476540729 0.007580459117889404 0
1700476584185 0.007880568504333496 0
1700476627774 0.008211970329284668 0
1700476671678 0.0084647536277771 0
1700476715348 0.009158730506896973 0
1700476759020 0.009824216365814209 0
1700476803133 0.010279178619384766 0
1700476846833 0.010762810707092285 0
1700476890425 0.011555314064025879 0
1700476933897 0.01259845495223999 0
1700476977631 0.013368725776672363 0
1700477021289 0.0143013596534729 0
1700477067745 0.014793992042541504 0
1700477115114 0.015669286251068115 0
1700477162831 0.016479551792144775 0
1700477207360 0.017403066158294678 0
1700477250961 0.018358290195465088 0
1700477294481 0.019690096378326416 0
1700477337946 0.02051699161529541 0
1700477381651 0.02129596471786499 0
1700477425302 0.022296786308288574 0
1700477468867 0.023751676082611084 0
1700477512497 0.02517235279083252 0
1700477556450 0.026433944702148438 0
1700477599980 0.027551591396331787 0
1700477643603 0.028501272201538086 0
1700477687142 0.02951681613922119 0
1700477730658 0.031423091888427734 0
1700477774348 0.034348249435424805 0
1700477818025 0.03622359037399292 0
1700477861613 0.03830909729003906 0
1700477905519 0.03993004560470581 0
1700477949009 0.0413590669631958 0
1700477992617 0.042312681674957275 0
1700478036277 0.04351973533630371 0
1700478080085 0.04505389928817749 0
1700478125835 0.046441733837127686 0
1700478172353 0.04729980230331421 0
1700478220110 0.048097431659698486 0
1700478265071 0.049003779888153076 0
1700478308583 0.05027741193771362 0
1700478352092 0.05174809694290161 0
1700478395605 0.05470496416091919 0
1700478439128 0.05652707815170288 0
1700478482909 0.058204472064971924 0
1700478526548 0.0596160888671875 0
1700478570225 0.0612255334854126 0
1700478613646 0.06315970420837402 0
1700478657499 0.0652880072593689 0
1700478701037 0.06684732437133789 0
1700478744619 0.0690116286277771 0
1700478788251 0.07093995809555054 0
1700478832033 0.07258105278015137 0
1700478875685 0.07383453845977783 0
1700478919211 0.0750228762626648 0
1700478962941 0.07633459568023682 0
1700479006459 0.07750660181045532 0
1700479050032 0.07901978492736816 0
1700479093653 0.08113962411880493 0
1700479137458 0.08385860919952393 0
1700479180925 0.08565104007720947 0
1700479224408 0.08798891305923462 0
1700479267932 0.09315472841262817 0
1700479311566 0.09904062747955322 0
1700479355339 0.10645252466201782 0
1700479398722 0.11508524417877197 0
1700479442165 0.1257038712501526 0
1700479485809 0.13948333263397217 0
1700479529349 0.1567528247833252 0
1700479573080 0.17535239458084106 0
1700479616827 0.1798272728919983 0
1700479660461 0.1887701153755188 0
1700479704224 0.19654440879821777 0
1700479747807 0.20350182056427002 0
1700479792404 0.210976243019104 0
1700479836051 0.21811401844024658 0
1700479879575 0.22487705945968628 0
1700479923236 0.23215126991271973 0
1700479966916 0.2388298511505127 0
1700480010605 0.24553251266479492 0
1700480053948 0.2523195147514343 0
1700480098752 0.2590913772583008 0
1700480145445 0.265669584274292 0
1700480192957 0.27214759588241577 0
1700480238214 0.27848291397094727 0
1700480281771 0.2846541404724121 0
1700480325297 0.2908012866973877 0
1700480368868 0.29724395275115967 0
1700480412514 0.30330806970596313 0
1700480456279 0.3092191815376282 0
1700480499795 0.3155243396759033 0
1700480543503 0.3213847279548645 0
1700480587198 0.327282190322876 0
1700480630802 0.3334397077560425 0
1700480674239 0.3386980891227722 0
1700480717640 0.3444370627403259 0
1700480761107 0.3502925634384155 0
1700480804809 0.3555186986923218 0
1700480848356 0.3619052767753601 0
1700480891935 0.3668357729911804 0
1700480935377 0.3727184534072876 0
1700480979116 0.3782511353492737 0
1700481022495 0.3832463026046753 0
1700481065801 0.3886033892631531 0
1700481109201 0.394361674785614 0
1700481152523 0.39950162172317505 0
1700481195962 0.40449202060699463 0
1700481239574 0.4092748165130615 0
1700481283057 0.41433531045913696 0
1700481326448 0.41914302110671997 0
1700481409487 0.4239209294319153 0
1700481453356 0.4280967116355896 0
1700481496921 0.4315704107284546 0
1700481540560 0.4323045015335083 0
1700481584622 0.4336186647415161 0
1700481628293 0.4349241852760315 0
1700481672068 0.4363108277320862 0
1700481715972 0.4376220107078552 0
1700481759689 0.43879497051239014 0
1700481803356 0.43999719619750977 0
1700481847141 0.4411885142326355 0
1700481890877 0.4426577091217041 0
1700481934501 0.44376951456069946 0
1700481978254 0.44488525390625 0
1700482022051 0.4461444020271301 0
1700482067951 0.4469475746154785 0
1700482115415 0.4481961131095886 0
1700482162168 0.4492954611778259 0
1700482207457 0.4503694772720337 0
1700482251309 0.45139163732528687 0
1700482294965 0.45247066020965576 0
1700482338809 0.45344239473342896 0
1700482382645 0.4544900059700012 0
1700482426403 0.4553842544555664 0
1700482470122 0.4564823508262634 0
1700482514026 0.45730316638946533 0
1700482557848 0.458284854888916 0
1700482601514 0.4591529369354248 0
1700482645429 0.460061252117157 0
1700482689334 0.460987389087677 0
1700482732959 0.4617709517478943 0
1700482777495 0.4626386761665344 0
1700482821249 0.46362733840942383 0
1700482865182 0.46440809965133667 0
1700482908810 0.4651315212249756 0
1700482952773 0.4658969044685364 0
1700482996701 0.466714084148407 0
1700483040333 0.46746504306793213 0
1700483084285 0.4681941270828247 0
1700483128149 0.4689284563064575 0
1700483171956 0.46970832347869873 0
1700483215920 0.47049379348754883 0
1700483259666 0.4711633324623108 0
1700483303462 0.4718717336654663 0
1700483347529 0.47254323959350586 0
1700483393554 0.4730856418609619 0
1700483437386 0.4738903045654297 0
1700483481321 0.4743068218231201 0
1700483525092 0.4749443531036377 0
1700483568870 0.4756423830986023 0
1700483612956 0.47618991136550903 0
1700483656493 0.47679227590560913 0
1700483700632 0.477384090423584 0
1700483744625 0.4779242277145386 0
1700483788417 0.47846829891204834 0
1700483832290 0.4789847135543823 0
1700483876169 0.4795492887496948 0
1700483920165 0.48007023334503174 0
1700483964013 0.4805949926376343 0
1700484007901 0.4811522960662842 0
1700484051585 0.48150527477264404 0
1700484095516 0.482074499130249 0
1700484139305 0.4824705123901367 0
1700484183163 0.4829499125480652 0
1700484228809 0.4833739995956421 0
1700484276083 0.4838337302207947 0
1700484324399 0.48424047231674194 0
1700484369656 0.48472321033477783 0
1700484413714 0.4851521849632263 0
1700484457517 0.48555654287338257 0
1700484501397 0.4859600067138672 0
1700484545285 0.48633652925491333 0
1700484589504 0.4867985248565674 0
1700484633621 0.4869934320449829 0
1700484677492 0.4874988794326782 0
1700484721444 0.4877207279205322 0
1700484765029 0.48816871643066406 0
1700484808677 0.4884037971496582 0
1700484852237 0.4888014793395996 0
1700484896276 0.4890996217727661 0
1700484940344 0.4893949031829834 0
1700484984401 0.489671528339386 0
1700485028473 0.49008041620254517 0
1700485072542 0.4904104471206665 0
1700485116601 0.4906556010246277 0
1700485160553 0.4909704327583313 0
1700485204565 0.49113065004348755 0
1700485248548 0.491355299949646 0
1700485292658 0.4916788339614868 0
1700485336698 0.49193668365478516 0
1700485380709 0.4922693371772766 0
1700485424812 0.4923688769340515 0
1700485468989 0.4926609396934509 0
1700485514332 0.492950439453125 0
1700485562109 0.49314600229263306 0
1700485610428 0.4932856559753418 0
1700485656494 0.49347805976867676 0
1700485700659 0.4937688112258911 0
1700485744694 0.4941076636314392 0
1700485788793 0.4940803647041321 0
1700485832753 0.49434512853622437 0
1700485876856 0.4944763779640198 0
1700485921012 0.494661808013916 0
1700485965100 0.4948185682296753 0
1700486009452 0.4949992895126343 0
1700486053553 0.4951513409614563 0
1700486097910 0.49536705017089844 0
1700486141820 0.4955056309700012 0
1700486186189 0.49581509828567505 0
1700486230307 0.4959062933921814 0
1700486274489 0.496013879776001 0
1700486318620 0.4961053729057312 0
1700486362862 0.49619150161743164 0
1700486407045 0.4963110089302063 0
1700486451198 0.49649304151535034 0
1700486495322 0.49670839309692383 0
1700486539489 0.4969031810760498 0
1700486583585 0.4967353940010071 0
1700486627740 0.497128427028656 0
1700486671656 0.497012734413147 0
1700486716025 0.4972327947616577 0
1700486760020 0.4972441792488098 0
1700486804126 0.49727892875671387 0
1700486848136 0.49741512537002563 0
1700486892352 0.4975409507751465 0
1700486936439 0.49759161472320557 0
1700486981107 0.4977185130119324 0
1700487025936 0.4977704882621765 0
1700487070104 0.4978742003440857 0
1700487114249 0.49792206287384033 0
1700487159484 0.4979616403579712 0
1700487207629 0.49812382459640503 0
1700487255456 0.4981500506401062 0
1700487301208 0.498277485370636 0
