1700475538834 4088.0 0
1700475578151 4088.0 0
1700475621722 4087.0 0
1700475666958 4087.0 0
1700475710427 4087.0 0
1700475754078 4086.0 0
1700475797717 4084.0 0
1700475841231 4084.0 0
1700475884969 4085.0 0
1700475928730 4086.0 0
1700475972313 4086.0 0
1700476017630 4085.0 0
1700476061249 4086.0 0
1700476104862 4086.0 0
1700476150202 4086.0 0
1700476193798 4086.0 0
1700476237567 4086.0 0
1700476281122 4086.0 0
1700476324840 4086.0 0
1700476368409 4086.0 0
1700476412123 4086.0 0
1700476455716 4086.0 0
1700476499561 4086.0 0
1700476543084 4086.0 0
1700476586606 4086.0 0
1700476630163 4086.0 0
1700476674067 4086.0 0
1700476717854 4086.0 0
1700476761516 4086.0 0
1700476805591 4086.0 0
1700476849247 4086.0 0
1700476892799 4086.0 0
1700476936291 4086.0 0
1700476980042 4086.0 0
1700477023658 4086.0 0
1700477070233 4086.0 0
1700477117500 4086.0 0
1700477165287 4085.0 0
1700477209739 4085.0 0
1700477253360 4085.0 0
1700477296866 4086.0 0
1700477340304 4086.0 0
1700477384008 4085.0 0
1700477427673 4085.0 0
1700477471221 4085.0 0
1700477514860 4085.0 0
1700477558831 4085.0 0
1700477602340 4085.0 0
1700477645946 4085.0 0
1700477689527 4085.0 0
1700477733021 4084.0 0
1700477776717 4084.0 0
1700477820410 4084.0 0
1700477863992 4084.0 0
1700477907904 4084.0 0
1700477951370 4084.0 0
1700477994966 4084.0 0
1700478038646 4084.0 0
1700478082491 4084.0 0
1700478128315 4085.0 0
1700478174856 4085.0 0
1700478222602 4085.0 0
1700478267518 4085.0 0
1700478310930 4085.0 0
1700478354515 4085.0 0
1700478397972 4085.0 0
1700478441577 4085.0 0
1700478485402 4085.0 0
1700478529060 4085.0 0
1700478572597 4084.0 0
1700478616051 4084.0 0
1700478659872 4084.0 0
1700478703396 4084.0 0
1700478746978 4084.0 0
1700478790677 4084.0 0
1700478834416 4085.0 0
1700478878054 4085.0 0
1700478921623 4085.0 0
1700478965285 4085.0 0
1700479008820 4085.0 0
1700479052411 4085.0 0
1700479096068 4085.0 0
1700479139814 4085.0 0
1700479183283 4085.0 0
1700479226820 4085.0 0
1700479270314 4084.0 0
1700479313955 4082.0 0
1700479357726 4075.0 0
1700479401091 4064.0 0
1700479444542 4043.0 0
1700479488183 4006.0 0
1700479531726 3955.0 0
1700479575492 3901.0 0
1700479619169 3896.0 0
1700479662823 3875.0 0
1700479706609 3858.0 0
1700479750198 3845.0 0
1700479794750 3830.0 0
1700479838440 3818.0 0
1700479882027 3807.0 0
1700479925618 3797.0 0
1700479969316 3788.0 0
1700480012988 3778.0 0
1700480056335 3768.0 0
1700480101273 3758.0 0
1700480147927 3749.0 0
1700480195459 3738.0 0
1700480240560 3727.0 0
1700480284155 3718.0 0
1700480327709 3707.0 0
1700480371211 3695.0 0
1700480415029 3685.0 0
1700480458742 3674.0 0
1700480502299 3661.0 0
1700480545875 3648.0 0
1700480589567 3636.0 0
1700480633195 3622.0 0
1700480676612 3611.0 0
1700480720025 3599.0 0
1700480763505 3589.0 0
1700480807179 3579.0 0
1700480850800 3566.0 0
1700480894284 3558.0 0
1700480937744 3548.0 0
1700480981464 3538.0 0
1700481024862 3530.0 0
1700481068127 3521.0 0
1700481111594 3509.0 0
1700481154880 3501.0 0
1700481198319 3492.0 0
1700481241980 3484.0 0
1700481285432 3475.0 0
1700481328828 3466.0 0
1700481411888 3458.0 0
1700481455717 3451.0 0
1700481499238 3447.0 0
1700481542978 3448.0 0
1700481587004 3448.0 0
1700481630652 3448.0 0
1700481674459 3449.0 0
1700481718345 3449.0 0
1700481762061 3449.0 0
1700481805726 3449.0 0
1700481849525 3450.0 0
1700481893235 3449.0 0
1700481936859 3449.0 0
1700481980600 3448.0 0
1700482024374 3447.0 0
1700482070516 3448.0 0
1700482117923 3447.0 0
1700482164815 3447.0 0
1700482209936 3447.0 0
1700482253657 3447.0 0
1700482297322 3447.0 0
1700482341208 3447.0 0
1700482385023 3447.0 0
1700482428780 3447.0 0
1700482472473 3447.0 0
1700482516378 3448.0 0
1700482560251 3448.0 0
1700482603823 3448.0 0
1700482647828 3448.0 0
1700482691708 3447.0 0
1700482735380 3448.0 0
1700482779845 3448.0 0
1700482823641 3448.0 0
1700482867541 3448.0 0
1700482911170 3448.0 0
1700482955166 3448.0 0
1700482999051 3448.0 0
1700483042728 3448.0 0
1700483086659 3448.0 0
1700483130517 3448.0 0
1700483174309 3448.0 0
1700483218281 3448.0 0
1700483262044 3448.0 0
1700483305839 3448.0 0
1700483349927 3448.0 0
1700483395913 3448.0 0
1700483439771 3448.0 0
1700483483728 3448.0 0
1700483527439 3448.0 0
1700483571263 3448.0 0
1700483615315 3448.0 0
1700483658865 3448.0 0
1700483703059 3448.0 0
1700483747005 3448.0 0
1700483790872 3449.0 0
1700483834628 3449.0 0
1700483878563 3449.0 0
1700483922538 3449.0 0
1700483966356 3449.0 0
1700484010281 3449.0 0
1700484053916 3449.0 0
1700484097852 3449.0 0
1700484141703 3449.0 0
1700484185513 3449.0 0
1700484231588 3449.0 0
1700484278946 3449.0 0
1700484327235 3449.0 0
1700484372008 3449.0 0
1700484416101 3449.0 0
1700484459873 3449.0 0
1700484503810 3449.0 0
1700484547688 3449.0 0
1700484591858 3449.0 0
1700484635977 3449.0 0
1700484679877 3449.0 0
1700484723780 3449.0 0
1700484767383 3449.0 0
1700484811008 3449.0 0
1700484854624 3449.0 0
1700484898670 3449.0 0
1700484942779 3449.0 0
1700484986850 3449.0 0
1700485030885 3449.0 0
1700485074869 3449.0 0
1700485119031 3449.0 0
1700485162952 3449.0 0
1700485206933 3449.0 0
1700485250931 3449.0 0
1700485295085 3449.0 0
1700485339097 3449.0 0
1700485383131 3449.0 0
1700485427179 3449.0 0
1700485471352 3449.0 0
1700485517032 3450.0 0
1700485564718 3450.0 0
1700485613206 3450.0 0
1700485658846 3450.0 0
1700485703039 3450.0 0
1700485747055 3450.0 0
1700485791110 3450.0 0
1700485835206 3450.0 0
1700485879277 3450.0 0
1700485923464 3450.0 0
1700485967581 3450.0 0
1700486011878 3450.0 0
1700486055952 3450.0 0
1700486100298 3451.0 0
1700486144246 3452.0 0
1700486188569 3453.0 0
1700486232725 3453.0 0
1700486276898 3454.0 0
1700486321031 3454.0 0
1700486365258 3454.0 0
1700486409413 3454.0 0
1700486453581 3454.0 0
1700486497744 3454.0 0
1700486541884 3454.0 0
1700486585981 3454.0 0
1700486630109 3454.0 0
1700486674029 3454.0 0
1700486718387 3454.0 0
1700486762450 3454.0 0
1700486806484 3454.0 0
1700486850514 3454.0 0
1700486894748 3454.0 0
1700486938837 3454.0 0
1700486983692 3454.0 0
1700487028314 3454.0 0
1700487072513 3454.0 0
1700487116620 3454.0 0
1700487162404 3454.0 0
1700487210495 3454.0 0
1700487258134 3453.0 0
1700487303615 3453.0 0
