1700475536402 0.0 0
1700475575726 0.0007104184478521347 0
1700475619286 -0.001600479893386364 0
1700475664574 -0.0038414446637034414 0
1700475708022 0.0028394408524036407 0
1700475751697 0.020371992141008377 0
1700475795350 0.04822219461202622 0
1700475838864 0.08712742924690246 0
1700475882587 0.14219024181365966 0
1700475926332 0.210914945602417 0
1700475969946 0.2917651176452637 0
1700476015262 0.38563051223754885 0
1700476058887 0.4932090759277344 0
1700476102439 0.6147085189819336 0
1700476147797 0.7503353118896484 0
1700476191426 0.8998109817504882 0
1700476235190 1.0631855010986329 0
1700476278768 1.2411571502685548 0
1700476322484 1.4339103698730469 0
1700476366002 1.640892791748047 0
1700476409673 1.861669921875 0
1700476453296 2.0946189880371096 0
1700476497190 2.341810607910156 0
1700476540727 2.600921630859375 0
1700476584182 2.8754898071289063 0
1700476627770 3.160664367675781 0
1700476671674 3.4649978637695313 0
1700476715345 3.7736785888671873 0
1700476759018 4.083831787109375 0
1700476803130 4.41585693359375 0
1700476846830 4.7676025390625 0
1700476890422 5.121783447265625 0
1700476933894 5.470166015625 0
1700476977627 5.834808349609375 0
1700477021286 6.213165283203125 0
1700477067742 6.614013671875 0
1700477115111 7.0318603515625 0
1700477162828 7.446368408203125 0
1700477207358 7.876654052734375 0
1700477250958 8.313409423828125 0
1700477294478 8.74256591796875 0
1700477337943 9.18961181640625 0
1700477381648 9.67763671875 0
1700477425299 10.16649169921875 0
1700477468864 10.63951416015625 0
1700477512494 11.09288330078125 0
1700477556447 11.5837158203125 0
1700477599977 12.086865234375 0
1700477643600 12.62567138671875 0
1700477687140 13.1784423828125 0
1700477730655 13.697509765625 0
1700477774345 14.1076171875 0
1700477818022 14.5340087890625 0
1700477861609 15.0245361328125 0
1700477905515 15.51875 0
1700477949006 16.0633056640625 0
1700477992614 16.6645263671875 0
1700478036274 17.2904052734375 0
1700478080082 17.875 0
1700478125832 18.47509765625 0
1700478172350 19.1285888671875 0
1700478220107 19.84990234375 0
1700478265068 20.547802734375 0
1700478308580 21.2453125 0
1700478352089 21.92177734375 0
1700478395602 22.475 0
1700478439125 23.0068359375 0
1700478482906 23.658154296875 0
1700478526545 24.339794921875 0
1700478570222 25.0685546875 0
1700478613644 25.7048828125 0
1700478657496 26.32607421875 0
1700478701034 27.0162109375 0
1700478744616 27.699267578125 0
1700478788248 28.324658203125 0
1700478832030 29.054052734375 0
1700478875682 29.826513671875 0
1700478919208 30.671630859375 0
1700478962939 31.47548828125 0
1700479006456 32.3384765625 0
1700479050029 33.18427734375 0
1700479093651 33.93984375 0
1700479137455 34.583984375 0
1700479180922 35.28896484375 0
1700479224405 36.07236328125 0
1700479267930 36.4642578125 0
1700479311564 36.50947265625 0
1700479355337 36.32685546875 0
1700479398719 35.83837890625 0
1700479442162 34.97705078125 0
1700479485806 33.65615234375 0
1700479529346 31.6412109375 0
1700479573077 28.85458984375 0
1700479616824 27.8240234375 0
1700479660458 27.4796875 0
1700479704222 26.8974609375 0
1700479747804 26.3494140625 0
1700479792402 25.818359375 0
1700479836048 25.300390625 0
1700479879572 24.81328125 0
1700479923233 24.31904296875 0
1700479966913 23.8484375 0
1700480010603 23.40576171875 0
1700480053945 22.9609375 0
1700480098749 22.51416015625 0
1700480145442 22.0927734375 0
1700480192955 21.6787109375 0
1700480238212 21.2654296875 0
1700480281768 20.887890625 0
1700480325294 20.49453125 0
1700480368865 20.136328125 0
1700480412511 19.7505859375 0
1700480456276 19.3830078125 0
1700480499792 19.0181640625 0
1700480543499 18.67109375 0
1700480587195 18.32890625 0
1700480630799 17.9888671875 0
1700480674236 17.694921875 0
1700480717638 17.359375 0
1700480761104 17.040234375 0
1700480804806 16.8138671875 0
1700480848354 16.465625 0
1700480891932 16.15703125 0
1700480935375 15.8984375 0
1700480979114 15.5439453125 0
1700481022492 15.3533203125 0
1700481065798 15.1169921875 0
1700481109198 14.8255859375 0
1700481152521 14.5287109375 0
1700481195958 14.3486328125 0
1700481239571 14.1755859375 0
1700481283054 13.9890625 0
1700481326445 13.8046875 0
1700481409484 13.6333984375 0
1700481453353 13.280078125 0
1700481496918 12.5654296875 0
1700481540557 12.2224609375 0
1700481584619 12.12109375 0
1700481628290 11.8703125 0
1700481672066 11.6169921875 0
1700481715969 11.4232421875 0
1700481759686 11.2095703125 0
1700481803353 10.994921875 0
1700481847138 10.758203125 0
1700481890874 10.5533203125 0
1700481934497 10.36171875 0
1700481978252 10.1595703125 0
1700482022049 9.9591796875 0
1700482067949 9.7548828125 0
1700482115412 9.57890625 0
1700482162165 9.3853515625 0
1700482207455 9.1939453125 0
1700482251306 9.01484375 0
1700482294962 8.8326171875 0
1700482338806 8.6509765625 0
1700482382642 8.4736328125 0
1700482426400 8.30078125 0
1700482470119 8.129296875 0
1700482514024 7.9505859375 0
1700482557845 7.7828125 0
1700482601511 7.62890625 0
1700482645426 7.4564453125 0
1700482689332 7.3107421875 0
1700482732956 7.16171875 0
1700482777492 6.9890625 0
1700482821246 6.8447265625 0
1700482865178 6.70859375 0
1700482908806 6.56015625 0
1700482952770 6.4130859375 0
1700482996698 6.2736328125 0
1700483040330 6.13984375 0
1700483084282 5.9947265625 0
1700483128146 5.8623046875 0
1700483171953 5.7287109375 0
1700483215917 5.6 0
1700483259662 5.4720703125 0
1700483303459 5.3220703125 0
1700483347525 5.2353515625 0
1700483393550 5.084375 0
1700483437382 4.984375 0
1700483481318 4.8646484375 0
1700483525089 4.7541015625 0
1700483568866 4.639453125 0
1700483612953 4.53515625 0
1700483656491 4.4283203125 0
1700483700629 4.318359375 0
1700483744621 4.2138671875 0
1700483788414 4.1123046875 0
1700483832286 4.0111328125 0
1700483876166 3.90234375 0
1700483920162 3.8162109375 0
1700483964010 3.7166015625 0
1700484007898 3.623828125 0
1700484051582 3.526953125 0
1700484095513 3.4328125 0
1700484139302 3.357421875 0
1700484183160 3.263671875 0
1700484228806 3.1865234375 0
1700484276080 3.1013671875 0
1700484324395 3.0150390625 0
1700484369653 2.9421875 0
1700484413710 2.8638671875 0
1700484457514 2.786328125 0
1700484501394 2.709765625 0
1700484545282 2.638671875 0
1700484589501 2.559765625 0
1700484633617 2.4869140625 0
1700484677490 2.4107421875 0
1700484721440 2.36328125 0
1700484765025 2.28046875 0
1700484808675 2.234765625 0
1700484852234 2.1583984375 0
1700484896272 2.106640625 0
1700484940342 2.049609375 0
1700484984398 1.9935546875 0
1700485028470 1.91875 0
1700485072539 1.8666015625 0
1700485116598 1.8208984375 0
1700485160549 1.765625 0
1700485204563 1.7048828125 0
1700485248545 1.6697265625 0
1700485292655 1.6076171875 0
1700485336695 1.5669921875 0
1700485380706 1.5162109375 0
1700485424809 1.4744140625 0
1700485468986 1.4220703125 0
1700485514328 1.378125 0
1700485562107 1.3435546875 0
1700485610425 1.3001953125 0
1700485656491 1.2630859375 0
1700485700655 1.2060546875 0
1700485744690 1.1744140625 0
1700485788790 1.1236328125 0
1700485832750 1.10625 0
1700485876853 1.07890625 0
1700485921009 1.0380859375 0
1700485965097 1.0099609375 0
1700486009449 0.976953125 0
1700486053550 0.942578125 0
1700486097906 0.91015625 0
1700486141817 0.8796875 0
1700486186186 0.8185546875 0
1700486230304 0.8177734375 0
1700486274486 0.758984375 0
1700486318617 0.76640625 0
1700486362859 0.741015625 0
1700486407041 0.7154296875 0
1700486451195 0.6916015625 0
1700486495319 0.662109375 0
1700486539486 0.6349609375 0
1700486583581 0.6048828125 0
1700486627737 0.5677734375 0
1700486671654 0.5689453125 0
1700486716022 0.556640625 0
1700486760016 0.5357421875 0
1700486804122 0.515234375 0
1700486848133 0.504296875 0
1700486892349 0.474609375 0
1700486936437 0.4673828125 0
1700486981103 0.4423828125 0
1700487025933 0.4328125 0
1700487070102 0.4009765625 0
1700487114245 0.40234375 0
1700487159481 0.387890625 0
1700487207626 0.3583984375 0
1700487255453 0.360546875 0
1700487301205 0.336328125 0
