1700475536403 0.09999923408031464 0
1700475575728 0.9335607886314392 0
1700475619288 1.172890543937683 0
1700475664575 0.30164045095443726 0
1700475708024 -0.9832019805908203 0
1700475751698 -2.4129669666290283 0
1700475795352 -3.9072818756103516 0
1700475838866 -5.438205718994141 0
1700475882588 -7.010573387145996 0
1700475926334 -8.619941711425781 0
1700475969947 -10.248686790466309 0
1700476015263 -11.887228965759277 0
1700476058888 -13.531669616699219 0
1700476102440 -15.180407524108887 0
1700476147798 -16.83250617980957 0
1700476191428 -18.48701286315918 0
1700476235191 -20.14292335510254 0
1700476278770 -21.799680709838867 0
1700476322485 -23.45713233947754 0
1700476366003 -25.114904403686523 0
1700476409675 -26.772319793701172 0
1700476453297 -28.428314208984375 0
1700476497192 -30.08224868774414 0
1700476540728 -31.733612060546875 0
1700476584184 -33.382362365722656 0
1700476627772 -35.02812957763672 0
1700476671676 -36.671478271484375 0
1700476715347 -38.31208038330078 0
1700476759019 -39.94679641723633 0
1700476803132 -41.57592010498047 0
1700476846832 -43.2016487121582 0
1700476890424 -44.8239631652832 0
1700476933896 -46.440391540527344 0
1700476977629 -48.04984664916992 0
1700477021287 -49.653656005859375 0
1700477067744 -51.2528076171875 0
1700477115113 -52.849727630615234 0
1700477162829 -54.44322967529297 0
1700477207359 -56.03328323364258 0
1700477250959 -57.61957931518555 0
1700477294479 -59.2011604309082 0
1700477337944 -60.77708053588867 0
1700477381649 -62.3499870300293 0
1700477425300 -63.920963287353516 0
1700477468866 -65.4886703491211 0
1700477512496 -67.05021667480469 0
1700477556448 -68.60592651367188 0
1700477599979 -70.15693664550781 0
1700477643601 -71.7049789428711 0
1700477687141 -73.25141906738281 0
1700477730656 -74.79540252685547 0
1700477774346 -76.33102416992188 0
1700477818024 -77.85408020019531 0
1700477861611 -79.36788940429688 0
1700477905517 -80.8738784790039 0
1700477949008 -82.3747787475586 0
1700477992616 -83.87358093261719 0
1700478036275 -85.37289428710938 0
1700478080084 -86.87187957763672 0
1700478125834 -88.36937713623047 0
1700478172351 -89.8662109375 0
1700478220109 -91.36518859863281 0
1700478265069 -92.86634063720703 0
1700478308581 -94.36910247802734 0
1700478352090 -95.87186431884766 0
1700478395603 -97.37137603759766 0
1700478439126 -98.86280822753906 0
1700478482907 -100.34861755371094 0
1700478526546 -101.83103942871094 0
1700478570223 -103.3122787475586 0
1700478613645 -104.79088592529297 0
1700478657498 -106.26538848876953 0
1700478701036 -107.73592376708984 0
1700478744617 -109.2037353515625 0
1700478788250 -110.667236328125 0
1700478832032 -112.12754821777344 0
1700478875684 -113.58633422851562 0
1700478919210 -115.04568481445312 0
1700478962940 -116.50584411621094 0
1700479006457 -117.96698760986328 0
1700479050030 -119.42921447753906 0
1700479093652 -120.8907241821289 0
1700479137457 -122.34844207763672 0
1700479180924 -123.80081939697266 0
1700479224406 -125.2498779296875 0
1700479267931 -126.6920166015625 0
1700479311565 -128.11758422851562 0
1700479355338 -129.52012634277344 0
1700479398720 -130.89244079589844 0
1700479442163 -132.2272186279297 0
1700479485807 -133.5154266357422 0
1700479529347 -134.7432861328125 0
1700479573079 -135.8920440673828 0
1700479616825 -136.96926879882812 0
1700479660460 -138.01126098632812 0
1700479704223 -139.02476501464844 0
1700479747805 -140.0131378173828 0
1700479792403 -140.97927856445312 0
1700479836049 -141.9240264892578 0
1700479879573 -142.84841918945312 0
1700479923234 -143.75347900390625 0
1700479966915 -144.6400909423828 0
1700480010604 -145.50912475585938 0
1700480053947 -146.3614959716797 0
1700480098750 -147.19735717773438 0
1700480145444 -148.0175323486328 0
1700480192956 -148.82249450683594 0
1700480238213 -149.61265563964844 0
1700480281770 -150.38880920410156 0
1700480325295 -151.15151977539062 0
1700480368867 -151.90130615234375 0
1700480412512 -152.63809204101562 0
1700480456278 -153.3621826171875 0
1700480499794 -154.07403564453125 0
1700480543501 -154.77386474609375 0
1700480587196 -155.46214294433594 0
1700480630801 -156.13926696777344 0
1700480674238 -156.80551147460938 0
1700480717639 -157.46153259277344 0
1700480761106 -158.10719299316406 0
1700480804808 -158.74359130859375 0
1700480848355 -159.37095642089844 0
1700480891933 -159.9875030517578 0
1700480935376 -160.59539794921875 0
1700480979115 -161.19320678710938 0
1700481022493 -161.78237915039062 0
1700481065800 -162.3643341064453 0
1700481109200 -162.93824768066406 0
1700481152522 -163.50279235839844 0
1700481195960 -164.0599365234375 0
1700481239572 -164.61097717285156 0
1700481283055 -165.15658569335938 0
1700481326446 -165.69647216796875 0
1700481409485 -166.2310028076172 0
1700481453354 -166.75872802734375 0
1700481496919 -167.2698516845703 0
1700481540558 -167.76380920410156 0
1700481584620 -168.2493133544922 0
1700481628292 -168.72752380371094 0
1700481672067 -169.19802856445312 0
1700481715971 -169.66152954101562 0
1700481759688 -170.1181182861328 0
1700481803355 -170.56802368164062 0
1700481847140 -171.01068115234375 0
1700481890875 -171.44662475585938 0
1700481934499 -171.8757781982422 0
1700481978253 -172.29855346679688 0
1700482022050 -172.7149658203125 0
1700482067950 -173.12464904785156 0
1700482115414 -173.5283966064453 0
1700482162167 -173.9259490966797 0
1700482207456 -174.31727600097656 0
1700482251307 -174.70252990722656 0
1700482294964 -175.08175659179688 0
1700482338808 -175.45492553710938 0
1700482382643 -175.8221435546875 0
1700482426402 -176.18348693847656 0
1700482470120 -176.53907775878906 0
1700482514025 -176.88864135742188 0
1700482557846 -177.23251342773438 0
1700482601512 -177.57080078125 0
1700482645427 -177.9033966064453 0
1700482689333 -178.23068237304688 0
1700482732957 -178.55270385742188 0
1700482777494 -178.86915588378906 0
1700482821248 -179.18035888671875 0
1700482865180 -179.48635864257812 0
1700482908808 -179.78724670410156 0
1700482952771 -180.08306884765625 0
1700482996700 -180.37388610839844 0
1700483040331 -180.65975952148438 0
1700483084284 -180.94058227539062 0
1700483128147 -181.21644592285156 0
1700483171954 -181.48744201660156 0
1700483215919 -181.75364685058594 0
1700483259664 -182.01499938964844 0
1700483303460 -182.27122497558594 0
1700483347527 -182.5231475830078 0
1700483393552 -182.77024841308594 0
1700483437384 -183.01312255859375 0
1700483481320 -183.25128173828125 0
1700483525091 -183.48538208007812 0
1700483568868 -183.7152099609375 0
1700483612955 -183.94073486328125 0
1700483656492 -184.1621551513672 0
1700483700631 -184.37936401367188 0
1700483744623 -184.59239196777344 0
1700483788416 -184.80136108398438 0
1700483832288 -185.00628662109375 0
1700483876168 -185.20703125 0
1700483920164 -185.40383911132812 0
1700483964011 -185.59677124023438 0
1700484007900 -185.785888671875 0
1700484051583 -185.9709930419922 0
1700484095515 -186.1522979736328 0
1700484139303 -186.32998657226562 0
1700484183162 -186.50405883789062 0
1700484228808 -186.67465209960938 0
1700484276081 -186.8417205810547 0
1700484324397 -187.00514221191406 0
1700484369655 -187.1652374267578 0
1700484413712 -187.3219757080078 0
1700484457516 -187.47537231445312 0
1700484501396 -187.62542724609375 0
1700484545283 -187.77220153808594 0
1700484589503 -187.91567993164062 0
1700484633619 -188.0555419921875 0
1700484677491 -188.19229125976562 0
1700484721442 -188.32611083984375 0
1700484765027 -188.4569091796875 0
1700484808676 -188.5848846435547 0
1700484852235 -188.70993041992188 0
1700484896274 -188.83212280273438 0
1700484940343 -188.95164489746094 0
1700484984399 -189.06857299804688 0
1700485028471 -189.18252563476562 0
1700485072541 -189.29351806640625 0
1700485116600 -189.40187072753906 0
1700485160551 -189.5078125 0
1700485204564 -189.61090087890625 0
1700485248547 -189.7118377685547 0
1700485292657 -189.81027221679688 0
1700485336696 -189.9063262939453 0
1700485380708 -190.00003051757812 0
1700485424811 -190.0912322998047 0
1700485468988 -190.18020629882812 0
1700485514330 -190.266845703125 0
1700485562108 -190.35125732421875 0
1700485610426 -190.4335479736328 0
1700485656492 -190.51394653320312 0
1700485700657 -190.59194946289062 0
1700485744692 -190.6678009033203 0
1700485788792 -190.74087524414062 0
1700485832752 -190.81259155273438 0
1700485876855 -190.88275146484375 0
1700485921011 -190.95115661621094 0
1700485965099 -191.0178985595703 0
1700486009451 -191.0829315185547 0
1700486053552 -191.1461181640625 0
1700486097908 -191.20753479003906 0
1700486141819 -191.26705932617188 0
1700486186187 -191.32420349121094 0
1700486230306 -191.3794403076172 0
1700486274488 -191.43275451660156 0
1700486318619 -191.48489379882812 0
1700486362860 -191.53607177734375 0
1700486407043 -191.5860137939453 0
1700486451197 -191.63467407226562 0
1700486495320 -191.68179321289062 0
1700486539487 -191.72731018066406 0
1700486583583 -191.77072143554688 0
1700486627739 -191.812744140625 0
1700486671655 -191.85299682617188 0
1700486716023 -191.89312744140625 0
1700486760018 -191.93202209472656 0
1700486804124 -191.96987915039062 0
1700486848134 -192.00686645507812 0
1700486892351 -192.04258728027344 0
1700486936438 -192.07730102539062 0
1700486981105 -192.11085510253906 0
1700487025935 -192.1433563232422 0
1700487070103 -192.17453002929688 0
1700487114247 -192.2047119140625 0
1700487159483 -192.2342529296875 0
1700487207627 -192.2625732421875 0
1700487255455 -192.2901153564453 0
1700487301206 -192.31674194335938 0
