1700475536404 0.09942184388637543 0
1700475575728 0.8399556875228882 0
1700475619289 1.3661285638809204 0
1700475664576 2.431196451187134 0
1700475708025 3.7985172271728516 0
1700475751699 5.324906826019287 0
1700475795352 6.955667495727539 0
1700475838867 8.661903381347656 0
1700475882589 10.451652526855469 0
1700475926334 12.310569763183594 0
1700475969948 14.20820426940918 0
1700476015264 16.13042449951172 0
1700476058889 18.07189178466797 0
1700476102441 20.02997398376465 0
1700476147799 22.002534866333008 0
1700476191428 23.987098693847656 0
1700476235192 25.981096267700195 0
1700476278770 27.98296356201172 0
1700476322486 29.99195098876953 0
1700476366004 32.00679016113281 0
1700476409676 34.025665283203125 0
1700476453298 36.04604721069336 0
1700476497192 38.06648635864258 0
1700476540729 40.08578872680664 0
1700476584184 42.103851318359375 0
1700476627773 44.1197624206543 0
1700476671677 46.134674072265625 0
1700476715347 48.147613525390625 0
1700476759019 50.15141296386719 0
1700476803133 52.147151947021484 0
1700476846832 54.139923095703125 0
1700476890424 56.12937545776367 0
1700476933896 58.10966110229492 0
1700476977630 60.07855224609375 0
1700477021288 62.039306640625 0
1700477067745 63.99416732788086 0
1700477115113 65.94851684570312 0
1700477162830 67.89920043945312 0
1700477207360 69.84599304199219 0
1700477250960 71.78800964355469 0
1700477294480 73.72290802001953 0
1700477337945 75.6485366821289 0
1700477381650 77.57115173339844 0
1700477425301 79.49302673339844 0
1700477468867 81.41071319580078 0
1700477512496 83.31739807128906 0
1700477556449 85.21409606933594 0
1700477599979 87.10350799560547 0
1700477643602 88.98966979980469 0
1700477687142 90.87559509277344 0
1700477730657 92.75894927978516 0
1700477774347 94.62579345703125 0
1700477818025 96.46672058105469 0
1700477861612 98.29008483886719 0
1700477905518 100.09944152832031 0
1700477949009 101.90128326416016 0
1700477992616 103.70237731933594 0
1700478036276 105.50852966308594 0
1700478080085 107.31733703613281 0
1700478125835 109.12589263916016 0
1700478172352 110.93594360351562 0
1700478220110 112.75389862060547 0
1700478265070 114.57942962646484 0
1700478308582 116.41089630126953 0
1700478352091 118.24427032470703 0
1700478395604 120.07164764404297 0
1700478439127 121.88182067871094 0
1700478482908 123.68092346191406 0
1700478526547 125.47434997558594 0
1700478570224 127.26734161376953 0
1700478613646 129.05628967285156 0
1700478657498 130.83766174316406 0
1700478701036 132.61196899414062 0
1700478744618 134.382080078125 0
1700478788250 136.14427185058594 0
1700478832032 137.90121459960938 0
1700478875684 139.65682983398438 0
1700478919211 141.4159393310547 0
1700478962941 143.17893981933594 0
1700479006458 144.94607543945312 0
1700479050031 146.7174072265625 0
1700479093653 148.4885711669922 0
1700479137457 150.252197265625 0
1700479180924 152.0047149658203 0
1700479224407 153.75112915039062 0
1700479267931 155.48291015625 0
1700479311565 157.17779541015625 0
1700479355339 158.82177734375 0
1700479398721 160.3997802734375 0
1700479442164 161.89727783203125 0
1700479485808 163.2971649169922 0
1700479529348 164.57437133789062 0
1700479573079 165.6981658935547 0
1700479616826 166.68911743164062 0
1700479660461 167.61688232421875 0
1700479704224 168.49583435058594 0
1700479747806 169.33306884765625 0
1700479792404 170.13424682617188 0
1700479836050 170.9014129638672 0
1700479879574 171.63674926757812 0
1700479923235 172.3423614501953 0
1700479966916 173.02003479003906 0
1700480010604 173.67149353027344 0
1700480053947 174.29840087890625 0
1700480098751 174.9013671875 0
1700480145444 175.48182678222656 0
1700480192957 176.0408477783203 0
1700480238214 176.57923889160156 0
1700480281771 177.09841918945312 0
1700480325296 177.59934997558594 0
1700480368868 178.08302307128906 0
1700480412513 178.54953002929688 0
1700480456278 178.99952697753906 0
1700480499794 179.43385314941406 0
1700480543502 179.8529815673828 0
1700480587197 180.2576904296875 0
1700480630802 180.64865112304688 0
1700480674238 181.02642822265625 0
1700480717640 181.3919219970703 0
1700480761107 181.74520874023438 0
1700480804809 182.08763122558594 0
1700480848356 182.41961669921875 0
1700480891934 182.7394256591797 0
1700480935377 183.0495147705078 0
1700480979116 183.3485565185547 0
1700481022494 183.63819885253906 0
1700481065800 183.9199676513672 0
1700481109200 184.1931915283203 0
1700481152523 184.456787109375 0
1700481195961 184.71267700195312 0
1700481239573 184.96217346191406 0
1700481283056 185.2059783935547 0
1700481326447 185.4438934326172 0
1700481409486 185.67633056640625 0
1700481453355 185.9021759033203 0
1700481496920 186.11341857910156 0
1700481540559 186.30996704101562 0
1700481584621 186.49905395507812 0
1700481628292 186.6817169189453 0
1700481672067 186.8578338623047 0
1700481715971 187.0280303955078 0
1700481759688 187.19252014160156 0
1700481803356 187.35154724121094 0
1700481847140 187.5048370361328 0
1700481890876 187.65289306640625 0
1700481934500 187.7957763671875 0
1700481978253 187.93380737304688 0
1700482022051 188.06710815429688 0
1700482067951 188.19558715820312 0
1700482115414 188.3197784423828 0
1700482162168 188.43968200683594 0
1700482207457 188.55531311035156 0
1700482251308 188.66685485839844 0
1700482294964 188.77444458007812 0
1700482338809 188.87814331054688 0
1700482382644 188.9781036376953 0
1700482426402 189.0744171142578 0
1700482470121 189.167236328125 0
1700482514025 189.25648498535156 0
1700482557847 189.3424072265625 0
1700482601513 189.4251708984375 0
1700482645428 189.50479125976562 0
1700482689334 189.58151245117188 0
1700482732958 189.6553955078125 0
1700482777494 189.7263946533203 0
1700482821248 189.7947235107422 0
1700482865181 189.86045837402344 0
1700482908809 189.92369079589844 0
1700482952772 189.9844970703125 0
1700482996700 190.04295349121094 0
1700483040332 190.09915161132812 0
1700483084284 190.15309143066406 0
1700483128148 190.2048797607422 0
1700483171955 190.25460815429688 0
1700483215919 190.3023223876953 0
1700483259665 190.34805297851562 0
1700483303461 190.39181518554688 0
1700483347528 190.43386840820312 0
1700483393553 190.47413635253906 0
1700483437385 190.51280212402344 0
1700483481321 190.5498046875 0
1700483525092 190.58535766601562 0
1700483568869 190.6194610595703 0
1700483612956 190.65211486816406 0
1700483656493 190.68341064453125 0
1700483700631 190.71336364746094 0
1700483744624 190.74203491210938 0
1700483788416 190.76947021484375 0
1700483832289 190.79571533203125 0
1700483876168 190.8207550048828 0
1700483920165 190.84469604492188 0
1700483964012 190.86758422851562 0
1700484007901 190.8894500732422 0
1700484051584 190.9102783203125 0
1700484095515 190.93016052246094 0
1700484139304 190.9491424560547 0
1700484183163 190.96725463867188 0
1700484228808 190.9845733642578 0
1700484276082 191.00108337402344 0
1700484324398 191.0167999267578 0
1700484369655 191.0317840576172 0
1700484413713 191.0460968017578 0
1700484457516 191.05970764160156 0
1700484501396 191.07266235351562 0
1700484545284 191.08499145507812 0
1700484589503 191.0967254638672 0
1700484633620 191.1077880859375 0
1700484677491 191.1183319091797 0
1700484721443 191.12835693359375 0
1700484765028 191.13787841796875 0
1700484808676 191.14694213867188 0
1700484852236 191.1555633544922 0
1700484896275 191.1637420654297 0
1700484940344 191.17152404785156 0
1700484984400 191.17892456054688 0
1700485028472 191.1859130859375 0
1700485072541 191.1925048828125 0
1700485116600 191.19876098632812 0
1700485160552 191.2047119140625 0
1700485204564 191.21031188964844 0
1700485248548 191.2156524658203 0
1700485292658 191.220703125 0
1700485336697 191.22549438476562 0
1700485380708 191.23001098632812 0
1700485424811 191.23426818847656 0
1700485468988 191.23831176757812 0
1700485514331 191.24212646484375 0
1700485562109 191.2457275390625 0
1700485610427 191.24913024902344 0
1700485656493 191.2523651123047 0
1700485700658 191.25537109375 0
1700485744693 191.25820922851562 0
1700485788792 191.26083374023438 0
1700485832753 191.2633514404297 0
1700485876856 191.2657470703125 0
1700485921011 191.2680206298828 0
1700485965100 191.27015686035156 0
1700486009452 191.2721710205078 0
1700486053552 191.27406311035156 0
1700486097909 191.27584838867188 0
1700486141819 191.27752685546875 0
1700486186188 191.27906799316406 0
1700486230306 191.2804412841797 0
1700486274489 191.28175354003906 0
1700486318620 191.28297424316406 0
1700486362861 191.28419494628906 0
1700486407044 191.28530883789062 0
1700486451198 191.286376953125 0
1700486495321 191.28738403320312 0
1700486539488 191.28829956054688 0
1700486583584 191.28912353515625 0
1700486627739 191.28988647460938 0
1700486671656 191.2906494140625 0
1700486716024 191.29139709472656 0
1700486760019 191.29200744628906 0
1700486804125 191.29261779785156 0
1700486848135 191.29322814941406 0
1700486892351 191.29379272460938 0
1700486936439 191.29425048828125 0
1700486981106 191.29470825195312 0
1700487025936 191.295166015625 0
1700487070104 191.29562377929688 0
1700487114248 191.29600524902344 0
1700487159484 191.2963104248047 0
1700487207628 191.29661560058594 0
1700487255455 191.2969207763672 0
1700487301207 191.29722595214844 0
