1700475536403 4.9981217129977465e-05 0
1700475575727 4.981217129977461e-05 0
1700475619287 4.962434259954921e-05 0
1700475664575 4.943651389932382e-05 0
1700475708023 4.924868519909843e-05 0
1700475751697 4.9060856498873034e-05 0
1700475795351 4.887302779864764e-05 0
1700475838865 4.8685199098422243e-05 0
1700475882587 4.849737039819685e-05 0
1700475926333 4.830954169797145e-05 0
1700475969947 4.812171299774606e-05 0
1700476015263 4.793388429752066e-05 0
1700476058888 4.774605559729527e-05 0
1700476102439 4.755822689706987e-05 0
1700476147798 4.737039819684448e-05 0
1700476191427 4.718256949661908e-05 0
1700476235190 4.6994740796393694e-05 0
1700476278769 4.68069120961683e-05 0
1700476322485 4.6619083395942904e-05 0
1700476366002 4.643125469571751e-05 0
1700476409674 4.6243425995492114e-05 0
1700476453297 4.605559729526672e-05 0
1700476497191 4.586776859504133e-05 0
1700476540727 4.567993989481593e-05 0
1700476584183 4.5492111194590534e-05 0
1700476627771 4.530428249436514e-05 0
1700476671675 4.511645379413974e-05 0
1700476715346 4.492862509391435e-05 0
1700476759018 4.474079639368895e-05 0
1700476803131 4.4552967693463565e-05 0
1700476846831 4.436513899323817e-05 0
1700476890423 4.4177310293012775e-05 0
1700476933895 4.398948159278738e-05 0
1700476977628 4.3801652892561984e-05 0
1700477021286 4.361382419233659e-05 0
1700477067743 4.34259954921112e-05 0
1700477115112 4.3238166791885806e-05 0
1700477162828 4.305033809166041e-05 0
1700477207359 4.2862509391435016e-05 0
1700477250958 4.267468069120962e-05 0
1700477294479 4.2486851990984225e-05 0
1700477337943 4.229902329075883e-05 0
1700477381649 4.2111194590533435e-05 0
1700477425300 4.192336589030804e-05 0
1700477468865 4.1735537190082645e-05 0
1700477512495 4.154770848985725e-05 0
1700477556447 4.1359879789631855e-05 0
1700477599978 4.1172051089406467e-05 0
1700477643601 4.098422238918107e-05 0
1700477687140 4.0796393688955676e-05 0
1700477730656 4.060856498873028e-05 0
1700477774345 4.0420736288504886e-05 0
1700477818023 4.023290758827949e-05 0
1700477861610 4.0045078888054096e-05 0
1700477905516 3.98572501878287e-05 0
1700477949007 3.9669421487603306e-05 0
1700477992615 3.948159278737791e-05 0
1700478036275 3.9293764087152516e-05 0
1700478080083 3.910593538692712e-05 0
1700478125833 3.8918106686701725e-05 0
1700478172350 3.873027798647634e-05 0
1700478220108 3.854244928625094e-05 0
1700478265068 3.835462058602555e-05 0
1700478308580 3.816679188580015e-05 0
1700478352089 3.7978963185574757e-05 0
1700478395602 3.779113448534936e-05 0
1700478439125 3.760330578512397e-05 0
1700478482906 3.741547708489858e-05 0
1700478526545 3.722764838467318e-05 0
1700478570223 3.703981968444779e-05 0
1700478613644 3.685199098422239e-05 0
1700478657497 3.6664162283997e-05 0
1700478701035 3.64763335837716e-05 0
1700478744616 3.628850488354621e-05 0
1700478788249 3.610067618332081e-05 0
1700478832031 3.591284748309542e-05 0
1700478875683 3.572501878287002e-05 0
1700478919209 3.553719008264463e-05 0
1700478962940 3.534936138241923e-05 0
1700479006457 3.5161532682193844e-05 0
1700479050029 3.497370398196845e-05 0
1700479093651 3.4785875281743053e-05 0
1700479137456 3.459804658151766e-05 0
1700479180923 3.441021788129226e-05 0
1700479224406 3.422238918106687e-05 0
1700479267930 3.403456048084147e-05 0
1700479311564 3.384673178061608e-05 0
1700479355337 3.365890308039068e-05 0
1700479398720 3.347107438016529e-05 0
1700479442163 3.328324567993989e-05 0
1700479485807 3.30954169797145e-05 0
1700479529346 3.290758827948911e-05 0
1700479573078 3.2719759579263714e-05 0
1700479616825 3.253193087903832e-05 0
1700479660459 3.2344102178812924e-05 0
1700479704222 3.215627347858753e-05 0
1700479747805 3.1968444778362134e-05 0
1700479792402 3.1780616078136745e-05 0
1700479836049 3.159278737791135e-05 0
1700479879573 3.1404958677685955e-05 0
1700479923234 3.121712997746056e-05 0
1700479966914 3.1029301277235165e-05 0
1700480010603 3.084147257700977e-05 0
1700480053946 3.0653643876784375e-05 0
1700480098750 3.0465815176558983e-05 0
1700480145443 3.0277986476333588e-05 0
1700480192956 3.009015777610819e-05 0
1700480238212 2.9902329075882794e-05 0
1700480281769 2.97145003756574e-05 0
1700480325295 2.9526671675432004e-05 0
1700480368866 2.9338842975206616e-05 0
1700480412512 2.915101427498122e-05 0
1700480456277 2.8963185574755826e-05 0
1700480499793 2.877535687453043e-05 0
1700480543500 2.8587528174305035e-05 0
1700480587195 2.8399699474079637e-05 0
1700480630800 2.821187077385425e-05 0
1700480674237 2.8024042073628854e-05 0
1700480717638 2.783621337340346e-05 0
1700480761105 2.7648384673178063e-05 0
1700480804807 2.7460555972952668e-05 0
1700480848354 2.7272727272727273e-05 0
1700480891933 2.708489857250188e-05 0
1700480935375 2.6897069872276486e-05 0
1700480979114 2.670924117205109e-05 0
1700481022493 2.6521412471825696e-05 0
1700481065799 2.63335837716003e-05 0
1700481109199 2.6145755071374906e-05 0
1700481152521 2.595792637114951e-05 0
1700481195959 2.577009767092412e-05 0
1700481239571 2.5582268970698724e-05 0
1700481283055 2.539444027047333e-05 0
1700481326446 2.5206611570247934e-05 0
1700481409485 2.501878287002254e-05 0
1700481453354 2.4830954169797147e-05 0
1700481496918 2.4643125469571752e-05 0
1700481540557 2.445529676934636e-05 0
1700481584620 2.426746806912096e-05 0
1700481628291 2.4079639368895567e-05 0
1700481672066 2.389181066867017e-05 0
1700481715970 2.370398196844478e-05 0
1700481759687 2.3516153268219385e-05 0
1700481803354 2.332832456799399e-05 0
1700481847139 2.3140495867768598e-05 0
1700481890875 2.2952667167543203e-05 0
1700481934498 2.2764838467317808e-05 0
1700481978252 2.2577009767092413e-05 0
1700482022050 2.2389181066867017e-05 0
1700482067949 2.2201352366641622e-05 0
1700482115413 2.201352366641623e-05 0
1700482162166 2.1825694966190836e-05 0
1700482207455 2.163786626596544e-05 0
1700482251307 2.145003756574005e-05 0
1700482294963 2.126220886551465e-05 0
1700482338807 2.1074380165289255e-05 0
1700482382642 2.0886551465063863e-05 0
1700482426401 2.0698722764838468e-05 0
1700482470120 2.0510894064613073e-05 0
1700482514024 2.032306536438768e-05 0
1700482557846 2.0135236664162286e-05 0
1700482601512 1.994740796393689e-05 0
1700482645427 1.9759579263711496e-05 0
1700482689332 1.95717505634861e-05 0
1700482732957 1.9383921863260706e-05 0
1700482777493 1.919609316303531e-05 0
1700482821247 1.900826446280992e-05 0
1700482865179 1.8820435762584524e-05 0
1700482908807 1.863260706235913e-05 0
1700482952771 1.8444778362133737e-05 0
1700482996699 1.825694966190834e-05 0
1700483040330 1.8069120961682944e-05 0
1700483084283 1.7881292261457552e-05 0
1700483128147 1.7693463561232157e-05 0
1700483171954 1.7505634861006762e-05 0
1700483215918 1.731780616078137e-05 0
1700483259663 1.7129977460555975e-05 0
1700483303460 1.694214876033058e-05 0
1700483347526 1.6754320060105185e-05 0
1700483393551 1.656649135987979e-05 0
1700483437383 1.6378662659654395e-05 0
1700483481319 1.6190833959429003e-05 0
1700483525090 1.6003005259203608e-05 0
1700483568867 1.5815176558978213e-05 0
1700483612954 1.562734785875282e-05 0
1700483656492 1.5439519158527422e-05 0
1700483700630 1.5251690458302029e-05 0
1700483744622 1.5063861758076636e-05 0
1700483788415 1.487603305785124e-05 0
1700483832287 1.4688204357625845e-05 0
1700483876167 1.450037565740045e-05 0
1700483920163 1.4312546957175057e-05 0
1700483964010 1.4124718256949662e-05 0
1700484007899 1.3936889556724267e-05 0
1700484051583 1.3749060856498875e-05 0
1700484095514 1.3561232156273478e-05 0
1700484139303 1.3373403456048083e-05 0
1700484183161 1.3185574755822691e-05 0
1700484228807 1.2997746055597296e-05 0
1700484276080 1.2809917355371901e-05 0
1700484324396 1.2622088655146508e-05 0
1700484369654 1.2434259954921113e-05 0
1700484413711 1.224643125469572e-05 0
1700484457515 1.2058602554470322e-05 0
1700484501395 1.1870773854244929e-05 0
1700484545283 1.1682945154019536e-05 0
1700484589502 1.149511645379414e-05 0
1700484633618 1.1307287753568745e-05 0
1700484677490 1.1119459053343352e-05 0
1700484721441 1.0931630353117957e-05 0
1700484765026 1.0743801652892564e-05 0
1700484808675 1.0555972952667167e-05 0
1700484852235 1.0368144252441773e-05 0
1700484896273 1.018031555221638e-05 0
1700484940342 9.992486851990985e-06 0
1700484984398 9.80465815176559e-06 0
1700485028470 9.616829451540196e-06 0
1700485072540 9.429000751314801e-06 0
1700485116599 9.241172051089408e-06 0
1700485160550 9.053343350864013e-06 0
1700485204563 8.865514650638618e-06 0
1700485248546 8.677685950413224e-06 0
1700485292656 8.489857250187829e-06 0
1700485336696 8.302028549962434e-06 0
1700485380707 8.11419984973704e-06 0
1700485424810 7.926371149511645e-06 0
1700485468987 7.738542449286252e-06 0
1700485514329 7.550713749060857e-06 0
1700485562107 7.362885048835462e-06 0
1700485610425 7.175056348610068e-06 0
1700485656491 6.987227648384674e-06 0
1700485700656 6.799398948159279e-06 0
1700485744691 6.611570247933885e-06 0
1700485788791 6.423741547708491e-06 0
1700485832751 6.2359128474830955e-06 0
1700485876854 6.048084147257701e-06 0
1700485921010 5.860255447032307e-06 0
1700485965098 5.672426746806912e-06 0
1700486009450 5.484598046581518e-06 0
1700486053551 5.296769346356123e-06 0
1700486097907 5.108940646130729e-06 0
1700486141818 4.921111945905334e-06 0
1700486186187 4.733283245679941e-06 0
1700486230305 4.5454545454545455e-06 0
1700486274487 4.357625845229151e-06 0
1700486318618 4.169797145003756e-06 0
1700486362860 3.981968444778363e-06 0
1700486407042 3.794139744552968e-06 0
1700486451196 3.6063110443275734e-06 0
1700486495319 3.4184823441021787e-06 0
1700486539486 3.2306536438767845e-06 0
1700486583582 3.0428249436513902e-06 0
1700486627738 2.8549962434259955e-06 0
1700486671654 2.6671675432006013e-06 0
1700486716023 2.4793388429752066e-06 0
1700486760017 2.2915101427498124e-06 0
1700486804123 2.1036814425244177e-06 0
1700486848134 1.9158527422990234e-06 0
1700486892350 1.728024042073629e-06 0
1700486936438 1.5401953418482345e-06 0
1700486981104 1.35236664162284e-06 0
1700487025934 1.1645379413974456e-06 0
1700487070103 9.767092411720513e-07 0
1700487114246 7.888805409466567e-07 0
1700487159482 6.010518407212623e-07 0
1700487207627 4.132231404958678e-07 0
1700487255454 2.2539444027047334e-07 0
1700487301206 3.756574004507889e-08 0
