1700475536400 0.325390625 0
1700475575725 1.415771484375 0
1700475619284 1.311669921875 0
1700475664573 1.530029296875 0
1700475708020 1.42138671875 0
1700475751695 8.55224609375 0
1700475795348 2.390234375 0
1700475838862 1.722265625 0
1700475882585 1.6970703125 0
1700475926331 10.53642578125 0
1700475969944 7.29921875 0
1700476015260 2.24111328125 0
1700476058885 2.811328125 0
1700476102437 2.116015625 0
1700476147796 3.1068359375 0
1700476191424 3.328515625 0
1700476235188 2.775 0
1700476278766 3.0783203125 0
1700476322482 3.9947265625 0
1700476366000 3.5458984375 0
1700476409672 7.6646484375 0
1700476453293 4.27890625 0
1700476497188 4.4748046875 0
1700476540724 4.422265625 0
1700476584180 5.540234375 0
1700476627768 4.864453125 0
1700476671672 5.18125 0
1700476715344 5.494921875 0
1700476759016 6.104296875 0
1700476803128 6.07578125 0
1700476846828 6.826953125 0
1700476890420 22.605859375 0
1700476933892 7.283984375 0
1700476977625 7.986328125 0
1700477021284 8.199609375 0
1700477067740 8.58046875 0
1700477115109 25.03203125 0
1700477162826 9.9234375 0
1700477207357 10.3234375 0
1700477250956 10.4328125 0
1700477294476 11.0234375 0
1700477337941 25.88046875 0
1700477381646 12.05 0
1700477425297 12.95 0
1700477468862 12.82109375 0
1700477512492 13.4640625 0
1700477556445 14.10234375 0
1700477599975 14.509375 0
1700477643598 15.23828125 0
1700477687138 20.04609375 0
1700477730654 29.46640625 0
1700477774343 16.703125 0
1700477818020 17.853125 0
1700477861607 18.409375 0
1700477905513 18.609375 0
1700477949005 19.2515625 0
1700477992613 20.2890625 0
1700478036272 20.159375 0
1700478080081 20.8703125 0
1700478125830 21.5578125 0
1700478172348 22.6875 0
1700478220105 22.959375 0
1700478265066 23.621875 0
1700478308578 24.33125 0
1700478352086 39.7890625 0
1700478395600 25.671875 0
1700478439123 26.1984375 0
1700478482904 26.9171875 0
1700478526542 27.687451171875 0
1700478570220 42.2203125 0
1700478613642 29.1328125 0
1700478657494 29.7765625 0
1700478701032 32.0140625 0
1700478744614 31.2828125 0
1700478788246 32.3234375 0
1700478832028 32.915625 0
1700478875680 34.165625 0
1700478919206 34.603125 0
1700478962938 35.190625 0
1700479006454 36.996875 0
1700479050027 37.446875 0
1700479093649 38.384375 0
1700479137453 38.58125 0
1700479180920 39.8125 0
1700479224403 40.39375 0
1700479267928 41.134375 0
1700479311562 41.053125 0
1700479355335 44.071875 0
1700479398718 41.509375 0
1700479442160 40.86875 0
1700479485805 41.88125 0
1700479529344 39.753125 0
1700479573075 38.359375 0
1700479616823 38.7625 0
1700479660457 38.18125 0
1700479704220 37.234375 0
1700479747802 37.0 0
1700479792401 39.484375 0
1700479836046 36.671875 0
1700479879570 35.6375 0
1700479923231 35.565625 0
1700479966911 35.934375 0
1700480010601 38.69375 0
1700480053944 37.1625 0
1700480098748 36.81875 0
1700480145440 36.909375 0
1700480192954 35.90625 0
1700480238210 50.853125 0
1700480281766 35.559375 0
1700480325293 35.50625 0
1700480368864 34.99375 0
1700480412509 34.3453125 0
1700480456274 35.71875 0
1700480499790 39.853125 0
1700480543497 34.6125 0
1700480587193 38.315625 0
1700480630798 35.971875 0
1700480674234 36.015625 0
1700480717636 35.021875 0
1700480761103 36.375 0
1700480804805 34.83125 0
1700480848352 35.303125 0
1700480891930 50.865625 0
1700480935374 36.0875 0
1700480979112 35.95 0
1700481022491 34.971875 0
1700481065796 35.6 0
1700481109197 35.259375 0
1700481152519 35.065625 0
1700481195956 36.51875 0
1700481239569 35.871875 0
1700481283052 34.946875 0
1700481326443 35.49375 0
1700481409482 36.1875 0
1700481453351 34.79375 0
1700481496916 34.5283203125 0
1700481540555 34.359375 0
1700481584617 35.7625 0
1700481628289 46.053125 0
1700481672064 34.2859375 0
1700481715967 32.7421875 0
1700481759684 33.85625 0
1700481803351 33.1203125 0
1700481847137 44.053125 0
1700481890873 32.921875 0
1700481934496 32.725 0
1700481978249 33.696875 0
1700482022047 32.434375 0
1700482067947 33.2359375 0
1700482115410 32.6046875 0
1700482162163 32.1578125 0
1700482207453 32.9640625 0
1700482251305 32.1296875 0
1700482294960 32.0953125 0
1700482338804 32.4890625 0
1700482382640 31.0046875 0
1700482426398 31.3703125 0
1700482470117 31.29375 0
1700482514022 30.3171875 0
1700482557843 31.4671875 0
1700482601509 29.415625 0
1700482645424 30.6671875 0
1700482689330 30.0078125 0
1700482732954 29.3859375 0
1700482777491 29.3265625 0
1700482821244 29.421875 0
1700482865176 29.321875 0
1700482908804 29.88125 0
1700482952768 29.7828125 0
1700482996696 29.559375 0
1700483040328 29.378125 0
1700483084280 27.884375 0
1700483128144 29.746875 0
1700483171951 28.2484375 0
1700483215916 28.315625 0
1700483259660 28.178125 0
1700483303457 28.475 0
1700483347523 28.78125 0
1700483393548 26.921875 0
1700483437380 28.0125 0
1700483481316 28.778125 0
1700483525088 27.3671875 0
1700483568864 27.8328125 0
1700483612952 27.2265625 0
1700483656490 26.90625 0
1700483700628 27.446875 0
1700483744619 26.578125 0
1700483788413 26.9828125 0
1700483832284 27.984375 0
1700483876164 27.0640625 0
1700483920160 26.6921875 0
1700483964007 26.8984375 0
1700484007897 27.909375 0
1700484051579 24.9296875 0
1700484095512 26.1375 0
1700484139300 26.9234375 0
1700484183158 25.91875 0
1700484228804 26.4234375 0
1700484276078 27.4578125 0
1700484324393 25.9828125 0
1700484369651 26.978125 0
1700484413708 26.29375 0
1700484457513 25.9796875 0
1700484501393 26.5734375 0
1700484545280 26.3078125 0
1700484589499 25.0328125 0
1700484633616 25.0234375 0
1700484677488 25.496875 0
1700484721439 25.13125 0
1700484765023 25.9421875 0
1700484808673 25.9734375 0
1700484852232 26.2625 0
1700484896270 25.08125 0
1700484940340 24.8859375 0
1700484984396 24.671875 0
1700485028468 27.1265625 0
1700485072537 24.8515625 0
1700485116596 24.9578125 0
1700485160547 24.2109375 0
1700485204561 25.7203125 0
1700485248543 25.2359375 0
1700485292653 24.6359375 0
1700485336693 26.4 0
1700485380705 24.65 0
1700485424808 24.984375 0
1700485468985 24.8921875 0
1700485514327 23.771875 0
1700485562105 24.5890625 0
1700485610423 24.4984375 0
1700485656488 24.59375 0
1700485700653 27.0078125 0
1700485744688 24.5015625 0
1700485788788 24.484375 0
1700485832749 25.334375 0
1700485876852 24.0703125 0
1700485921008 24.5796875 0
1700485965095 24.4328125 0
1700486009447 24.5625 0
1700486053549 25.6765625 0
1700486097904 25.234375 0
1700486141815 35.9890625 0
1700486186184 24.0546875 0
1700486230303 24.3453125 0
1700486274484 23.7203125 0
1700486318615 25.3796875 0
1700486362857 23.7484375 0
1700486407039 24.5984375 0
1700486451193 23.4125 0
1700486495317 23.2609375 0
1700486539484 25.3171875 0
1700486583580 23.778125 0
1700486627735 24.5765625 0
1700486671652 24.225 0
1700486716020 23.6015625 0
1700486760014 24.4265625 0
1700486804120 24.034375 0
1700486848131 22.99375 0
1700486892347 24.7234375 0
1700486936436 24.1734375 0
1700486981101 23.1375 0
1700487025931 24.4109375 0
1700487070101 23.521875 0
1700487114243 24.1484375 0
1700487159479 24.6015625 0
1700487207624 25.090625 0
1700487255452 23.815625 0
1700487301203 24.659375 0
