1700475538835 21331360.0 0
1700475578152 21687016.0 0
1700475621723 24038304.0 0
1700475666959 24442917.0 0
1700475710428 25080489.0 0
1700475754079 27185984.0 0
1700475797718 30991884.0 0
1700475841232 31628988.0 0
1700475884970 30651526.0 0
1700475928731 29698874.0 0
1700475972314 30373064.0 0
1700476017632 32673601.0 0
1700476061250 31819508.0 0
1700476104863 32371118.0 0
1700476150203 32996276.0 0
1700476193799 33682724.0 0
1700476237568 34369172.0 0
1700476281123 35018846.0 0
1700476324841 35693036.0 0
1700476368410 36416258.0 0
1700476412124 37151738.0 0
1700476455717 38022056.0 0
1700476499562 42941600.0 0
1700476543085 43395146.0 0
1700476586607 45940724.0 0
1700476630164 46394270.0 0
1700476674068 46749752.0 0
1700476717855 55314008.0 0
1700476761517 55632716.0 0
1700476805592 62435906.0 0
1700476849248 64834388.0 0
1700476892800 69962318.0 0
1700476936292 78236468.0 0
1700476980043 81615590.0 0
1700477023659 86510618.0 0
1700477070234 91111454.0 0
1700477117501 95507990.0 0
1700477165288 102931516.0 0
1700477209740 108021426.0 0
1700477253361 116988001.0 0
1700477296867 121915808.0 0
1700477340305 128768030.0 0
1700477384010 133091071.0 0
1700477427674 139014321.0 0
1700477471222 150280751.0 0
1700477514861 160958941.0 0
1700477558831 169435316.0 0
1700477602341 175869191.0 0
1700477645947 182548166.0 0
1700477689528 185644596.0 0
1700477733022 199955132.0 0
1700477776718 219464400.0 0
1700477820411 233419428.0 0
1700477863993 244940392.0 0
1700477907905 254076300.0 0
1700477951371 265058176.0 0
1700477994967 269914052.0 0
1700478038647 281116464.0 0
1700478082492 289750040.0 0
1700478128316 300735386.0 0
1700478174857 304930681.0 0
1700478222603 311192986.0 0
1700478267519 317259211.0 0
1700478310931 325441466.0 0
1700478354516 334604121.0 0
1700478397973 348529886.0 0
1700478441578 360482596.0 0
1700478485403 377472111.0 0
1700478529061 383673141.0 0
1700478572598 393777688.0 0
1700478616052 407197712.0 0
1700478659873 425040708.0 0
1700478703397 431497512.0 0
1700478746979 448274584.0 0
1700478790677 456516096.0 0
1700478834417 471737571.0 0
1700478878055 475920611.0 0
1700478921624 482305466.0 0
1700478965286 492603751.0 0
1700479008821 509090811.0 0
1700479052412 517322086.0 0
1700479096069 523608901.0 0
1700479139815 548707141.0 0
1700479183284 552743121.0 0
1700479226821 571726116.0 0
1700479270315 602286308.0 0
1700479313956 652852768.0 0
1700479357727 697313076.0 0
1700479401092 753722688.0 0
1700479444543 821437275.0 0
1700479488184 912400468.0 0
1700479531727 1027502456.0 0
1700479575492 1145144539.0 0
1700479619171 1172228632.0 0
1700479662824 1223795501.0 0
1700479706610 1282508522.0 0
1700479750199 1324216761.0 0
1700479794751 1368612286.0 0
1700479838441 1415639630.0 0
1700479882028 1463758667.0 0
1700479925619 1507680237.0 0
1700479969317 1551139452.0 0
1700480012989 1592981934.0 0
1700480056336 1636518056.0 0
1700480101274 1680654572.0 0
1700480147928 1722693264.0 0
1700480195460 1766188922.0 0
1700480240561 1810994016.0 0
1700480284156 1847976542.0 0
1700480327710 1891261916.0 0
1700480371212 1932936366.0 0
1700480415030 1970138461.0 0
1700480458743 2008748362.0 0
1700480502300 2047857470.0 0
1700480545876 2085071936.0 0
1700480589568 2122557128.0 0
1700480633196 2165959390.0 0
1700480676613 2200837757.0 0
1700480720026 2234706242.0 0
1700480763506 2274546115.0 0
1700480807180 2308725146.0 0
1700480850801 2347194294.0 0
1700480894285 2380740260.0 0
1700480937745 2421691584.0 0
1700480981465 2456009484.0 0
1700481024863 2489290446.0 0
1700481068128 2522436442.0 0
1700481111595 2560431582.0 0
1700481154881 2593623941.0 0
1700481198320 2627545508.0 0
1700481241981 2656565856.0 0
1700481285433 2686542201.0 0
1700481328829 2719610032.0 0
1700481411889 2752825188.0 0
1700481455718 2779163038.0 0
1700481499239 2798339030.0 0
1700481542978 2803599192.0 0
1700481587005 2812595024.0 0
1700481630653 2822197704.0 0
1700481674460 2828977592.0 0
1700481718346 2838303688.0 0
1700481762062 2845601772.0 0
1700481805726 2854500192.0 0
1700481849526 2860263926.0 0
1700481893236 2872207358.0 0
1700481936859 2880084874.0 0
1700481980601 2887754528.0 0
1700482024375 2895968411.0 0
1700482070517 2898726064.0 0
1700482117924 2908753334.0 0
1700482164816 2915626652.0 0
1700482209937 2921138405.0 0
1700482253658 2928994118.0 0
1700482297323 2934629963.0 0
1700482341209 2940358877.0 0
1700482385024 2947459697.0 0
1700482428780 2953619486.0 0
1700482472474 2958696917.0 0
1700482516379 2964806984.0 0
1700482560252 2972009856.0 0
1700482603824 2978502440.0 0
1700482647828 2982888296.0 0
1700482691708 2990795381.0 0
1700482735381 2996090688.0 0
1700482779846 3001300616.0 0
1700482823642 3007865608.0 0
1700482867542 3012592816.0 0
1700482911171 3017826880.0 0
1700482955167 3024857352.0 0
1700482999052 3030408632.0 0
1700483042729 3033935936.0 0
1700483086660 3038308000.0 0
1700483130518 3043404144.0 0
1700483174310 3047965848.0 0
1700483218282 3052662024.0 0
1700483262045 3055837632.0 0
1700483305840 3062695704.0 0
1700483349928 3067174656.0 0
1700483395914 3069988224.0 0
1700483439772 3074901624.0 0
1700483483729 3078984056.0 0
1700483527440 3082449296.0 0
1700483571264 3086700680.0 0
1700483615316 3090207296.0 0
1700483658866 3095531008.0 0
1700483703060 3098965216.0 0
1700483747006 3101675344.0 0
1700483790873 3102942009.0 0
1700483834629 3108315551.0 0
1700483878564 3112068063.0 0
1700483922539 3114810018.0 0
1700483966357 3116900112.0 0
1700484010282 3122563370.0 0
1700484053917 3124456871.0 0
1700484097853 3127229867.0 0
1700484141704 3131127237.0 0
1700484185514 3133186290.0 0
1700484231588 3135317772.0 0
1700484278947 3139546246.0 0
1700484327236 3143443616.0 0
1700484372008 3146082101.0 0
1700484416102 3148523993.0 0
1700484459874 3150914150.0 0
1700484503811 3153283613.0 0
1700484547689 3155373707.0 0
1700484591859 3157691435.0 0
1700484635978 3159809121.0 0
1700484679878 3162157890.0 0
1700484723781 3164082432.0 0
1700484767384 3166296690.0 0
1700484811009 3168262620.0 0
1700484854625 3170249244.0 0
1700484898671 3171997887.0 0
1700484942780 3174501861.0 0
1700484986851 3176250504.0 0
1700485030886 3178123311.0 0
1700485074870 3179727096.0 0
1700485119032 3181061859.0 0
1700485162953 3182613909.0 0
1700485206934 3184990270.0 0
1700485250931 3186335380.0 0
1700485295086 3188270269.0 0
1700485339098 3189956830.0 0
1700485383132 3191736514.0 0
1700485427180 3192398722.0 0
1700485471353 3194526755.0 0
1700485517033 3196770026.0 0
1700485564719 3198146576.0 0
1700485613207 3198664076.0 0
1700485658847 3200585726.0 0
1700485703040 3203314676.0 0
1700485747056 3204598076.0 0
1700485791111 3204173726.0 0
1700485835207 3205891826.0 0
1700485879278 3206885426.0 0
1700485923465 3207816926.0 0
1700485967582 3208717376.0 0
1700486011879 3209907626.0 0
1700486055953 3210880526.0 0
1700486100299 3213440329.0 0
1700486144247 3212757284.0 0
1700486188570 3214204892.0 0
1700486232726 3214992176.0 0
1700486276899 3214265378.0 0
1700486321032 3217356708.0 0
1700486365259 3219836680.0 0
1700486409414 3223228508.0 0
1700486453582 3222133590.0 0
1700486497745 3222579156.0 0
1700486541885 3223045446.0 0
1700486585982 3222216486.0 0
1700486630110 3224205990.0 0
1700486674030 3223667166.0 0
1700486718388 3226202402.0 0
1700486762451 3227659990.0 0
1700486806485 3227048632.0 0
1700486850515 3227483836.0 0
1700486894749 3227069356.0 0
1700486938838 3228775632.0 0
1700486983693 3229190112.0 0
1700487028315 3229500972.0 0
1700487072514 3230091606.0 0
1700487116621 3230433552.0 0
1700487162405 3231283236.0 0
1700487210496 3231241788.0 0
1700487258135 3232243364.0 0
1700487303616 3232802750.0 0
