1700475538836 0.0032939070864662604 0
1700475578153 0.0033488261267311213 0
1700475621724 0.00371190303347889 0
1700475666960 0.0037743818265786443 0
1700475710429 0.0038728332581297723 0
1700475754081 0.0041979557491954745 0
1700475797720 0.004785648281710135 0
1700475841233 0.004884027446489878 0
1700475884971 0.004733091500138989 0
1700475928732 0.0045859866191686124 0
1700475972315 0.004690092462332138 0
1700476017633 0.005045332593621368 0
1700476061251 0.0049134468167557 0
1700476104864 0.004998624324798584 0
1700476150204 0.005095158833913853 0
1700476193801 0.005201157510589442 0
1700476237569 0.00530715618726503 0
1700476281124 0.005407476363404427 0
1700476324842 0.005511582206567952 0
1700476368411 0.005623259383779733 0
1700476412125 0.005736829394503579 0
1700476455718 0.005871220573860129 0
1700476499563 0.00663087775670185 0
1700476543086 0.006700912596648221 0
1700476586608 0.00709399102265353 0
1700476630165 0.007164025862599901 0
1700476674069 0.00721891803444976 0
1700476717856 0.008541377714878538 0
1700476761518 0.008590591386192203 0
1700476805593 0.009641113985387773 0
1700476849249 0.010011478409248313 0
1700476892801 0.010803313761795124 0
1700476936293 0.012080976382438383 0
1700476980044 0.01260276748726405 0
1700477023660 0.013358639003081643 0
1700477070236 0.014069082514609697 0
1700477117502 0.014747978800936683 0
1700477165289 0.015894291314436364 0
1700477209741 0.016680255763888978 0
1700477253362 0.018064840006704774 0
1700477296868 0.018825773130426753 0
1700477340306 0.01988386706367058 0
1700477384011 0.020551414532982624 0
1700477427676 0.021466060160355245 0
1700477471223 0.02320577922262676 0
1700477514862 0.024854664512248853 0
1700477558833 0.02616355394452347 0
1700477602342 0.027157048332876493 0
1700477645948 0.028188390126500106 0
1700477689529 0.02866652901308524 0
1700477733023 0.030876307289835085 0
1700477776720 0.033888853893378854 0
1700477820412 0.03604373598345821 0
1700477863994 0.03782275921322521 0
1700477907907 0.039233491210739845 0
1700477951373 0.04092927053184707 0
1700477994968 0.04167909634545677 0
1700478038649 0.043408929992833904 0
1700478082493 0.044742093802733744 0
1700478128317 0.04643840894797923 0
1700478174858 0.04708623036819418 0
1700478222604 0.04805323157285779 0
1700478267520 0.04898995485330493 0
1700478310933 0.050253427399254834 0
1700478354517 0.05166828956628711 0
1700478397975 0.053818652975744535 0
1700478441579 0.055664344772773704 0
1700478485404 0.05828780074811352 0
1700478529062 0.05924534010145948 0
1700478572600 0.06080564563138497 0
1700478616053 0.06287791444847621 0
1700478659874 0.06563316169798065 0
1700478703399 0.06663019669488304 0
1700478746981 0.06922084803408292 0
1700478790679 0.07049347081950291 0
1700478834418 0.07284391281518293 0
1700478878057 0.07348984186513437 0
1700478921626 0.07447576677243327 0
1700478965287 0.07606598858388594 0
1700479008822 0.07861185737842105 0
1700479052413 0.07988289940542508 0
1700479096070 0.08085368535061574 0
1700479139816 0.0847292596503243 0
1700479183285 0.08535248025711337 0
1700479226822 0.08828376179532066 0
1700479270316 0.09300274984824225 0
1700479313957 0.10081102934526039 0
1700479357728 0.1076764201870854 0
1700479401093 0.11638697688443674 0
1700479444544 0.1268432046156473 0
1700479488186 0.14088939323326466 0
1700479531729 0.15866300232052186 0
1700479575494 0.17682884316987943 0
1700479619172 0.1810110653002645 0
1700479662825 0.1889738241316741 0
1700479706611 0.19804006444357838 0
1700479750200 0.20448049130835064 0
1700479794753 0.21133587860690498 0
1700479838442 0.21859766133708658 0
1700479882029 0.22602801912806814 0
1700479925620 0.23281022010689573 0
1700479969318 0.2395210259936634 0
1700480012990 0.24598218214944237 0
1700480056337 0.2527048637212249 0
1700480101275 0.2595202558398864 0
1700480147929 0.26601170999398505 0
1700480195461 0.27272814326953393 0
1700480240562 0.27964677464776705 0
1700480284157 0.28535747497192937 0
1700480327711 0.292041436995867 0
1700480371213 0.2984766462923949 0
1700480415031 0.30422125162238284 0
1700480458744 0.310183244974502 0
1700480502301 0.31622232396367916 0
1700480545878 0.3219688395762073 0
1700480589569 0.3277571596629879 0
1700480633197 0.33445917108516 0
1700480676614 0.33984495521827063 0
1700480720028 0.345074797232534 0
1700480763508 0.3512267181601549 0
1700480807181 0.35650451350088563 0
1700480850802 0.3624447723126782 0
1700480894286 0.36762481217557286 0
1700480937747 0.3739483591188421 0
1700480981466 0.3792475980798198 0
1700481024864 0.3843867170378334 0
1700481068130 0.3895049950619436 0
1700481111596 0.39537205936995196 0
1700481154883 0.4004974965913308 0
1700481198321 0.405735535325164 0
1700481241982 0.4102167465526205 0
1700481285434 0.4148455791831634 0
1700481328830 0.41995178726670657 0
1700481411890 0.4250807447136993 0
1700481455720 0.42914773485203483 0
1700481499240 0.43210881824938124 0
1700481542980 0.43292107236200045 0
1700481587006 0.4343101743589411 0
1700481630655 0.43579298350477463 0
1700481674461 0.4368399078981864 0
1700481718347 0.4382800079997957 0
1700481762063 0.43940695023907284 0
1700481805728 0.4407810102472651 0
1700481849527 0.44167102402356007 0
1700481893237 0.4435152831472881 0
1700481936861 0.44473169906151727 0
1700481980602 0.4459160177201187 0
1700482024376 0.4471843741409519 0
1700482070519 0.4476102003779436 0
1700482117925 0.4491585730888683 0
1700482164817 0.4502199245858069 0
1700482209939 0.45107102841910923 0
1700482253659 0.45228407759740563 0
1700482297324 0.45315434324309 0
1700482341210 0.4540389802480609 0
1700482385025 0.45513546173436653 0
1700482428782 0.4560866328101084 0
1700482472475 0.45687067030007356 0
1700482516380 0.45781416349460424 0
1700482560253 0.458926403460725 0
1700482603825 0.45992896346848244 0
1700482647830 0.46060621059002654 0
1700482691710 0.46182719243622816 0
1700482735382 0.46264487350542927 0
1700482779847 0.46344937067575404 0
1700482823644 0.4644631116501408 0
1700482867543 0.4651930690429371 0
1700482911172 0.46600129320213834 0
1700482955168 0.46708691181914175 0
1700482999054 0.46794411926071877 0
1700483042730 0.46848879206365873 0
1700483086661 0.46916390947727343 0
1700483130519 0.4699508365571808 0
1700483174311 0.4706552374548245 0
1700483218283 0.47138040300477974 0
1700483262046 0.4718707682555204 0
1700483305841 0.4729297655234065 0
1700483349929 0.47362138817347393 0
1700483395915 0.47405584859106825 0
1700483439773 0.47481455704091124 0
1700483483731 0.4754449505880089 0
1700483527441 0.4759800397052666 0
1700483571265 0.4766365221744992 0
1700483615317 0.47717800041554503 0
1700483658867 0.4780000676762872 0
1700483703061 0.47853036495070383 0
1700483747008 0.4789488525588278 0
1700483790874 0.4791444461271553 0
1700483834631 0.4799742079460559 0
1700483878565 0.4805536565076502 0
1700483922540 0.4809770587194769 0
1700483966358 0.4812998030469825 0
1700484010283 0.4821743017033592 0
1700484053918 0.48246668889114896 0
1700484097854 0.4828948843355624 0
1700484141705 0.4834967013158947 0
1700484185515 0.48381465241081356 0
1700484231590 0.48414378771510147 0
1700484278948 0.4847967325096921 0
1700484327237 0.48539854949002437 0
1700484372010 0.48580597425989536 0
1700484416103 0.48618304189005046 0
1700484459875 0.4865521207992277 0
1700484503812 0.4869180042200138 0
1700484547690 0.4872407485475194 0
1700484591861 0.48759864324732766 0
1700484635979 0.48792564822602147 0
1700484679879 0.48828833615841644 0
1700484723782 0.4885855165787929 0
1700484767385 0.4889274338366454 0
1700484811010 0.4892310052338042 0
1700484854626 0.48953777211935406 0
1700484898672 0.4898077908884058 0
1700484942781 0.4901944449837344 0
1700484986852 0.49046446375278613 0
1700485030887 0.49075365545218474 0
1700485074871 0.49100130580249846 0
1700485119033 0.4912074148037273 0
1700485162954 0.4914470764330632 0
1700485206935 0.4918140250166463 0
1700485250933 0.49202173176207076 0
1700485295087 0.4923205099266428 0
1700485339099 0.49258094223052107 0
1700485383133 0.49285575423215955 0
1700485427181 0.49295800986067617 0
1700485471354 0.4932866125835656 0
1700485517034 0.49363300991799547 0
1700485564721 0.4938455715080617 0
1700485613209 0.493925481880267 0
1700485658848 0.4942222157290562 0
1700485703041 0.49464360975848576 0
1700485747058 0.49484178748155505 0
1700485791112 0.49477626097634664 0
1700485835208 0.4950415634120684 0
1700485879280 0.4951949913267027 0
1700485923466 0.49533882999667234 0
1700485967583 0.49547787404430965 0
1700486011880 0.4956616679003819 0
1700486056048 0.495811899400128 0
1700486100300 0.4962071743962678 0
1700486144248 0.4961017011978466 0
1700486188571 0.4963252352927015 0
1700486232727 0.4964468046791195 0
1700486276901 0.4963345753096546 0
1700486321033 0.49681192667373103 0
1700486365260 0.49719487447195104 0
1700486409415 0.4977186275887366 0
1700486453583 0.497549554535762 0
1700486497747 0.49761835713460656 0
1700486541886 0.4976903598543276 0
1700486585984 0.497562355019268 0
1700486630111 0.49786956662341103 0
1700486674032 0.4977863634806223 0
1700486718389 0.4981778449345129 0
1700486762452 0.49840292010282605 0
1700486806486 0.4983085165369696 0
1700486850516 0.49837571907537587 0
1700486894750 0.49831171665784607 0
1700486938839 0.4985751932766771 0
1700486983694 0.4986391956942069 0
1700487028316 0.49868719750735424 0
1700487072515 0.4987784009523342 0
1700487116623 0.49883120294679634 0
1700487162406 0.49896240790273244 0
1700487210497 0.4989560076609794 0
1700487258137 0.49911066719905084 0
1700487303618 0.4991970454472952 0
