1700475538835 6454674016.0 0
1700475578153 6454318360.0 0
1700475621724 6451967072.0 0
1700475666959 6451562459.0 0
1700475710429 6450924887.0 0
1700475754080 6448819392.0 0
1700475797719 6445013492.0 0
1700475841232 6444376388.0 0
1700475884970 6445353850.0 0
1700475928731 6446306502.0 0
1700475972315 6445632312.0 0
1700476017632 6443331775.0 0
1700476061250 6444185868.0 0
1700476104864 6443634258.0 0
1700476150204 6443009100.0 0
1700476193800 6442322652.0 0
1700476237569 6441636204.0 0
1700476281124 6440986530.0 0
1700476324841 6440312340.0 0
1700476368411 6439589118.0 0
1700476412124 6438853638.0 0
1700476455717 6437983320.0 0
1700476499562 6433063776.0 0
1700476543085 6432610230.0 0
1700476586607 6430064652.0 0
1700476630164 6429611106.0 0
1700476674068 6429255624.0 0
1700476717855 6420691368.0 0
1700476761518 6420372660.0 0
1700476805593 6413569470.0 0
1700476849248 6411170988.0 0
1700476892801 6406043058.0 0
1700476936292 6397768908.0 0
1700476980043 6394389786.0 0
1700477023660 6389494758.0 0
1700477070235 6384893922.0 0
1700477117502 6380497386.0 0
1700477165289 6373073860.0 0
1700477209740 6367983950.0 0
1700477253362 6359017375.0 0
1700477296867 6354089568.0 0
1700477340305 6347237346.0 0
1700477384010 6342914305.0 0
1700477427675 6336991055.0 0
1700477471222 6325724625.0 0
1700477514862 6315046435.0 0
1700477558832 6306570060.0 0
1700477602342 6300136185.0 0
1700477645947 6293457210.0 0
1700477689529 6290360780.0 0
1700477733022 6276050244.0 0
1700477776719 6256540976.0 0
1700477820412 6242585948.0 0
1700477863994 6231064984.0 0
1700477907906 6221929076.0 0
1700477951372 6210947200.0 0
1700477994967 6206091324.0 0
1700478038648 6194888912.0 0
1700478082493 6186255336.0 0
1700478128316 6175269990.0 0
1700478174858 6171074695.0 0
1700478222603 6164812390.0 0
1700478267519 6158746165.0 0
1700478310932 6150563910.0 0
1700478354517 6141401255.0 0
1700478397974 6127475490.0 0
1700478441579 6115522780.0 0
1700478485404 6098533265.0 0
1700478529061 6092332235.0 0
1700478572599 6082227688.0 0
1700478616052 6068807664.0 0
1700478659874 6050964668.0 0
1700478703398 6044507864.0 0
1700478746980 6027730792.0 0
1700478790678 6019489280.0 0
1700478834417 6004267805.0 0
1700478878056 6000084765.0 0
1700478921625 5993699910.0 0
1700478965286 5983401625.0 0
1700479008821 5966914565.0 0
1700479052412 5958683290.0 0
1700479096070 5952396475.0 0
1700479139816 5927298235.0 0
1700479183284 5923262255.0 0
1700479226821 5904279260.0 0
1700479270316 5873719068.0 0
1700479313957 5823152608.0 0
1700479357727 5778692300.0 0
1700479401092 5722282688.0 0
1700479444543 5654568101.0 0
1700479488185 5563604908.0 0
1700479531728 5448502920.0 0
1700479575493 5330860837.0 0
1700479619171 5303776744.0 0
1700479662824 5252209875.0 0
1700479706611 5193496854.0 0
1700479750200 5151788615.0 0
1700479794752 5107393090.0 0
1700479838441 5060365746.0 0
1700479882028 5012246709.0 0
1700479925620 4968325139.0 0
1700479969317 4924865924.0 0
1700480012989 4883023442.0 0
1700480056337 4839487320.0 0
1700480101275 4795350804.0 0
1700480147929 4753312112.0 0
1700480195460 4709816454.0 0
1700480240561 4665011360.0 0
1700480284156 4628028834.0 0
1700480327710 4584743460.0 0
1700480371212 4543069010.0 0
1700480415031 4505866915.0 0
1700480458743 4467257014.0 0
1700480502300 4428147906.0 0
1700480545877 4390933440.0 0
1700480589568 4353448248.0 0
1700480633196 4310045986.0 0
1700480676614 4275167619.0 0
1700480720027 4241299134.0 0
1700480763507 4201459261.0 0
1700480807181 4167280230.0 0
1700480850802 4128811082.0 0
1700480894286 4095265116.0 0
1700480937746 4054313792.0 0
1700480981466 4019995892.0 0
1700481024863 3986714930.0 0
1700481068129 3953568934.0 0
1700481111596 3915573794.0 0
1700481154882 3882381435.0 0
1700481198321 3848459868.0 0
1700481241981 3819439520.0 0
1700481285434 3789463175.0 0
1700481328830 3756395344.0 0
1700481411889 3723180188.0 0
1700481455719 3696842338.0 0
1700481499239 3677666346.0 0
1700481542979 3672406184.0 0
1700481587005 3663410352.0 0
1700481630654 3653807672.0 0
1700481674461 3647027784.0 0
1700481718346 3637701688.0 0
1700481762062 3630403604.0 0
1700481805727 3621505184.0 0
1700481849526 3615741450.0 0
1700481893237 3603798018.0 0
1700481936860 3595920502.0 0
1700481980601 3588250848.0 0
1700482024376 3580036965.0 0
1700482070518 3577279312.0 0
1700482117925 3567252042.0 0
1700482164816 3560378724.0 0
1700482209938 3554866971.0 0
1700482253658 3547011258.0 0
1700482297323 3541375413.0 0
1700482341209 3535646499.0 0
1700482385025 3528545679.0 0
1700482428781 3522385890.0 0
1700482472474 3517308459.0 0
1700482516380 3511198392.0 0
1700482560253 3503995520.0 0
1700482603825 3497502936.0 0
1700482647829 3493117080.0 0
1700482691709 3485209995.0 0
1700482735381 3479914688.0 0
1700482779847 3474704760.0 0
1700482823643 3468139768.0 0
1700482867543 3463412560.0 0
1700482911171 3458178496.0 0
1700482955168 3451148024.0 0
1700482999053 3445596744.0 0
1700483042730 3442069440.0 0
1700483086661 3437697376.0 0
1700483130519 3432601232.0 0
1700483174310 3428039528.0 0
1700483218283 3423343352.0 0
1700483262046 3420167744.0 0
1700483305840 3413309672.0 0
1700483349929 3408830720.0 0
1700483395914 3406017152.0 0
1700483439773 3401103752.0 0
1700483483730 3397021320.0 0
1700483527441 3393556080.0 0
1700483571265 3389304696.0 0
1700483615316 3385798080.0 0
1700483658867 3380474368.0 0
1700483703061 3377040160.0 0
1700483747007 3374330032.0 0
1700483790873 3373063367.0 0
1700483834630 3367689825.0 0
1700483878565 3363937313.0 0
1700483922539 3361195358.0 0
1700483966358 3359105264.0 0
1700484010283 3353442006.0 0
1700484053917 3351548505.0 0
1700484097854 3348775509.0 0
1700484141705 3344878139.0 0
1700484185515 3342819086.0 0
1700484231589 3340687604.0 0
1700484278948 3336459130.0 0
1700484327236 3332561760.0 0
1700484372009 3329923275.0 0
1700484416103 3327481383.0 0
1700484459875 3325091226.0 0
1700484503812 3322721763.0 0
1700484547690 3320631669.0 0
1700484591860 3318313941.0 0
1700484635978 3316196255.0 0
1700484679879 3313847486.0 0
1700484723782 3311922944.0 0
1700484767384 3309708686.0 0
1700484811010 3307742756.0 0
1700484854625 3305756132.0 0
1700484898672 3304007489.0 0
1700484942781 3301503515.0 0
1700484986851 3299754872.0 0
1700485030887 3297882065.0 0
1700485074871 3296278280.0 0
1700485119032 3294943517.0 0
1700485162954 3293391467.0 0
1700485206934 3291015106.0 0
1700485250932 3289669996.0 0
1700485295087 3287735107.0 0
1700485339098 3286048546.0 0
1700485383133 3284268862.0 0
1700485427180 3283606654.0 0
1700485471353 3281478621.0 0
1700485517034 3279235350.0 0
1700485564720 3277858800.0 0
1700485613208 3277341300.0 0
1700485658848 3275419650.0 0
1700485703040 3272690700.0 0
1700485747057 3271407300.0 0
1700485791111 3271831650.0 0
1700485835207 3270113550.0 0
1700485879279 3269119950.0 0
1700485923465 3268188450.0 0
1700485967583 3267288000.0 0
1700486011879 3266097750.0 0
1700486055953 3265124850.0 0
1700486100300 3262565047.0 0
1700486144248 3263248092.0 0
1700486188571 3261800484.0 0
1700486232727 3261013200.0 0
1700486276900 3261739998.0 0
1700486321033 3258648668.0 0
1700486365259 3256168696.0 0
1700486409415 3252776868.0 0
1700486453582 3253871786.0 0
1700486497746 3253426220.0 0
1700486541885 3252959930.0 0
1700486585983 3253788890.0 0
1700486630111 3251799386.0 0
1700486674031 3252338210.0 0
1700486718389 3249802974.0 0
1700486762451 3248345386.0 0
1700486806485 3248956744.0 0
1700486850516 3248521540.0 0
1700486894749 3248936020.0 0
1700486938838 3247229744.0 0
1700486983694 3246815264.0 0
1700487028315 3246504404.0 0
1700487072515 3245913770.0 0
1700487116622 3245571824.0 0
1700487162405 3244722140.0 0
1700487210496 3244763588.0 0
1700487258136 3243762012.0 0
1700487303617 3243202626.0 0
