1700475536405 0.0 0
1700475575730 0.0033809166040570998 0
1700475619290 0.007137490608564989 0
1700475664577 0.010894064613072877 0
1700475708026 0.014650638617580767 0
1700475751701 0.018407212622088654 0
1700475795354 0.022163786626596543 0
1700475838868 0.025920360631104433 0
1700475882590 0.029676934635612322 0
1700475926336 0.03343350864012021 0
1700475969949 0.0371900826446281 0
1700476015265 0.040946656649135986 0
1700476058891 0.04470323065364388 0
1700476102443 0.048459804658151764 0
1700476147800 0.05221637866265966 0
1700476191430 0.05597295266716754 0
1700476235193 0.05972952667167543 0
1700476278772 0.06348610067618332 0
1700476322488 0.06724267468069121 0
1700476366006 0.07099924868519909 0
1700476409677 0.07475582268970699 0
1700476453300 0.07851239669421488 0
1700476497194 0.08226897069872277 0
1700476540730 0.08602554470323065 0
1700476584186 0.08978211870773854 0
1700476627774 0.09353869271224644 0
1700476671678 0.09729526671675431 0
1700476715349 0.1010518407212622 0
1700476759020 0.1048084147257701 0
1700476803134 0.10856498873027799 0
1700476846834 0.11232156273478587 0
1700476890426 0.11607813673929376 0
1700476933898 0.11983471074380166 0
1700476977631 0.12359128474830954 0
1700477021289 0.12734785875281743 0
1700477067746 0.1311044327573253 0
1700477115115 0.1348610067618332 0
1700477162831 0.1386175807663411 0
1700477207361 0.142374154770849 0
1700477250961 0.14613072877535688 0
1700477294482 0.14988730277986476 0
1700477337946 0.15364387678437266 0
1700477381652 0.15740045078888054 0
1700477425303 0.16115702479338842 0
1700477468868 0.16491359879789633 0
1700477512498 0.1686701728024042 0
1700477556450 0.17242674680691208 0
1700477599981 0.17618332081142 0
1700477643604 0.17993989481592787 0
1700477687143 0.18369646882043575 0
1700477730659 0.18745304282494366 0
1700477774349 0.19120961682945153 0
1700477818026 0.19496619083395944 0
1700477861613 0.19872276483846732 0
1700477905519 0.2024793388429752 0
1700477949010 0.2062359128474831 0
1700477992618 0.20999248685199098 0
1700478036278 0.21374906085649886 0
1700478080086 0.21750563486100677 0
1700478125836 0.22126220886551465 0
1700478172353 0.22501878287002253 0
1700478220111 0.22877535687453043 0
1700478265071 0.2325319308790383 0
1700478308583 0.23628850488354622 0
1700478352092 0.2400450788880541 0
1700478395605 0.24380165289256198 0
1700478439128 0.24755822689706988 0
1700478482909 0.25131480090157776 0
1700478526549 0.25507137490608567 0
1700478570226 0.2588279489105935 0
1700478613647 0.2625845229151014 0
1700478657500 0.26634109691960933 0
1700478701038 0.2700976709241172 0
1700478744619 0.2738542449286251 0
1700478788252 0.277610818933133 0
1700478832034 0.28136739293764085 0
1700478875686 0.28512396694214875 0
1700478919212 0.28888054094665666 0
1700478962942 0.2926371149511645 0
1700479006459 0.2963936889556724 0
1700479050032 0.3001502629601803 0
1700479093654 0.30390683696468823 0
1700479137459 0.3076634109691961 0
1700479180926 0.311419984973704 0
1700479224409 0.3151765589782119 0
1700479267933 0.31893313298271975 0
1700479311566 0.32268970698722765 0
1700479355340 0.32644628099173556 0
1700479398722 0.3302028549962434 0
1700479442166 0.3339594290007513 0
1700479485810 0.3377160030052592 0
1700479529349 0.3414725770097671 0
1700479573081 0.345229151014275 0
1700479616827 0.3489857250187829 0
1700479660462 0.35274229902329074 0
1700479704225 0.35649887302779865 0
1700479747808 0.36025544703230655 0
1700479792405 0.3640120210368144 0
1700479836052 0.3677685950413223 0
1700479879576 0.3715251690458302 0
1700479923236 0.37528174305033807 0
1700479966917 0.379038317054846 0
1700480010606 0.3827948910593539 0
1700480053949 0.38655146506386173 0
1700480098752 0.39030803906836964 0
1700480145446 0.39406461307287755 0
1700480192958 0.39782118707738545 0
1700480238215 0.4015777610818933 0
1700480281772 0.4053343350864012 0
1700480325297 0.4090909090909091 0
1700480368869 0.41284748309541697 0
1700480412515 0.4166040570999249 0
1700480456280 0.4203606311044328 0
1700480499796 0.42411720510894063 0
1700480543503 0.42787377911344854 0
1700480587198 0.43163035311795644 0
1700480630803 0.4353869271224643 0
1700480674240 0.4391435011269722 0
1700480717641 0.4429000751314801 0
1700480761108 0.44665664913598796 0
1700480804810 0.45041322314049587 0
1700480848357 0.4541697971450038 0
1700480891935 0.4579263711495116 0
1700480935378 0.46168294515401953 0
1700480979117 0.46543951915852744 0
1700481022496 0.4691960931630353 0
1700481065802 0.4729526671675432 0
1700481109202 0.4767092411720511 0
1700481152524 0.48046581517655895 0
1700481195962 0.48422238918106686 0
1700481239574 0.48797896318557477 0
1700481283057 0.49173553719008267 0
1700481326449 0.4954921111945905 0
1700481409487 0.49924868519909843 0
1700481453357 0.5 0
1700481496921 0.5 0
1700481540560 0.5 0
1700481584623 0.5 0
1700481628294 0.5 0
1700481672068 0.5 0
1700481715973 0.5 0
1700481759690 0.5 0
1700481803357 0.5 0
1700481847141 0.5 0
1700481890877 0.5 0
1700481934501 0.5 0
1700481978255 0.5 0
1700482022052 0.5 0
1700482067952 0.5 0
1700482115416 0.5 0
1700482162169 0.5 0
1700482207458 0.5 0
1700482251309 0.5 0
1700482294966 0.5 0
1700482338810 0.5 0
1700482382645 0.5 0
1700482426404 0.5 0
1700482470123 0.5 0
1700482514027 0.5 0
1700482557849 0.5 0
1700482601514 0.5 0
1700482645430 0.5 0
1700482689335 0.5 0
1700482732960 0.5 0
1700482777495 0.5 0
1700482821250 0.5 0
1700482865183 0.5 0
1700482908810 0.5 0
1700482952774 0.5 0
1700482996702 0.5 0
1700483040333 0.5 0
1700483084286 0.5 0
1700483128150 0.5 0
1700483171957 0.5 0
1700483215921 0.5 0
1700483259666 0.5 0
1700483303462 0.5 0
1700483347529 0.5 0
1700483393554 0.5 0
1700483437386 0.5 0
1700483481322 0.5 0
1700483525093 0.5 0
1700483568871 0.5 0
1700483612957 0.5 0
1700483656494 0.5 0
1700483700632 0.5 0
1700483744626 0.5 0
1700483788418 0.5 0
1700483832291 0.5 0
1700483876170 0.5 0
1700483920166 0.5 0
1700483964014 0.5 0
1700484007902 0.5 0
1700484051586 0.5 0
1700484095517 0.5 0
1700484139306 0.5 0
1700484183164 0.5 0
1700484228810 0.5 0
1700484276084 0.5 0
1700484324399 0.5 0
1700484369657 0.5 0
1700484413714 0.5 0
1700484457517 0.5 0
1700484501398 0.5 0
1700484545285 0.5 0
1700484589505 0.5 0
1700484633622 0.5 0
1700484677492 0.5 0
1700484721444 0.5 0
1700484765030 0.5 0
1700484808677 0.5 0
1700484852238 0.5 0
1700484896277 0.5 0
1700484940345 0.5 0
1700484984401 0.5 0
1700485028473 0.5 0
1700485072543 0.5 0
1700485116602 0.5 0
1700485160554 0.5 0
1700485204565 0.5 0
1700485248549 0.5 0
1700485292659 0.5 0
1700485336699 0.5 0
1700485380710 0.5 0
1700485424813 0.5 0
1700485468990 0.5 0
1700485514333 0.5 0
1700485562110 0.5 0
1700485610429 0.5 0
1700485656495 0.5 0
1700485700660 0.5 0
1700485744694 0.5 0
1700485788794 0.5 0
1700485832754 0.5 0
1700485876857 0.5 0
1700485921013 0.5 0
1700485965101 0.5 0
1700486009453 0.5 0
1700486053554 0.5 0
1700486097910 0.5 0
1700486141821 0.5 0
1700486186190 0.5 0
1700486230308 0.5 0
1700486274490 0.5 0
1700486318621 0.5 0
1700486362863 0.5 0
1700486407045 0.5 0
1700486451199 0.5 0
1700486495322 0.5 0
1700486539490 0.5 0
1700486583585 0.5 0
1700486627741 0.5 0
1700486671657 0.5 0
1700486716026 0.5 0
1700486760020 0.5 0
1700486804127 0.5 0
1700486848137 0.5 0
1700486892353 0.5 0
1700486936440 0.5 0
1700486981108 0.5 0
1700487025937 0.5 0
1700487070105 0.5 0
1700487114249 0.5 0
1700487159485 0.5 0
1700487207630 0.5 0
1700487255456 0.5 0
1700487301208 0.5 0
