1700451472565 0.356640625 0
1700451544586 1.362158203125 0
1700451624626 1.29443359375 0
1700451707942 1.497802734375 0
1700451788040 1.56787109375 0
1700451868262 9.48623046875 0
1700451948340 2.5013671875 0
1700452028262 1.65595703125 0
1700452108523 1.5814453125 0
1700452188552 10.4982421875 0
1700452268501 5.4328125 0
1700452351885 1.89326171875 0
1700452431872 1.72783203125 0
1700452511736 1.60322265625 0
1700452591837 2.25302734375 0
1700452671824 2.5828125 0
1700452751585 1.7376953125 0
1700452831561 1.64384765625 0
1700452911785 2.4931640625 0
1700452991966 1.917578125 0
1700453073007 4.02080078125 0
1700453156565 2.49990234375 0
1700453237982 2.02294921875 0
1700453317907 1.7400390625 0
1700453398048 2.513671875 0
1700453478189 1.54267578125 0
1700453558073 1.68193359375 0
1700453638146 1.7015625 0
1700453718297 1.92314453125 0
1700453798433 1.60732421875 0
1700453878487 1.9013671875 0
1700453961736 1.73349609375 0
1700454041789 1.62333984375 0
1700454121742 1.88681640625 0
1700454201785 1.80595703125 0
1700454285101 1.72509765625 0
1700454364969 1.998828125 0
1700454444944 1.8662109375 0
1700454525990 1.9494140625 0
1700454606061 1.78681640625 0
1700454686089 1.9896484375 0
1700454773472 2.0986328125 0
1700454856059 2.3845703125 0
1700454935941 2.05419921875 0
1700455016102 2.21328125 0
1700455096108 2.31904296875 0
1700455176121 2.0513671875 0
1700455256193 2.48994140625 0
1700455336149 5.08974609375 0
1700455419457 2.46455078125 0
1700455499538 6.4642578125 0
1700455579446 2.9859375 0
1700455659428 3.172265625 0
1700455739386 2.98330078125 0
1700455819315 2.8958984375 0
1700455903020 2.766796875 0
1700455982757 3.7384765625 0
1700456062473 2.852734375 0
1700456142373 2.94296875 0
1700456222238 3.4404296875 0
1700456302114 3.1587890625 0
1700456382309 3.176171875 0
1700456462320 3.5580078125 0
1700456542199 3.6158203125 0
1700456625461 3.58125 0
1700456705485 3.6134765625 0
1700456821559 3.8015625 0
1700456902173 3.6828125 0
1700456985937 4.4580078125 0
1700457068396 4.860546875 0
1700457149304 5.2984375 0
1700457230000 7.384765625 0
1700457310504 8.465234375 0
1700457391041 10.3984375 0
1700457471988 10.45078125 0
1700457552388 10.16640625 0
1700457633084 10.19921875 0
1700457713741 10.8046875 0
1700457794439 10.6109375 0
1700457875267 10.315625 0
1700457955825 10.49609375 0
1700458036225 10.84765625 0
1700458118209 11.00625 0
1700458198737 11.05703125 0
1700458279349 11.88125 0
1700458359984 10.98125 0
1700458440541 12.82578125 0
1700458524559 11.60078125 0
1700458609635 11.60078125 0
1700458693903 11.83203125 0
1700458775953 12.421875 0
1700458856329 11.99453125 0
1700458936762 11.86796875 0
1700459017121 12.12734375 0
1700459097748 14.86171875 0
1700459178157 13.09609375 0
1700459258431 12.6015625 0
1700459338744 12.50390625 0
1700459419098 13.203125 0
1700459499313 13.5296875 0
1700459579696 13.40078125 0
1700459660063 13.09921875 0
1700459743707 13.60703125 0
1700459824018 13.3171875 0
1700459904357 13.60078125 0
1700459984807 19.415625 0
1700460065235 13.46484375 0
1700460145461 13.11953125 0
1700460225755 13.94765625 0
1700460306074 14.63203125 0
1700460386408 14.49609375 0
1700460466540 14.60390625 0
1700460546821 14.97109375 0
1700460627242 15.01796875 0
1700460707488 14.21015625 0
1700460787833 16.67578125 0
1700460868380 14.50390625 0
1700460951929 15.30859375 0
1700461033818 15.16796875 0
1700461114009 15.559375 0
1700461194129 15.17109375 0
1700461274341 14.86953125 0
1700461354746 15.5890625 0
1700461434905 14.9375 0
1700461515185 15.603125 0
1700461595333 15.146875 0
1700461678938 15.2484375 0
1700461759500 15.89140625 0
1700461839639 16.04453125 0
1700461921694 15.3828125 0
1700462005356 15.4078125 0
1700462085677 20.9328125 0
1700462165813 16.884375 0
