1700451472568 0.0013113617897033691 0
1700451544589 0.004048705101013184 0
1700451624629 0.004178941249847412 0
1700451707945 0.004733085632324219 0
1700451788044 0.0056955814361572266 0
1700451868265 0.0062408447265625 0
1700451948343 0.00599980354309082 0
1700452028265 0.005886077880859375 0
1700452108527 0.005476534366607666 0
1700452188555 0.0054915547370910645 0
1700452268505 0.005617916584014893 0
1700452351888 0.005752146244049072 0
1700452431875 0.005845248699188232 0
1700452511739 0.005896508693695068 0
1700452591840 0.005967319011688232 0
1700452671828 0.006075382232666016 0
1700452751588 0.006248772144317627 0
1700452831565 0.006403863430023193 0
1700452911788 0.006481289863586426 0
1700452991969 0.006573915481567383 0
1700453073010 0.006828963756561279 0
1700453156568 0.007329046726226807 0
1700453237985 0.007797300815582275 0
1700453317910 0.00799649953842163 0
1700453398052 0.0083235502243042 0
1700453478193 0.008689343929290771 0
1700453558077 0.00911778211593628 0
1700453638149 0.009351789951324463 0
1700453718300 0.009688138961791992 0
1700453798437 0.010373830795288086 0
1700453878491 0.011234879493713379 0
1700453961740 0.012450218200683594 0
1700454041793 0.013113200664520264 0
1700454121745 0.013899803161621094 0
1700454201789 0.01455765962600708 0
1700454285105 0.015833735466003418 0
1700454364972 0.017080605030059814 0
1700454444948 0.018934309482574463 0
1700454525993 0.020471036434173584 0
1700454606064 0.02175438404083252 0
1700454686092 0.023747026920318604 0
1700454773476 0.025761961936950684 0
1700454856062 0.027905702590942383 0
1700454935944 0.03041386604309082 0
1700455016105 0.03317207098007202 0
1700455096112 0.03492051362991333 0
1700455176125 0.03690743446350098 0
1700455256197 0.038288891315460205 0
1700455336152 0.039935171604156494 0
1700455419460 0.04251563549041748 0
1700455499541 0.044731080532073975 0
1700455579449 0.0473746657371521 0
1700455659431 0.05020713806152344 0
1700455739389 0.0524752140045166 0
1700455819318 0.05410796403884888 0
1700455903023 0.0558047890663147 0
1700455982761 0.05798095464706421 0
1700456062476 0.06126713752746582 0
1700456142377 0.06375294923782349 0
1700456222241 0.0656118392944336 0
1700456302117 0.06783169507980347 0
1700456382312 0.07025611400604248 0
1700456462323 0.07293355464935303 0
1700456542203 0.07574445009231567 0
1700456625464 0.07945656776428223 0
1700456705488 0.08224999904632568 0
1700456821563 0.08585268259048462 0
1700456902177 0.09145152568817139 0
1700456985941 0.09939306974411011 0
1700457068399 0.10965842008590698 0
1700457149307 0.12437784671783447 0
1700457230004 0.14454656839370728 0
1700457310507 0.1677837371826172 0
1700457391045 0.18982726335525513 0
1700457471992 0.19621914625167847 0
1700457552390 0.1992059350013733 0
1700457633087 0.2053905725479126 0
1700457713744 0.2115740180015564 0
1700457794443 0.21694129705429077 0
1700457875270 0.2220112681388855 0
1700457955828 0.2274501919746399 0
1700458036229 0.2323153018951416 0
1700458118212 0.23694229125976562 0
1700458198740 0.24184352159500122 0
1700458279352 0.24628746509552002 0
1700458359987 0.2506207823753357 0
1700458440544 0.2548953890800476 0
1700458524563 0.25892174243927 0
1700458609639 0.2626737356185913 0
1700458693906 0.26668697595596313 0
1700458775956 0.27082234621047974 0
1700458856332 0.2742089033126831 0
1700458936765 0.2779984474182129 0
1700459017125 0.2815436124801636 0
1700459097752 0.2848241925239563 0
1700459178161 0.28835529088974 0
1700459258434 0.2914333939552307 0
1700459338747 0.2946106791496277 0
1700459419102 0.29786181449890137 0
1700459499316 0.3010122776031494 0
1700459579700 0.3040453791618347 0
1700459660066 0.30688226222991943 0
1700459743710 0.3098708987236023 0
1700459824021 0.3129887580871582 0
1700459904361 0.3153113126754761 0
1700459984810 0.3183354139328003 0
1700460065239 0.3210434913635254 0
1700460145464 0.32358813285827637 0
1700460225759 0.3262653350830078 0
1700460306078 0.3286896347999573 0
1700460386412 0.3314383625984192 0
1700460466543 0.3338327407836914 0
1700460546824 0.3361969590187073 0
1700460627245 0.33859390020370483 0
1700460707491 0.341047465801239 0
1700460787836 0.34332048892974854 0
1700460868383 0.3454864025115967 0
1700460951933 0.3477287292480469 0
1700461033821 0.3499569892883301 0
1700461114012 0.3520740866661072 0
1700461194133 0.3542158007621765 0
1700461274345 0.3564690351486206 0
1700461354749 0.3584613800048828 0
1700461434908 0.36064785718917847 0
1700461515188 0.3625945448875427 0
1700461595337 0.3646075129508972 0
1700461678941 0.36663657426834106 0
1700461759503 0.368358850479126 0
1700461839642 0.3703179955482483 0
1700461921697 0.3721928596496582 0
1700462005359 0.3740360140800476 0
1700462085681 0.3759300708770752 0
1700462165816 0.3777613043785095 0
