1700451474972 4088.0 0
1700451547035 4088.0 0
1700451627075 4087.0 0
1700451710398 4087.0 0
1700451790415 4084.0 0
1700451870684 4082.0 0
1700451950708 4083.0 0
1700452030691 4084.0 0
1700452110932 4085.0 0
1700452190985 4086.0 0
1700452270882 4086.0 0
1700452354265 4085.0 0
1700452434292 4085.0 0
1700452514214 4086.0 0
1700452594233 4086.0 0
1700452674218 4086.0 0
1700452754001 4086.0 0
1700452833957 4086.0 0
1700452914183 4086.0 0
1700452994376 4086.0 0
1700453075477 4086.0 0
1700453159055 4086.0 0
1700453240354 4086.0 0
1700453320382 4086.0 0
1700453400410 4086.0 0
1700453480555 4086.0 0
1700453560483 4086.0 0
1700453640515 4086.0 0
1700453720700 4086.0 0
1700453800822 4087.0 0
1700453880915 4087.0 0
1700453964143 4087.0 0
1700454044242 4087.0 0
1700454124113 4087.0 0
1700454204196 4087.0 0
1700454287465 4087.0 0
1700454367343 4087.0 0
1700454447444 4087.0 0
1700454528407 4087.0 0
1700454608447 4087.0 0
1700454688442 4087.0 0
1700454775987 4087.0 0
1700454858384 4087.0 0
1700454938303 4087.0 0
1700455018544 4087.0 0
1700455098563 4087.0 0
1700455178616 4087.0 0
1700455258568 4087.0 0
1700455338508 4087.0 0
1700455421869 4086.0 0
1700455501970 4086.0 0
1700455581850 4086.0 0
1700455661801 4086.0 0
1700455741820 4086.0 0
1700455821686 4086.0 0
1700455905398 4086.0 0
1700455985123 4086.0 0
1700456064832 4086.0 0
1700456144819 4086.0 0
1700456224595 4087.0 0
1700456304512 4087.0 0
1700456384724 4087.0 0
1700456464677 4087.0 0
1700456544625 4087.0 0
1700456627857 4087.0 0
1700456707878 4086.0 0
1700456823908 4085.0 0
1700456904619 4083.0 0
1700456988414 4078.0 0
1700457070765 4060.0 0
1700457151705 4028.0 0
1700457232387 3974.0 0
1700457312966 3907.0 0
1700457393552 3847.0 0
1700457474367 3842.0 0
1700457554781 3841.0 0
1700457635454 3836.0 0
1700457716186 3832.0 0
1700457796874 3830.0 0
1700457877652 3828.0 0
1700457958151 3825.0 0
1700458038599 3820.0 0
1700458120608 3817.0 0
1700458201190 3814.0 0
1700458281747 3811.0 0
1700458362372 3807.0 0
1700458442957 3803.0 0
1700458527007 3801.0 0
1700458612141 3800.0 0
1700458696368 3798.0 0
1700458778345 3795.0 0
1700458858682 3794.0 0
1700458939137 3792.0 0
1700459019569 3790.0 0
1700459100127 3788.0 0
1700459180537 3786.0 0
1700459260849 3785.0 0
1700459341174 3783.0 0
1700459421469 3782.0 0
1700459501688 3780.0 0
1700459582132 3778.0 0
1700459662445 3778.0 0
1700459746034 3777.0 0
1700459826346 3776.0 0
1700459906789 3774.0 0
1700459987201 3773.0 0
1700460067604 3772.0 0
1700460147824 3771.0 0
1700460228175 3770.0 0
1700460308453 3770.0 0
1700460388786 3768.0 0
1700460468928 3767.0 0
1700460549223 3766.0 0
1700460629618 3765.0 0
1700460709962 3764.0 0
1700460790206 3762.0 0
1700460871001 3758.0 0
1700460954349 3756.0 0
1700461036171 3755.0 0
1700461116359 3754.0 0
1700461196501 3752.0 0
1700461276741 3751.0 0
1700461357103 3750.0 0
1700461437293 3748.0 0
1700461517573 3747.0 0
1700461597707 3746.0 0
1700461681486 3744.0 0
1700461761873 3743.0 0
1700461842019 3742.0 0
1700461924334 3742.0 0
1700462007840 3741.0 0
1700462088046 3740.0 0
1700462168235 3740.0 0
