1700451472566 0.0 0
1700451544587 -0.0002385194879025221 0
1700451624626 -0.002012596512213349 0
1700451707943 0.010181151889264583 0
1700451788041 0.04162686914205551 0
1700451868263 0.09385369420051574 0
1700451948340 0.17229198217391967 0
1700452028263 0.27890520095825194 0
1700452108524 0.4148114681243896 0
1700452188553 0.5790488243103027 0
1700452268502 0.7703509330749512 0
1700452351886 0.9905923843383789 0
1700452431872 1.2412952423095702 0
1700452511737 1.5236751556396484 0
1700452591837 1.8381351470947265 0
1700452671825 2.184160614013672 0
1700452751586 2.562055969238281 0
1700452831562 2.97230224609375 0
1700452911786 3.418670654296875 0
1700452991966 3.9007781982421874 0
1700453073007 4.415805053710938 0
1700453156566 4.956906127929687 0
1700453237982 5.528683471679687 0
1700453317908 6.144000244140625 0
1700453398049 6.799072265625 0
1700453478190 7.486520385742187 0
1700453558074 8.207598876953124 0
1700453638147 8.97283935546875 0
1700453718298 9.78016357421875 0
1700453798434 10.611785888671875 0
1700453878488 11.46173095703125 0
1700453961737 12.33336181640625 0
1700454041790 13.2468505859375 0
1700454121743 14.214697265625 0
1700454201786 15.2256103515625 0
1700454285102 16.25052490234375 0
1700454364970 17.28861083984375 0
1700454444945 18.33572998046875 0
1700454525990 19.4024169921875 0
1700454606062 20.537109375 0
1700454686090 21.6829833984375 0
1700454773473 22.8193359375 0
1700454856060 23.97861328125 0
1700454935942 25.15107421875 0
1700455016103 26.31357421875 0
1700455096109 27.53662109375 0
1700455176122 28.859716796875 0
1700455256193 30.22490234375 0
1700455336150 31.66376953125 0
1700455419458 33.021435546875 0
1700455499538 34.432177734375 0
1700455579447 35.817431640625 0
1700455659429 37.231982421875 0
1700455739387 38.656103515625 0
1700455819316 40.266455078125 0
1700455903021 41.903759765625 0
1700455982758 43.584765625 0
1700456062473 45.106787109375 0
1700456142374 46.65556640625 0
1700456222238 48.414453125 0
1700456302115 50.17255859375 0
1700456382309 51.9376953125 0
1700456462321 53.68203125 0
1700456542200 55.43837890625 0
1700456625462 57.1318359375 0
1700456705485 58.8240234375 0
1700456821560 60.5955078125 0
1700456902174 61.9931640625 0
1700456985938 61.8271484375 0
1700457068397 60.85146484375 0
1700457149305 59.0447265625 0
1700457230001 56.2529296875 0
1700457310505 52.3685546875 0
1700457391042 48.4525390625 0
1700457471989 46.2173828125 0
1700457552388 46.0296875 0
1700457633085 45.321484375 0
1700457713741 44.6306640625 0
1700457794440 43.9095703125 0
1700457875268 43.2365234375 0
1700457955826 42.555078125 0
1700458036226 41.91015625 0
1700458118209 41.2748046875 0
1700458198737 40.6630859375 0
1700458279349 40.0939453125 0
1700458359985 39.5041015625 0
1700458440542 38.93203125 0
1700458524560 38.3962890625 0
1700458609636 37.8529296875 0
1700458693903 37.3275390625 0
1700458775954 36.815625 0
1700458856329 36.3107421875 0
1700458936762 35.8177734375 0
1700459017122 35.336328125 0
1700459097749 34.87109375 0
1700459178158 34.398046875 0
1700459258432 33.951171875 0
1700459338745 33.495703125 0
1700459419099 33.060546875 0
1700459499314 32.632421875 0
1700459579697 32.2052734375 0
1700459660064 31.791796875 0
1700459743708 31.375 0
1700459824019 30.9705078125 0
1700459904358 30.5623046875 0
1700459984808 30.1458984375 0
1700460065236 29.7857421875 0
1700460145461 29.415625 0
1700460225756 29.0357421875 0
1700460306075 28.6576171875 0
1700460386409 28.2947265625 0
1700460466541 27.9375 0
1700460546821 27.5794921875 0
1700460627242 27.2328125 0
1700460707488 26.8865234375 0
1700460787834 26.5427734375 0
1700460868381 26.20078125 0
1700460951930 25.85703125 0
1700461033819 25.5427734375 0
1700461114009 25.205859375 0
1700461194130 24.893359375 0
1700461274342 24.57734375 0
1700461354747 24.25703125 0
1700461434906 23.939453125 0
1700461515185 23.645703125 0
1700461595334 23.340234375 0
1700461678939 23.04453125 0
1700461759500 22.7453125 0
1700461839639 22.44765625 0
1700461921694 22.134765625 0
1700462005357 21.87421875 0
1700462085678 21.588671875 0
1700462165814 21.305859375 0
