1700451472568 0.09942184388637543 0
1700451544589 0.7450395822525024 0
1700451624628 1.7031843662261963 0
1700451707945 2.9037253856658936 0
1700451788043 4.282670021057129 0
1700451868265 5.7922163009643555 0
1700451948342 7.410295486450195 0
1700452028264 9.117847442626953 0
1700452108526 10.892513275146484 0
1700452188555 12.717802047729492 0
1700452268504 14.576598167419434 0
1700452351888 16.460241317749023 0
1700452431874 18.364595413208008 0
1700452511739 20.287260055541992 0
1700452591839 22.226055145263672 0
1700452671827 24.178133010864258 0
1700452751588 26.140771865844727 0
1700452831564 28.111604690551758 0
1700452911788 30.08997917175293 0
1700452991968 32.07569122314453 0
1700453073010 34.06736373901367 0
1700453156568 36.06145477294922 0
1700453237984 38.0549430847168 0
1700453317910 40.04882049560547 0
1700453398051 42.045475006103516 0
1700453478192 44.04414367675781 0
1700453558076 46.043670654296875 0
1700453638149 48.04402542114258 0
1700453718300 50.04637908935547 0
1700453798436 52.04916000366211 0
1700453878490 54.04867172241211 0
1700453961739 56.04237365722656 0
1700454041792 58.02912902832031 0
1700454121745 60.01284408569336 0
1700454201788 61.99494171142578 0
1700454285104 63.97511672973633 0
1700454364972 65.94986724853516 0
1700454444947 67.91728210449219 0
1700454525992 69.87480163574219 0
1700454606064 71.82499694824219 0
1700454686091 73.7696304321289 0
1700454773475 75.70570373535156 0
1700454856062 77.63235473632812 0
1700454935944 79.54930114746094 0
1700455016104 81.45496368408203 0
1700455096111 83.34967041015625 0
1700455176124 85.23957824707031 0
1700455256196 87.12708282470703 0
1700455336152 89.01565551757812 0
1700455419460 90.90254211425781 0
1700455499540 92.78487396240234 0
1700455579448 94.6614761352539 0
1700455659431 96.53114318847656 0
1700455739388 98.39295959472656 0
1700455819318 100.25176239013672 0
1700455903023 102.11127471923828 0
1700455982760 103.97258758544922 0
1700456062475 105.83109283447266 0
1700456142377 107.6819076538086 0
1700456222240 109.52903747558594 0
1700456302116 111.37549591064453 0
1700456382312 113.22074890136719 0
1700456462323 115.0632553100586 0
1700456542202 116.9016342163086 0
1700456625464 118.734130859375 0
1700456705487 120.55779266357422 0
1700456821562 122.37471008300781 0
1700456902176 124.18022155761719 0
1700456985940 125.94438934326172 0
1700457068399 127.63153076171875 0
1700457149307 129.2196044921875 0
1700457230003 130.68673706054688 0
1700457310506 132.00901794433594 0
1700457391044 133.1782684326172 0
1700457471991 134.2177734375 0
1700457552390 135.18861389160156 0
1700457633086 136.11903381347656 0
1700457713743 137.01406860351562 0
1700457794442 137.87608337402344 0
1700457875270 138.7080535888672 0
1700457955828 139.5117950439453 0
1700458036228 140.28878784179688 0
1700458118211 141.0406951904297 0
1700458198739 141.76902770996094 0
1700458279351 142.47509765625 0
1700458359986 143.16004943847656 0
1700458440544 143.8248748779297 0
1700458524562 144.47059631347656 0
1700458609638 145.09812927246094 0
1700458693905 145.7082977294922 0
1700458775956 146.30189514160156 0
1700458856331 146.87913513183594 0
1700458936765 147.44131469726562 0
1700459017124 147.98873901367188 0
1700459097751 148.5220947265625 0
1700459178160 149.04196166992188 0
1700459258434 149.54864501953125 0
1700459338746 150.04270935058594 0
1700459419101 150.5245361328125 0
1700459499316 150.9946746826172 0
1700459579699 151.45343017578125 0
1700459660066 151.90109252929688 0
1700459743710 152.33807373046875 0
1700459824020 152.76470947265625 0
1700459904360 153.18099975585938 0
1700459984810 153.5874786376953 0
1700460065238 153.9844512939453 0
1700460145463 154.37242126464844 0
1700460225758 154.75152587890625 0
1700460306077 155.1217803955078 0
1700460386411 155.48373413085938 0
1700460466543 155.83740234375 0
1700460546823 156.1830291748047 0
1700460627245 156.5208740234375 0
1700460707490 156.8511199951172 0
1700460787836 157.17388916015625 0
1700460868383 157.48934936523438 0
1700460951932 157.797607421875 0
1700461033821 158.09901428222656 0
1700461114011 158.39366149902344 0
1700461194132 158.68174743652344 0
1700461274344 158.9634552001953 0
1700461354749 159.23887634277344 0
1700461434908 159.50811767578125 0
1700461515187 159.77130126953125 0
1700461595336 160.02867126464844 0
1700461678941 160.2803497314453 0
1700461759502 160.52635192871094 0
1700461839641 160.76687622070312 0
1700461921696 161.00181579589844 0
1700462005359 161.2315216064453 0
1700462085680 161.45620727539062 0
1700462165816 161.67584228515625 0
