1700451472567 0.09999923408031464 0
1700451544588 0.668734610080719 0
1700451624628 -0.1227744072675705 0
1700451707944 -1.3121525049209595 0
1700451788043 -2.6386003494262695 0
1700451868264 -4.044416904449463 0
1700451948341 -5.511681079864502 0
1700452028264 -7.029040813446045 0
1700452108525 -8.582344055175781 0
1700452188554 -10.161311149597168 0
1700452268503 -11.755327224731445 0
1700452351887 -13.358800888061523 0
1700452431874 -14.969219207763672 0
1700452511738 -16.585424423217773 0
1700452591839 -18.20658302307129 0
1700452671826 -19.831575393676758 0
1700452751587 -21.459291458129883 0
1700452831563 -23.08873176574707 0
1700452911787 -24.719680786132812 0
1700452991967 -26.352197647094727 0
1700453073009 -27.985801696777344 0
1700453156567 -29.618982315063477 0
1700453237983 -31.25032615661621 0
1700453317909 -32.880184173583984 0
1700453398050 -34.509681701660156 0
1700453478191 -36.13861083984375 0
1700453558076 -37.76654815673828 0
1700453638148 -39.39350891113281 0
1700453718299 -41.02009201049805 0
1700453798435 -42.64570236206055 0
1700453878489 -44.26876449584961 0
1700453961738 -45.888092041015625 0
1700454041791 -47.50306701660156 0
1700454121744 -49.11531448364258 0
1700454201787 -50.7254753112793 0
1700454285103 -52.33349609375 0
1700454364971 -53.93791198730469 0
1700454444946 -55.537864685058594 0
1700454525992 -57.13216018676758 0
1700454606063 -58.721797943115234 0
1700454686091 -60.30754089355469 0
1700454773475 -61.88812255859375 0
1700454856061 -63.46310806274414 0
1700454935943 -65.03234100341797 0
1700455016104 -66.59510803222656 0
1700455096110 -68.15148162841797 0
1700455176123 -69.70405578613281 0
1700455256195 -71.25394439697266 0
1700455336151 -72.80272674560547 0
1700455419459 -74.34938049316406 0
1700455499540 -75.8927230834961 0
1700455579448 -77.43229675292969 0
1700455659430 -78.96759033203125 0
1700455739388 -80.49819946289062 0
1700455819317 -82.02616882324219 0
1700455903022 -83.55314636230469 0
1700455982759 -85.07971954345703 0
1700456062475 -86.60399627685547 0
1700456142376 -88.12394714355469 0
1700456222240 -89.64122009277344 0
1700456302116 -91.15713500976562 0
1700456382311 -92.67152404785156 0
1700456462322 -94.18377685546875 0
1700456542201 -95.69334411621094 0
1700456625463 -97.19947052001953 0
1700456705487 -98.70088958740234 0
1700456821561 -100.1984634399414 0
1700456902175 -101.690185546875 0
1700456985939 -103.16319274902344 0
1700457068398 -104.60143280029297 0
1700457149306 -105.99396514892578 0
1700457230003 -107.32908630371094 0
1700457310506 -108.59300231933594 0
1700457391043 -109.77822875976562 0
1700457471991 -110.89361572265625 0
1700457552389 -111.97047424316406 0
1700457633086 -113.0234375 0
1700457713743 -114.05481719970703 0
1700457794441 -115.06570434570312 0
1700457875269 -116.05763244628906 0
1700457955827 -117.03152465820312 0
1700458036227 -117.98812866210938 0
1700458118211 -118.92837524414062 0
1700458198739 -119.8530502319336 0
1700458279351 -120.76290130615234 0
1700458359986 -121.65856170654297 0
1700458440543 -122.54058074951172 0
1700458524561 -123.40951538085938 0
1700458609637 -124.26589965820312 0
1700458693905 -125.11022186279297 0
1700458775955 -125.94291687011719 0
1700458856331 -126.76404571533203 0
1700458936764 -127.57447052001953 0
1700459017123 -128.3743133544922 0
1700459097751 -129.16390991210938 0
1700459178159 -129.94371032714844 0
1700459258433 -130.7138214111328 0
1700459338746 -131.47459411621094 0
1700459419100 -132.2262420654297 0
1700459499315 -132.9690704345703 0
1700459579698 -133.70326232910156 0
1700459660065 -134.4290008544922 0
1700459743709 -135.14651489257812 0
1700459824020 -135.85598754882812 0
1700459904359 -136.55735778808594 0
1700459984809 -137.25099182128906 0
1700460065237 -137.93707275390625 0
1700460145463 -138.61595153808594 0
1700460225757 -139.28768920898438 0
1700460306076 -139.95220947265625 0
1700460386411 -140.6099090576172 0
1700460466542 -141.26072692871094 0
1700460546823 -141.90484619140625 0
1700460627244 -142.54238891601562 0
1700460707490 -143.17349243164062 0
1700460787835 -143.7981719970703 0
1700460868382 -144.41651916503906 0
1700460951931 -145.02854919433594 0
1700461033820 -145.63455200195312 0
1700461114011 -146.23452758789062 0
1700461194131 -146.82862854003906 0
1700461274343 -147.41697692871094 0
1700461354748 -147.99952697753906 0
1700461434907 -148.57630920410156 0
1700461515187 -149.14747619628906 0
1700461595335 -149.7132110595703 0
1700461678940 -150.27349853515625 0
1700461759502 -150.8282928466797 0
1700461839641 -151.3777618408203 0
1700461921696 -151.92169189453125 0
1700462005358 -152.46046447753906 0
1700462085679 -152.9941864013672 0
1700462165815 -153.5227813720703 0
