1700451472566 4.996246246246247e-05 0
1700451544587 4.9624624624624625e-05 0
1700451624627 4.9249249249249253e-05 0
1700451707943 4.8873873873873876e-05 0
1700451788042 4.8498498498498504e-05 0
1700451868263 4.812312312312313e-05 0
1700451948341 4.774774774774775e-05 0
1700452028263 4.737237237237238e-05 0
1700452108525 4.6996996996997e-05 0
1700452188553 4.662162162162162e-05 0
1700452268503 4.624624624624625e-05 0
1700452351886 4.587087087087087e-05 0
1700452431873 4.54954954954955e-05 0
1700452511737 4.5120120120120124e-05 0
1700452591838 4.4744744744744746e-05 0
1700452671826 4.4369369369369375e-05 0
1700452751586 4.3993993993994e-05 0
1700452831563 4.3618618618618626e-05 0
1700452911786 4.324324324324325e-05 0
1700452991967 4.286786786786787e-05 0
1700453073008 4.24924924924925e-05 0
1700453156566 4.2117117117117115e-05 0
1700453237983 4.1741741741741744e-05 0
1700453317908 4.1366366366366366e-05 0
1700453398050 4.099099099099099e-05 0
1700453478191 4.061561561561562e-05 0
1700453558075 4.024024024024024e-05 0
1700453638147 3.986486486486487e-05 0
1700453718298 3.948948948948949e-05 0
1700453798435 3.911411411411411e-05 0
1700453878489 3.873873873873874e-05 0
1700453961738 3.836336336336336e-05 0
1700454041791 3.7987987987987985e-05 0
1700454121743 3.7612612612612614e-05 0
1700454201787 3.7237237237237236e-05 0
1700454285103 3.6861861861861865e-05 0
1700454364970 3.648648648648649e-05 0
1700454444946 3.611111111111111e-05 0
1700454525991 3.573573573573574e-05 0
1700454606062 3.536036036036036e-05 0
1700454686090 3.498498498498499e-05 0
1700454773474 3.460960960960961e-05 0
1700454856061 3.4234234234234234e-05 0
1700454935942 3.385885885885886e-05 0
1700455016103 3.3483483483483485e-05 0
1700455096110 3.310810810810811e-05 0
1700455176123 3.2732732732732736e-05 0
1700455256194 3.235735735735736e-05 0
1700455336151 3.198198198198199e-05 0
1700455419458 3.160660660660661e-05 0
1700455499539 3.123123123123123e-05 0
1700455579447 3.085585585585586e-05 0
1700455659429 3.0480480480480482e-05 0
1700455739387 3.0105105105105108e-05 0
1700455819316 2.9729729729729733e-05 0
1700455903022 2.935435435435436e-05 0
1700455982759 2.897897897897898e-05 0
1700456062474 2.8603603603603606e-05 0
1700456142375 2.8228228228228232e-05 0
1700456222239 2.7852852852852857e-05 0
1700456302115 2.7477477477477483e-05 0
1700456382310 2.7102102102102105e-05 0
1700456462321 2.672672672672673e-05 0
1700456542201 2.635135135135135e-05 0
1700456625462 2.5975975975975975e-05 0
1700456705486 2.56006006006006e-05 0
1700456821561 2.5225225225225222e-05 0
1700456902175 2.484984984984985e-05 0
1700456985939 2.4474474474474477e-05 0
1700457068397 2.4099099099099102e-05 0
1700457149305 2.3723723723723725e-05 0
1700457230002 2.334834834834835e-05 0
1700457310505 2.2972972972972976e-05 0
1700457391043 2.2597597597597598e-05 0
1700457471990 2.2222222222222223e-05 0
1700457552389 2.1846846846846845e-05 0
1700457633085 2.147147147147147e-05 0
1700457713742 2.1096096096096096e-05 0
1700457794441 2.0720720720720722e-05 0
1700457875268 2.0345345345345344e-05 0
1700457955826 1.996996996996997e-05 0
1700458036227 1.9594594594594595e-05 0
1700458118210 1.921921921921922e-05 0
1700458198738 1.8843843843843846e-05 0
1700458279350 1.846846846846847e-05 0
1700458359985 1.8093093093093094e-05 0
1700458440542 1.771771771771772e-05 0
1700458524561 1.7342342342342345e-05 0
1700458609637 1.6966966966966967e-05 0
1700458693904 1.6591591591591593e-05 0
1700458775954 1.6216216216216218e-05 0
1700458856330 1.5840840840840844e-05 0
1700458936763 1.5465465465465466e-05 0
1700459017123 1.5090090090090091e-05 0
1700459097750 1.4714714714714713e-05 0
1700459178159 1.4339339339339339e-05 0
1700459258432 1.3963963963963963e-05 0
1700459338745 1.3588588588588588e-05 0
1700459419100 1.3213213213213214e-05 0
1700459499314 1.2837837837837838e-05 0
1700459579698 1.2462462462462463e-05 0
1700459660065 1.2087087087087087e-05 0
1700459743709 1.1711711711711713e-05 0
1700459824019 1.1336336336336336e-05 0
1700459904359 1.0960960960960962e-05 0
1700459984808 1.0585585585585586e-05 0
1700460065237 1.0210210210210211e-05 0
1700460145462 9.834834834834835e-06 0
1700460225757 9.45945945945946e-06 0
1700460306076 9.084084084084084e-06 0
1700460386410 8.708708708708708e-06 0
1700460466542 8.333333333333334e-06 0
1700460546822 7.957957957957958e-06 0
1700460627243 7.582582582582583e-06 0
1700460707489 7.207207207207208e-06 0
1700460787834 6.8318318318318324e-06 0
1700460868381 6.456456456456457e-06 0
1700460951931 6.081081081081082e-06 0
1700461033819 5.705705705705706e-06 0
1700461114010 5.33033033033033e-06 0
1700461194131 4.954954954954955e-06 0
1700461274343 4.57957957957958e-06 0
1700461354747 4.204204204204204e-06 0
1700461434907 3.828828828828829e-06 0
1700461515186 3.4534534534534537e-06 0
1700461595334 3.0780780780780783e-06 0
1700461678939 2.702702702702703e-06 0
1700461759501 2.3273273273273273e-06 0
1700461839640 1.951951951951952e-06 0
1700461921695 1.5765765765765764e-06 0
1700462005357 1.2012012012012013e-06 0
1700462085679 8.258258258258259e-07 0
1700462165815 4.504504504504505e-07 0
