1700451472564 0.356640625 0
1700451544585 1.361865234375 0
1700451624625 1.29228515625 0
1700451707941 1.50791015625 0
1700451788039 1.6095703125 0
1700451868261 9.5796875 0
1700451948339 2.6734375 0
1700452028261 1.9349609375 0
1700452108522 1.99619140625 0
1700452188551 11.0765625 0
1700452268500 6.2037109375 0
1700452351884 2.8837890625 0
1700452431871 2.9693359375 0
1700452511735 3.126953125 0
1700452591836 4.0912109375 0
1700452671824 4.767578125 0
1700452751584 4.2998046875 0
1700452831560 4.616015625 0
1700452911784 5.912109375 0
1700452991965 5.81875 0
1700453073005 8.43671875 0
1700453156564 7.45703125 0
1700453237981 7.551953125 0
1700453317906 7.883984375 0
1700453398047 9.3125 0
1700453478188 9.0296875 0
1700453558072 9.8890625 0
1700453638145 10.67578125 0
1700453718296 11.7046875 0
1700453798432 12.2203125 0
1700453878486 13.3640625 0
1700453961735 14.06640625 0
1700454041788 14.8703125 0
1700454121741 16.1015625 0
1700454201784 17.0296875 0
1700454285100 17.975 0
1700454364968 19.2890625 0
1700454444943 20.203125 0
1700454525989 21.3546875 0
1700454606060 22.325 0
1700454686088 23.6734375 0
1700454773471 24.915625 0
1700454856058 26.3640625 0
1700454935940 27.203125 0
1700455016101 28.528125 0
1700455096107 29.859375 0
1700455176120 30.909375 0
1700455256191 32.715625 0
1700455336148 36.75 0
1700455419456 35.4875 0
1700455499537 40.903125 0
1700455579445 38.80625 0
1700455659427 40.40625 0
1700455739385 41.64375 0
1700455819314 43.165576171875 0
1700455899283 44.66875 0
1700455982756 47.31875 0
1700456062472 47.95625 0
1700456142372 49.59375 0
1700456222237 51.85625 0
1700456302113 53.33125 0
1700456382307 55.115625 0
1700456462319 57.2375 0
1700456542198 59.053125 0
1700456625460 60.7125 0
1700456705483 62.440625 0
1700456821558 64.4 0
1700456902172 65.675 0
1700456985936 66.28125 0
1700457068395 65.7125 0
1700457149303 64.34375 0
1700457230000 63.634375 0
1700457310503 60.834375 0
1700457391040 58.853125 0
1700457471987 56.665625 0
1700457552387 56.196875 0
1700457633083 55.521875 0
1700457713740 55.4375 0
1700457794438 54.51875 0
1700457875266 53.55 0
1700457955824 53.053125 0
1700458036224 52.75625 0
1700458118208 52.278125 0
1700458198736 51.721875 0
1700458279348 51.975 0
1700458359983 50.484375 0
1700458440540 51.75625 0
1700458524558 50.0 0
1700458609634 49.453125 0
1700458693902 49.1625 0
1700458775952 49.23125 0
1700458856328 48.309375 0
1700458936761 47.684375 0
1700459017120 47.4625 0
1700459097747 49.734375 0
1700459178156 47.49375 0
1700459258430 46.55 0
1700459338743 46.0 0
1700459419097 46.265625 0
1700459499312 46.165625 0
1700459579696 45.6060546875 0
1700459660062 44.890625 0
1700459743706 44.984375 0
1700459824017 44.284375 0
1700459904356 44.165625 0
1700459984805 49.565625 0
1700460065234 43.25 0
1700460145459 42.5375 0
1700460225754 42.98125 0
1700460306073 43.29375 0
1700460386407 42.790625 0
1700460466539 42.540625 0
1700460546820 42.546875 0
1700460627241 42.25 0
1700460707486 41.09375 0
1700460787832 43.21875 0
1700460868379 40.70625 0
1700460951928 41.16875 0
1700461033817 40.709375 0
1700461114007 40.765625 0
1700461194128 40.065625 0
1700461274340 39.45 0
1700461354745 39.846875 0
1700461434904 38.878125 0
1700461515184 39.25 0
1700461595332 38.4875 0
1700461678937 38.296875 0
1700461759498 38.6375 0
1700461839638 38.49375 0
1700461921693 37.5125 0
1700462005355 37.2875 0
1700462085676 42.51875 0
1700462165812 38.190625 0
