1700451474973 21306832.0 0
1700451547036 21687016.0 0
1700451627076 24026043.0 0
1700451710399 24430656.0 0
1700451790416 29582904.0 0
1700451870685 33376612.0 0
1700451950709 32288270.0 0
1700452030692 31298184.0 0
1700452110933 30234856.0 0
1700452190986 29220812.0 0
1700452270883 29907260.0 0
1700452354266 32134381.0 0
1700452434293 32673601.0 0
1700452514215 31513058.0 0
1700452594234 31991120.0 0
1700452674219 32493698.0 0
1700452754002 35100566.0 0
1700452833958 35566370.0 0
1700452914184 35885078.0 0
1700452994377 36240560.0 0
1700453075478 38847428.0 0
1700453159056 41442038.0 0
1700453240355 44134712.0 0
1700453320383 44465678.0 0
1700453400411 46913192.0 0
1700453480556 51514028.0 0
1700453560484 53912510.0 0
1700453640516 54218960.0 0
1700453720701 56507120.0 0
1700453800823 59378593.0 0
1700453880916 65729791.0 0
1700453964144 74259360.0 0
1700454044243 80684124.0 0
1700454124114 84893734.0 0
1700454204197 91171366.0 0
1700454287466 99517020.0 0
1700454367344 109992001.0 0
1700454447445 122571787.0 0
1700454528408 130991007.0 0
1700454608448 137342205.0 0
1700454688443 152051318.0 0
1700454775988 166784953.0 0
1700454858385 179340217.0 0
1700454938303 198455116.0 0
1700455018545 217570015.0 0
1700455098564 224509741.0 0
1700455178617 245888838.0 0
1700455258569 250233319.0 0
1700455338509 260978042.0 0
1700455421870 278430038.0 0
1700455501971 289932128.0 0
1700455581851 307649024.0 0
1700455661802 325022696.0 0
1700455741821 338114240.0 0
1700455821687 346948172.0 0
1700455905399 364003136.0 0
1700455985124 374732972.0 0
1700456064833 400192838.0 0
1700456144820 417125222.0 0
1700456224596 424220996.0 0
1700456304513 439187590.0 0
1700456384725 456222206.0 0
1700456464678 471078451.0 0
1700456544626 490340482.0 0
1700456627858 516002755.0 0
1700456707879 533277944.0 0
1700456823909 552841161.0 0
1700456904620 596411882.0 0
1700456988415 648261994.0 0
1700457070766 717366336.0 0
1700457151706 818514228.0 0
1700457232388 948378024.0 0
1700457312967 1103681119.0 0
1700457393553 1236741453.0 0
1700457474368 1273434074.0 0
1700457554782 1293178913.0 0
1700457635455 1332938244.0 0
1700457716187 1370309888.0 0
1700457796875 1406851006.0 0
1700457877653 1442920352.0 0
1700457958152 1477021076.0 0
1700458038600 1509993916.0 0
1700458120609 1536696683.0 0
1700458201191 1570842860.0 0
1700458281748 1598584679.0 0
1700458362373 1626249041.0 0
1700458442957 1654774944.0 0
1700458527008 1682302007.0 0
1700458612142 1702456776.0 0
1700458696369 1732542650.0 0
1700458778346 1757382071.0 0
1700458858683 1781598120.0 0
1700458939138 1803605360.0 0
1700459019570 1827945586.0 0
1700459100127 1850391452.0 0
1700459180537 1872899498.0 0
1700459260850 1893263636.0 0
1700459341175 1918856039.0 0
1700459421470 1937696144.0 0
1700459501689 1955779316.0 0
1700459582133 1976324260.0 0
1700459662447 1992089854.0 0
1700459746035 2013445883.0 0
1700459826347 2031513664.0 0
1700459906790 2048907128.0 0
1700459987202 2066549325.0 0
1700460067605 2085174828.0 0
1700460147825 2102441057.0 0
1700460228176 2121270836.0 0
1700460308454 2136460166.0 0
1700460388787 2154414584.0 0
1700460468928 2169299752.0 0
1700460549224 2183793494.0 0
1700460629619 2197617506.0 0
1700460709962 2212481172.0 0
1700460790207 2230088030.0 0
1700460871001 2245222670.0 0
1700460954350 2261405288.0 0
1700461036172 2274644771.0 0
1700461116360 2287202080.0 0
1700461196502 2302576984.0 0
1700461276741 2314514691.0 0
1700461357104 2330001626.0 0
1700461437293 2345293348.0 0
1700461517574 2357482832.0 0
1700461597708 2371355844.0 0
1700461681487 2385453248.0 0
1700461761874 2395787277.0 0
1700461842020 2410509476.0 0
1700461924335 2418648326.0 0
1700462007841 2433170273.0 0
1700462088047 2445740236.0 0
1700462168236 2454929416.0 0
