1700451474974 0.003290119566447994 0
1700451547037 0.0033488261267311213 0
1700451627077 0.0037100097367182916 0
1700451710400 0.003772488529818046 0
1700451790417 0.004568078974985706 0
1700451870686 0.005153888865456062 0
1700451950711 0.004985831253269176 0
1700452030693 0.004832945957085012 0
1700452110934 0.004668750911178984 0
1700452190987 0.004512166112198113 0
1700452270884 0.004618164788873702 0
1700452354267 0.0049620683020260665 0
1700452434294 0.005045332593621368 0
1700452514216 0.004866125978954098 0
1700452594235 0.004939946485924597 0
1700452674220 0.005017552659919225 0
1700452754003 0.005420095253484854 0
1700452833959 0.0054920229269432895 0
1700452914185 0.005541236598256956 0
1700452994378 0.005596128770106815 0
1700453075479 0.005998671363672444 0
1700453159058 0.00639932112372601 0
1700453240356 0.006815113551876088 0
1700453320384 0.006866220056701818 0
1700453400412 0.007244155814610615 0
1700453480557 0.00795459932613867 0
1700453560485 0.00832496374999921 0
1700453640517 0.008372284587800812 0
1700453720702 0.008725613510052774 0
1700453800825 0.009169015396444291 0
1700453880917 0.010149743118434373 0
1700453964145 0.011466846564890807 0
1700454044244 0.01245893406744448 0
1700454124115 0.013108965955250004 0
1700454204198 0.014078333896676494 0
1700454287467 0.015367037891723948 0
1700454367345 0.016984544424195364 0
1700454447446 0.018927066900569542 0
1700454528409 0.020227130676180587 0
1700454608449 0.02120785839817067 0
1700454688444 0.023479183411968804 0
1700454775989 0.025754295019288137 0
1700454858386 0.027693030902141116 0
1700454938305 0.030644680551914355 0
1700455018546 0.03359633020168759 0
1700455098565 0.034667936168186406 0
1700455178618 0.03796921461975018 0
1700455258570 0.038640072771922294 0
1700455338511 0.04029923183312688 0
1700455421871 0.04299410235696506 0
1700455501972 0.0447702111357852 0
1700455581852 0.04750598650522183 0
1700455661804 0.05018876253632066 0
1700455741822 0.052210308727205106 0
1700455821688 0.0535744107448993 0
1700455905400 0.056207973104684464 0
1700455985125 0.057864833372244566 0
1700456064834 0.061796248576801674 0
1700456144822 0.0644108826014662 0
1700456224597 0.0655065849037368 0
1700456304514 0.06781766914950751 0
1700456384726 0.07044808944889919 0
1700456464679 0.0727421340238245 0
1700456544627 0.07571650323472492 0
1700456627860 0.07967917335465782 0
1700456707880 0.08234674201728148 0
1700456823910 0.0853676192192216 0
1700456904621 0.09209564343635282 0
1700456988416 0.10010213956931713 0
1700457070767 0.11077296795622672 0
1700457151707 0.12639183886928262 0
1700457232389 0.14644490993084686 0
1700457312969 0.1704262203194317 0
1700457393554 0.19097288856234576 0
1700457474369 0.19663882286437434 0
1700457554784 0.1996877454414269 0
1700457635456 0.20582722938122527 0
1700457716189 0.2115980158198065 0
1700457796876 0.21724055560759312 0
1700457877654 0.22281024616616996 0
1700457958153 0.22807594963923636 0
1700458038601 0.23316748957559852 0
1700458120610 0.237290828802425 0
1700458201192 0.242563550954038 0
1700458281749 0.24684733661962915 0
1700458362374 0.25111916167130743 0
1700458442959 0.2555240225915464 0
1700458527009 0.2597746464563775 0
1700458612143 0.26288686885734913 0
1700458696370 0.2675326145374713 0
1700458778347 0.2713682229963609 0
1700458858684 0.27510757273342945 0
1700458939139 0.2785058466264003 0
1700459019571 0.28226437130122606 0
1700459100129 0.28573037614476493 0
1700459180539 0.28920598258626273 0
1700459260851 0.29235053494804264 0
1700459341176 0.2963024160096065 0
1700459421471 0.2992116330201144 0
1700459501690 0.3020039673296281 0
1700459582134 0.305176439062919 0
1700459662448 0.30761090183505124 0
1700459746036 0.3109086182142169 0
1700459826348 0.3136985759043323 0
1700459906791 0.31638440814042956 0
1700459987203 0.3191086487757727 0
1700460067606 0.32198472776561204 0
1700460147826 0.3246509128592793 0
1700460228177 0.32755853536833135 0
1700460308455 0.32990401365596395 0
1700460388788 0.33267646626487296 0
1700460468930 0.33497497701891965 0
1700460549225 0.33721304526600815 0
1700460629620 0.33934769636608775 0
1700460709964 0.34164288686347133 0
1700460790208 0.34436167058549394 0
1700460871003 0.3466987038523422 0
1700460954351 0.3491975618767615 0
1700461036173 0.3512419522426289 0
1700461116361 0.35318100390656626 0
1700461196503 0.3555551378220474 0
1700461276743 0.35739851291315544 0
1700461357105 0.35978994622749366 0
1700461437295 0.36215123549644196 0
1700461517575 0.3640334890296422 0
1700461597709 0.3661757065224524 0
1700461681488 0.36835257377031555 0
1700461761875 0.3699483150336409 0
1700461842021 0.3722216607375466 0
1700461924336 0.37347843084928284 0
1700462007842 0.3757208544046768 0
1700462088049 0.3776618600509327 0
1700462168237 0.3790808181070911 0
