1700451474973 6454698544.0 0
1700451547037 6454318360.0 0
1700451627077 6451979333.0 0
1700451710399 6451574720.0 0
1700451790416 6446422472.0 0
1700451870686 6442628764.0 0
1700451950710 6443717106.0 0
1700452030693 6444707192.0 0
1700452110934 6445770520.0 0
1700452190987 6446784564.0 0
1700452270883 6446098116.0 0
1700452354267 6443870995.0 0
1700452434293 6443331775.0 0
1700452514215 6444492318.0 0
1700452594235 6444014256.0 0
1700452674220 6443511678.0 0
1700452754003 6440904810.0 0
1700452833959 6440439006.0 0
1700452914185 6440120298.0 0
1700452994378 6439764816.0 0
1700453075478 6437157948.0 0
1700453159057 6434563338.0 0
1700453240355 6431870664.0 0
1700453320384 6431539698.0 0
1700453400412 6429092184.0 0
1700453480556 6424491348.0 0
1700453560484 6422092866.0 0
1700453640517 6421786416.0 0
1700453720702 6419498256.0 0
1700453800824 6416626783.0 0
1700453880916 6410275585.0 0
1700453964144 6401746016.0 0
1700454044244 6395321252.0 0
1700454124115 6391111642.0 0
1700454204197 6384834010.0 0
1700454287467 6376488356.0 0
1700454367345 6366013375.0 0
1700454447445 6353433589.0 0
1700454528409 6345014369.0 0
1700454608449 6338663171.0 0
1700454688444 6323954058.0 0
1700454775989 6309220423.0 0
1700454858386 6296665159.0 0
1700454938304 6277550260.0 0
1700455018545 6258435361.0 0
1700455098564 6251495635.0 0
1700455178618 6230116538.0 0
1700455258570 6225772057.0 0
1700455338510 6215027334.0 0
1700455421870 6197575338.0 0
1700455501972 6186073248.0 0
1700455581851 6168356352.0 0
1700455661803 6150982680.0 0
1700455741822 6137891136.0 0
1700455821687 6129057204.0 0
1700455905399 6112002240.0 0
1700455985125 6101272404.0 0
1700456064833 6075812538.0 0
1700456144821 6058880154.0 0
1700456224597 6051784380.0 0
1700456304514 6036817786.0 0
1700456384726 6019783170.0 0
1700456464678 6004926925.0 0
1700456544627 5985664894.0 0
1700456627859 5960002621.0 0
1700456707879 5942727432.0 0
1700456823909 5923164215.0 0
1700456904621 5879593494.0 0
1700456988416 5827743382.0 0
1700457070766 5758639040.0 0
1700457151706 5657491148.0 0
1700457232389 5527627352.0 0
1700457312968 5372324257.0 0
1700457393554 5239263923.0 0
1700457474368 5202571302.0 0
1700457554783 5182826463.0 0
1700457635456 5143067132.0 0
1700457716188 5105695488.0 0
1700457796876 5069154370.0 0
1700457877654 5033085024.0 0
1700457958152 4998984300.0 0
1700458038600 4966011460.0 0
1700458120610 4939308693.0 0
1700458201191 4905162516.0 0
1700458281748 4877420697.0 0
1700458362374 4849756335.0 0
1700458442958 4821230432.0 0
1700458527008 4793703369.0 0
1700458612143 4773548600.0 0
1700458696369 4743462726.0 0
1700458778347 4718623305.0 0
1700458858683 4694407256.0 0
1700458939138 4672400016.0 0
1700459019571 4648059790.0 0
1700459100128 4625613924.0 0
1700459180538 4603105878.0 0
1700459260851 4582741740.0 0
1700459341175 4557149337.0 0
1700459421470 4538309232.0 0
1700459501690 4520226060.0 0
1700459582133 4499681116.0 0
1700459662447 4483915522.0 0
1700459746036 4462559493.0 0
1700459826347 4444491712.0 0
1700459906791 4427098248.0 0
1700459987202 4409456051.0 0
1700460067606 4390830548.0 0
1700460147826 4373564319.0 0
1700460228176 4354734540.0 0
1700460308454 4339545210.0 0
1700460388788 4321590792.0 0
1700460468929 4306705624.0 0
1700460549224 4292211882.0 0
1700460629620 4278387870.0 0
1700460709963 4263524204.0 0
1700460790207 4245917346.0 0
1700460871002 4230782706.0 0
1700460954351 4214600088.0 0
1700461036173 4201360605.0 0
1700461116360 4188803296.0 0
1700461196502 4173428392.0 0
1700461276742 4161490685.0 0
1700461357104 4146003750.0 0
1700461437294 4130712028.0 0
1700461517574 4118522544.0 0
1700461597708 4104649532.0 0
1700461681487 4090552128.0 0
1700461761875 4080218099.0 0
1700461842021 4065495900.0 0
1700461924336 4057357050.0 0
1700462007841 4042835103.0 0
1700462088048 4030265140.0 0
1700462168237 4021075960.0 0
