1700451472569 0.0 0
1700451544590 0.006756756756756757 0
1700451624630 0.014264264264264264 0
1700451707946 0.02177177177177177 0
1700451788045 0.02927927927927928 0
1700451868266 0.03678678678678678 0
1700451948343 0.044294294294294295 0
1700452028265 0.0518018018018018 0
1700452108527 0.05930930930930931 0
1700452188556 0.06681681681681682 0
1700452268505 0.07432432432432433 0
1700452351889 0.08183183183183183 0
1700452431876 0.08933933933933934 0
1700452511740 0.09684684684684684 0
1700452591841 0.10435435435435435 0
1700452671828 0.11186186186186187 0
1700452751589 0.11936936936936937 0
1700452831565 0.12687687687687688 0
1700452911789 0.13438438438438438 0
1700452991969 0.14189189189189189 0
1700453073011 0.1493993993993994 0
1700453156569 0.1569069069069069 0
1700453237985 0.16441441441441443 0
1700453317911 0.17192192192192193 0
1700453398052 0.17942942942942944 0
1700453478193 0.18693693693693694 0
1700453558078 0.19444444444444445 0
1700453638150 0.20195195195195195 0
1700453718301 0.20945945945945946 0
1700453798437 0.21696696696696696 0
1700453878491 0.22447447447447447 0
1700453961740 0.23198198198198197 0
1700454041793 0.23948948948948948 0
1700454121746 0.246996996996997 0
1700454201789 0.2545045045045045 0
1700454285106 0.262012012012012 0
1700454364973 0.2695195195195195 0
1700454444948 0.27702702702702703 0
1700454525993 0.28453453453453453 0
1700454606065 0.29204204204204204 0
1700454686093 0.29954954954954954 0
1700454773477 0.30705705705705705 0
1700454856063 0.31456456456456455 0
1700454935945 0.32207207207207206 0
1700455016105 0.32957957957957956 0
1700455096112 0.33708708708708707 0
1700455176125 0.34459459459459457 0
1700455256197 0.3521021021021021 0
1700455336153 0.35960960960960964 0
1700455419461 0.36711711711711714 0
1700455499542 0.37462462462462465 0
1700455579450 0.38213213213213215 0
1700455659432 0.38963963963963966 0
1700455739390 0.39714714714714716 0
1700455819319 0.40465465465465467 0
1700455903024 0.41216216216216217 0
1700455982761 0.4196696696696697 0
1700456062476 0.4271771771771772 0
1700456142378 0.4346846846846847 0
1700456222242 0.4421921921921922 0
1700456302117 0.4496996996996997 0
1700456382313 0.4572072072072072 0
1700456462324 0.4647147147147147 0
1700456542203 0.4722222222222222 0
1700456625465 0.4797297297297297 0
1700456705489 0.4872372372372372 0
1700456821563 0.4947447447447447 0
1700456902177 0.5 0
1700456985941 0.5 0
1700457068400 0.5 0
1700457149308 0.5 0
1700457230004 0.5 0
1700457310507 0.5 0
1700457391045 0.5 0
1700457471992 0.5 0
1700457552391 0.5 0
1700457633088 0.5 0
1700457713745 0.5 0
1700457794443 0.5 0
1700457875271 0.5 0
1700457955829 0.5 0
1700458036229 0.5 0
1700458118213 0.5 0
1700458198741 0.5 0
1700458279353 0.5 0
1700458359988 0.5 0
1700458440545 0.5 0
1700458524563 0.5 0
1700458609639 0.5 0
1700458693907 0.5 0
1700458775957 0.5 0
1700458856333 0.5 0
1700458936766 0.5 0
1700459017125 0.5 0
1700459097753 0.5 0
1700459178161 0.5 0
1700459258435 0.5 0
1700459338747 0.5 0
1700459419102 0.5 0
1700459499317 0.5 0
1700459579700 0.5 0
1700459660067 0.5 0
1700459743711 0.5 0
1700459824022 0.5 0
1700459904361 0.5 0
1700459984811 0.5 0
1700460065239 0.5 0
1700460145465 0.5 0
1700460225760 0.5 0
1700460306078 0.5 0
1700460386413 0.5 0
1700460466544 0.5 0
1700460546825 0.5 0
1700460627246 0.5 0
1700460707492 0.5 0
1700460787837 0.5 0
1700460868384 0.5 0
1700460951933 0.5 0
1700461033822 0.5 0
1700461114013 0.5 0
1700461194133 0.5 0
1700461274345 0.5 0
1700461354750 0.5 0
1700461434909 0.5 0
1700461515189 0.5 0
1700461595337 0.5 0
1700461678942 0.5 0
1700461759503 0.5 0
1700461839643 0.5 0
1700461921698 0.5 0
1700462005360 0.5 0
1700462085681 0.5 0
1700462165817 0.5 0
