1700577698857 0.2171875 0
1700577732185 1.94892578125 0
1700577768521 2.1984375 0
1700577805748 2.91796875 0
1700577841948 2.224609375 0
1700577878380 2.4826171875 0
1700577914575 2.2732421875 0
1700577951036 2.219921875 0
1700577987773 2.20029296875 0
1700578024779 2.65 0
1700578060947 2.3076171875 0
1700578098192 2.8109375 0
1700578134185 2.2916015625 0
1700578170756 2.3203125 0
1700578206919 2.2646484375 0
1700578244395 2.359765625 0
1700578280477 2.3228515625 0
1700578316623 2.313671875 0
1700578352700 2.349609375 0
1700578389013 2.4361328125 0
1700578424945 2.4607421875 0
1700578460966 2.383984375 0
1700578496851 2.3291015625 0
1700578532895 2.4568359375 0
1700578569076 2.4267578125 0
1700578605261 2.3873046875 0
1700578641284 2.2884765625 0
1700578677395 2.3849609375 0
1700578713508 2.3296875 0
1700578750358 2.3861328125 0
1700578786553 2.30703125 0
1700578822645 2.69375 0
1700578858852 2.293359375 0
1700578895008 2.3310546875 0
1700578931582 2.319921875 0
1700578967571 2.333984375 0
1700579006018 2.8609375 0
1700579044659 2.3228515625 0
1700579084152 2.3369140625 0
1700579124440 2.3197265625 0
1700579161297 2.42265625 0
1700579197313 2.7861328125 0
1700579233468 2.4302734375 0
1700579269764 2.4400390625 0
1700579306012 2.41328125 0
1700579342230 2.4009765625 0
1700579378369 2.47421875 0
1700579414501 2.4947265625 0
1700579450700 2.5095703125 0
1700579486769 2.5779296875 0
1700579522953 2.810546875 0
1700579558964 2.541015625 0
1700579595184 2.6283203125 0
1700579631192 2.64453125 0
1700579667272 2.629296875 0
1700579703144 2.6041015625 0
1700579739262 2.6857421875 0
1700579775388 2.6939453125 0
1700579811466 2.7115234375 0
1700579847828 2.6259765625 0
1700579884153 2.71796875 0
1700579920141 2.6607421875 0
1700579956049 2.6359375 0
1700579992004 2.6791015625 0
1700580028056 3.1091796875 0
1700580064210 2.654296875 0
1700580100327 2.6681640625 0
1700580136431 2.7529296875 0
1700580172208 2.6806640625 0
1700580208296 2.996484375 0
1700580244432 2.7630859375 0
1700580280411 2.745703125 0
1700580316257 2.739453125 0
1700580352434 2.696875 0
1700580388316 2.7548828125 0
1700580424429 2.708203125 0
1700580460341 2.762109375 0
1700580496260 2.748828125 0
1700580532105 2.7068359375 0
1700580568174 2.7884765625 0
1700580604453 2.8537109375 0
1700580640557 2.78203125 0
1700580676535 2.804296875 0
1700580712586 2.86953125 0
1700580748528 2.89609375 0
1700580784648 2.9025390625 0
1700580820653 2.8853515625 0
1700580856509 3.0359375 0
1700580892641 2.91015625 0
1700580928601 2.9427734375 0
1700580964776 2.977734375 0
1700581000901 2.914453125 0
1700581036736 2.9259765625 0
1700581074910 2.979296875 0
1700581114312 3.053515625 0
1700581153970 3.0548828125 0
1700581193716 3.048828125 0
1700581229632 3.1904296875 0
1700581265825 3.007421875 0
1700581301991 3.041015625 0
1700581337892 3.0666015625 0
1700581373867 3.0982421875 0
1700581410028 3.1828125 0
1700581446040 3.1349609375 0
1700581482108 3.183984375 0
1700581518182 3.21171875 0
1700581554091 3.2 0
1700581590160 3.449609375 0
1700581626186 3.23046875 0
1700581661999 3.2681640625 0
1700581698352 3.2892578125 0
1700581734296 3.25078125 0
1700581770247 3.319921875 0
1700581806175 3.355078125 0
1700581842124 3.3294921875 0
1700581878183 3.3916015625 0
1700581914044 3.34296875 0
1700581950021 3.3544921875 0
1700581985828 3.273046875 0
1700582021683 3.3345703125 0
1700582057760 3.3705078125 0
1700582094004 3.3125 0
1700582129860 3.5587890625 0
1700582165844 3.3189453125 0
1700582201772 3.4134765625 0
1700582237723 3.37578125 0
1700582273576 3.3662109375 0
1700582309372 3.3859375 0
1700582345458 3.4373046875 0
1700582381580 3.4607421875 0
1700582417725 3.471875 0
1700582453672 3.42890625 0
1700582489732 3.4923828125 0
1700582525641 3.4810546875 0
1700582601588 3.5228515625 0
1700582637876 3.4892578125 0
1700582674488 3.5806640625 0
1700582710908 3.584765625 0
1700582747202 3.6787109375 0
1700582783540 3.5603515625 0
1700582819823 3.5830078125 0
1700582855980 3.578515625 0
1700582892081 3.6619140625 0
1700582928166 3.722265625 0
1700582964501 3.6146484375 0
1700583001272 3.658203125 0
1700583041023 3.640625 0
1700583081359 3.6025390625 0
1700583121743 3.7158203125 0
1700583159519 3.6275390625 0
1700583195809 3.5896484375 0
1700583231958 3.7083984375 0
1700583268269 3.72265625 0
1700583304488 3.73671875 0
1700583340657 3.7033203125 0
1700583376861 3.7 0
1700583413120 3.717578125 0
1700583449464 3.7373046875 0
1700583485807 3.7330078125 0
1700583521944 3.8173828125 0
1700583558188 3.630078125 0
1700583594468 3.70078125 0
1700583630712 3.695703125 0
1700583666765 3.7650390625 0
1700583702970 3.677734375 0
1700583738980 3.7130859375 0
1700583775280 3.72578125 0
1700583811390 3.7046875 0
1700583847782 3.769921875 0
1700583883909 3.7638671875 0
1700583919983 3.693359375 0
1700583956371 3.7236328125 0
1700583992476 3.6626953125 0
1700584028637 3.8921875 0
1700584064904 3.74453125 0
1700584101232 3.6994140625 0
1700584137505 3.7478515625 0
1700584173672 3.8091796875 0
1700584209976 3.6802734375 0
1700584246206 3.723828125 0
1700584282357 3.7568359375 0
1700584318515 3.7064453125 0
1700584354800 3.79296875 0
1700584391204 3.7677734375 0
1700584427388 3.787109375 0
1700584463513 3.8544921875 0
1700584499610 3.743359375 0
1700584535767 3.7673828125 0
1700584571970 3.7251953125 0
1700584608225 3.8205078125 0
1700584644334 3.7564453125 0
1700584680597 3.7396484375 0
1700584716917 3.733203125 0
1700584753112 3.7728515625 0
1700584789262 3.73203125 0
1700584825409 3.79375 0
1700584861314 3.810546875 0
1700584897491 3.82421875 0
1700584933750 3.7970703125 0
1700584969842 3.775 0
1700585006051 3.79765625 0
1700585042458 3.8322265625 0
1700585078540 3.7560546875 0
1700585117911 3.8154296875 0
1700585157261 3.819140625 0
1700585197448 3.772265625 0
1700585236812 3.7529296875 0
1700585273104 3.7630859375 0
1700585309260 3.746484375 0
1700585345447 3.7943359375 0
1700585381824 3.819921875 0
1700585418124 3.803125 0
1700585454242 3.83828125 0
1700585490228 3.721875 0
1700585526509 3.8142578125 0
1700585562664 3.8244140625 0
1700585598841 3.846875 0
1700585635053 3.7701171875 0
1700585671347 3.7515625 0
1700585707700 3.7818359375 0
1700585743808 3.7474609375 0
1700585780048 3.7908203125 0
1700585816157 3.8376953125 0
1700585852338 3.7646484375 0
1700585888648 3.7984375 0
1700585924805 3.8119140625 0
1700585961037 3.791796875 0
1700585997069 3.8181640625 0
1700586033297 3.8501953125 0
1700586069480 3.833203125 0
1700586108207 3.9322265625 0
1700586147348 3.744140625 0
1700586187317 3.759375 0
1700586227329 3.7998046875 0
1700586263786 3.7947265625 0
1700586300272 3.79140625 0
1700586336558 3.771484375 0
1700586372625 3.787109375 0
1700586408850 3.8412109375 0
1700586444996 3.8462890625 0
1700586481014 3.8818359375 0
1700586517157 3.6916015625 0
1700586553412 3.805078125 0
1700586589645 3.75703125 0
1700586625824 3.824609375 0
1700586661892 3.8443359375 0
1700586698098 3.813671875 0
1700586734456 3.79140625 0
1700586770656 3.7419921875 0
1700586806752 3.7783203125 0
1700586842888 3.8044921875 0
1700586879001 3.8123046875 0
1700586915372 3.79140625 0
1700586951697 3.7150390625 0
1700586987924 3.8330078125 0
1700587024068 3.7396484375 0
1700587060067 3.77578125 0
1700587096300 3.70625 0
1700587132512 3.7509765625 0
1700587168688 3.79609375 0
1700587204896 3.8302734375 0
1700587241080 3.723828125 0
1700587277244 3.8673828125 0
1700587313246 3.8447265625 0
1700587349500 3.8111328125 0
1700587385587 3.744921875 0
1700587421686 3.8205078125 0
