1700577698860 0.0013113617897033691 0
1700577732188 0.004063606262207031 0
1700577768526 0.004221558570861816 0
1700577805751 0.004364728927612305 0
1700577841952 0.0048812031745910645 0
1700577878384 0.005184352397918701 0
1700577914578 0.006192922592163086 0
1700577951040 0.007067322731018066 0
1700577987776 0.008556604385375977 0
1700578024782 0.012924611568450928 0
1700578060950 0.021356284618377686 0
1700578098196 0.03105229139328003 0
1700578134188 0.04057145118713379 0
1700578170759 0.05215895175933838 0
1700578206922 0.06311321258544922 0
1700578244398 0.07369798421859741 0
1700578280481 0.08402597904205322 0
1700578316626 0.0932580828666687 0
1700578352704 0.10034525394439697 0
1700578389017 0.1040223240852356 0
1700578424949 0.10567480325698853 0
1700578460970 0.10653340816497803 0
1700578496854 0.10627436637878418 0
1700578532898 0.10557436943054199 0
1700578569080 0.10404586791992188 0
1700578605265 0.10207784175872803 0
1700578641288 0.0990636944770813 0
1700578677398 0.09294873476028442 0
1700578713511 0.0835498571395874 0
1700578750362 0.07387340068817139 0
1700578786556 0.070010244846344 0
1700578822649 0.07420152425765991 0
1700578858856 0.0828431248664856 0
1700578895012 0.0899878740310669 0
1700578931585 0.0939399003982544 0
1700578967574 0.0965985655784607 0
1700579006021 0.09910380840301514 0
1700579044665 0.10263478755950928 0
1700579084156 0.10613679885864258 0
1700579124444 0.1100989580154419 0
1700579161300 0.11522597074508667 0
1700579197316 0.12085145711898804 0
1700579233471 0.1274237036705017 0
1700579269768 0.13420897722244263 0
1700579306015 0.14113891124725342 0
1700579342233 0.14913499355316162 0
1700579378372 0.1569574475288391 0
1700579414505 0.16344541311264038 0
1700579450704 0.17022299766540527 0
1700579486772 0.1765991449356079 0
1700579522956 0.18198204040527344 0
1700579558968 0.1879482865333557 0
1700579595188 0.19357293844223022 0
1700579631195 0.199612557888031 0
1700579667275 0.2035333514213562 0
1700579703148 0.20720922946929932 0
1700579739265 0.21104389429092407 0
1700579775392 0.21429097652435303 0
1700579811469 0.21692079305648804 0
1700579847831 0.21943598985671997 0
1700579884156 0.2218918800354004 0
1700579920145 0.2247733473777771 0
1700579956053 0.2267255187034607 0
1700579992008 0.22873777151107788 0
1700580028060 0.2311394214630127 0
1700580064213 0.23349380493164062 0
1700580100331 0.2355862259864807 0
1700580136434 0.23708170652389526 0
1700580172211 0.23938661813735962 0
1700580208300 0.24167519807815552 0
1700580244436 0.24393880367279053 0
1700580280414 0.24664431810379028 0
1700580316261 0.24834614992141724 0
1700580352437 0.25029855966567993 0
1700580388320 0.252564013004303 0
1700580424432 0.2549106478691101 0
1700580460344 0.2576594352722168 0
1700580496264 0.2611677050590515 0
1700580532109 0.26424944400787354 0
1700580568177 0.2670416831970215 0
1700580604457 0.2705141305923462 0
1700580640560 0.2736325263977051 0
1700580676539 0.2767421007156372 0
1700580712589 0.27953577041625977 0
1700580748531 0.2828267812728882 0
1700580784652 0.28668075799942017 0
1700580820657 0.29008346796035767 0
1700580856512 0.2933186888694763 0
1700580892644 0.2967127561569214 0
1700580928604 0.2994036078453064 0
1700580964780 0.30237877368927 0
1700581000904 0.3053399920463562 0
1700581036740 0.3080677390098572 0
1700581074914 0.3108905553817749 0
1700581114315 0.31367355585098267 0
1700581153973 0.3163015842437744 0
1700581193720 0.3193301558494568 0
1700581229635 0.32273364067077637 0
1700581265829 0.3257191777229309 0
1700581301994 0.32826370000839233 0
1700581337896 0.3314902186393738 0
1700581373871 0.33461993932724 0
1700581410032 0.3371018171310425 0
1700581446044 0.3398019075393677 0
1700581482112 0.3423309922218323 0
1700581518185 0.34533214569091797 0
1700581554094 0.34853965044021606 0
1700581590163 0.35175949335098267 0
1700581626189 0.3552790880203247 0
1700581662002 0.35834211111068726 0
1700581698355 0.3611740469932556 0
1700581734300 0.36325663328170776 0
1700581770251 0.365071177482605 0
1700581806179 0.3672468066215515 0
1700581842128 0.3698928952217102 0
1700581878186 0.37211471796035767 0
1700581914047 0.3744906783103943 0
1700581950024 0.37656301259994507 0
1700581985831 0.37828201055526733 0
1700582021686 0.38014495372772217 0
1700582057763 0.3825032711029053 0
1700582094007 0.3847702741622925 0
1700582129864 0.38684242963790894 0
1700582165848 0.3895370364189148 0
1700582201776 0.3923031687736511 0
1700582237727 0.39514708518981934 0
1700582273580 0.3971351385116577 0
1700582309375 0.3998413681983948 0
1700582345462 0.4020600914955139 0
1700582381583 0.4043501019477844 0
1700582417728 0.4064822793006897 0
1700582453676 0.40850555896759033 0
1700582489736 0.41042518615722656 0
1700582525644 0.41229134798049927 0
1700582601591 0.4147963523864746 0
1700582637880 0.4174003601074219 0
1700582674491 0.42000818252563477 0
1700582710911 0.4222991466522217 0
1700582747205 0.42457807064056396 0
1700582783543 0.42666125297546387 0
1700582819826 0.42873120307922363 0
1700582855983 0.43045687675476074 0
1700582892085 0.4323347210884094 0
1700582928169 0.4339672923088074 0
1700582964504 0.435527503490448 0
1700583001275 0.4370604157447815 0
1700583041026 0.4387059211730957 0
1700583081362 0.44037753343582153 0
1700583121746 0.4419440031051636 0
1700583159523 0.4436049461364746 0
1700583195812 0.44526147842407227 0
1700583231962 0.44680434465408325 0
1700583268272 0.44867002964019775 0
1700583304492 0.4504663944244385 0
1700583340661 0.45202386379241943 0
1700583376865 0.4535382390022278 0
1700583413124 0.4551814794540405 0
1700583449467 0.4567323923110962 0
1700583485811 0.4581226706504822 0
1700583521947 0.45969855785369873 0
1700583558191 0.46139800548553467 0
1700583594471 0.46309012174606323 0
1700583630716 0.46459776163101196 0
1700583666769 0.4659608006477356 0
1700583702973 0.4672166705131531 0
1700583738984 0.46852385997772217 0
1700583775283 0.4696168303489685 0
1700583811393 0.4706622362136841 0
1700583847785 0.47173774242401123 0
1700583883912 0.4727197289466858 0
1700583919987 0.4737215042114258 0
1700583956374 0.47468996047973633 0
1700583992480 0.47584211826324463 0
1700584028640 0.4768725037574768 0
1700584064907 0.47793418169021606 0
1700584101236 0.47891032695770264 0
1700584137508 0.4798714518547058 0
1700584173675 0.4809587001800537 0
1700584209980 0.4821491837501526 0
1700584246210 0.4830892086029053 0
1700584282360 0.4838859438896179 0
1700584318519 0.4850194454193115 0
1700584354804 0.4859411120414734 0
1700584391208 0.48689454793930054 0
1700584427392 0.48792028427124023 0
1700584463517 0.4887853264808655 0
1700584499614 0.489493191242218 0
1700584535771 0.4901908040046692 0
1700584571974 0.49088233709335327 0
1700584608228 0.4915274381637573 0
1700584644338 0.4921611547470093 0
1700584680600 0.49273747205734253 0
1700584716920 0.4933101534843445 0
1700584753115 0.4941731095314026 0
1700584789266 0.49505114555358887 0
1700584825412 0.4958244562149048 0
1700584861317 0.4964900612831116 0
1700584897495 0.4972553253173828 0
1700584933753 0.49814486503601074 0
1700584969845 0.49892622232437134 0
1700585006055 0.49958354234695435 0
1700585042461 0.500308632850647 0
1700585078543 0.5010160803794861 0
1700585117915 0.5016385316848755 0
1700585157264 0.5022014379501343 0
1700585197452 0.502832293510437 0
1700585236815 0.5034067630767822 0
1700585273107 0.5039525032043457 0
1700585309262 0.5045948028564453 0
1700585345450 0.50504469871521 0
1700585381827 0.505539059638977 0
1700585418127 0.5058807134628296 0
1700585454245 0.5061781406402588 0
1700585490232 0.5065912008285522 0
1700585526512 0.5069661140441895 0
1700585562667 0.5073211193084717 0
1700585598844 0.5079106092453003 0
1700585635056 0.5084047317504883 0
1700585671350 0.5089809894561768 0
1700585707703 0.5094397068023682 0
1700585743812 0.5097930431365967 0
1700585780051 0.5101133584976196 0
1700585816161 0.5105489492416382 0
1700585852342 0.5109121799468994 0
1700585888652 0.5112168192863464 0
1700585924809 0.5116355419158936 0
1700585961040 0.5120463371276855 0
1700585997073 0.5124386548995972 0
1700586033300 0.5128780603408813 0
1700586069484 0.513266384601593 0
1700586108211 0.5136746168136597 0
1700586147351 0.514132559299469 0
1700586187321 0.5146996974945068 0
1700586227333 0.514947235584259 0
1700586263789 0.5151817798614502 0
1700586300276 0.515476405620575 0
1700586336561 0.5157718062400818 0
1700586372628 0.5160526037216187 0
1700586408854 0.5164164900779724 0
1700586445000 0.5167458057403564 0
1700586481018 0.5171397924423218 0
1700586517160 0.5176824927330017 0
1700586553416 0.5181655883789062 0
1700586589648 0.5185239315032959 0
1700586625827 0.5188776254653931 0
1700586661896 0.5191830396652222 0
1700586698101 0.5194272994995117 0
1700586734459 0.5196237564086914 0
1700586770659 0.5198706388473511 0
1700586806755 0.5201205611228943 0
1700586842891 0.5204446315765381 0
1700586879005 0.5207023024559021 0
1700586915376 0.52097487449646 0
1700586951700 0.5212838649749756 0
1700586987927 0.5216330289840698 0
1700587024072 0.5219533443450928 0
1700587060070 0.5222421884536743 0
1700587096304 0.5224761962890625 0
1700587132515 0.5226804614067078 0
1700587168692 0.5228959321975708 0
1700587204900 0.5231514573097229 0
1700587241084 0.5235140323638916 0
1700587277247 0.5238786935806274 0
1700587313249 0.5242677330970764 0
1700587349503 0.5245035886764526 0
1700587385591 0.5247241258621216 0
1700587421689 0.5249499082565308 0
