1700577701271 4088.0 0
1700577734607 4088.0 0
1700577770938 4087.0 0
1700577808156 4087.0 0
1700577844381 4087.0 0
1700577880792 4086.0 0
1700577917017 4083.0 0
1700577953444 4082.0 0
1700577990191 4082.0 0
1700578027177 4082.0 0
1700578063351 4080.0 0
1700578100632 4078.0 0
1700578136607 4076.0 0
1700578173124 4074.0 0
1700578209302 4072.0 0
1700578246798 4071.0 0
1700578282877 4071.0 0
1700578319022 4071.0 0
1700578355086 4072.0 0
1700578391448 4072.0 0
1700578427329 4073.0 0
1700578463361 4073.0 0
1700578499264 4073.0 0
1700578535301 4075.0 0
1700578571489 4076.0 0
1700578607679 4077.0 0
1700578643687 4078.0 0
1700578679849 4080.0 0
1700578715898 4081.0 0
1700578752764 4082.0 0
1700578788969 4082.0 0
1700578825076 4082.0 0
1700578861256 4082.0 0
1700578897417 4082.0 0
1700578933975 4082.0 0
1700578969977 4082.0 0
1700579008566 4082.0 0
1700579047202 4081.0 0
1700579086721 4081.0 0
1700579126916 4080.0 0
1700579163752 4080.0 0
1700579199687 4079.0 0
1700579235898 4078.0 0
1700579272204 4077.0 0
1700579308425 4076.0 0
1700579344736 4076.0 0
1700579380894 4074.0 0
1700579416979 4072.0 0
1700579453197 4069.0 0
1700579489215 4066.0 0
1700579525379 4062.0 0
1700579561388 4058.0 0
1700579597577 4055.0 0
1700579633603 4053.0 0
1700579669707 4051.0 0
1700579705572 4048.0 0
1700579741715 4046.0 0
1700579777772 4045.0 0
1700579813864 4043.0 0
1700579850232 4042.0 0
1700579886564 4041.0 0
1700579922506 4040.0 0
1700579958489 4040.0 0
1700579994435 4039.0 0
1700580030450 4039.0 0
1700580066628 4037.0 0
1700580102737 4036.0 0
1700580138822 4036.0 0
1700580174607 4035.0 0
1700580210695 4034.0 0
1700580246834 4033.0 0
1700580282814 4032.0 0
1700580318686 4032.0 0
1700580354866 4031.0 0
1700580390701 4030.0 0
1700580426856 4028.0 0
1700580462762 4025.0 0
1700580498662 4023.0 0
1700580534492 4021.0 0
1700580570550 4019.0 0
1700580606851 4016.0 0
1700580642980 4013.0 0
1700580678922 4011.0 0
1700580714974 4009.0 0
1700580750913 4007.0 0
1700580787031 4004.0 0
1700580823131 4001.0 0
1700580858928 3998.0 0
1700580895043 3994.0 0
1700580930982 3991.0 0
1700580967182 3988.0 0
1700581003313 3985.0 0
1700581039136 3980.0 0
1700581077444 3976.0 0
1700581116833 3972.0 0
1700581156497 3967.0 0
1700581196119 3962.0 0
1700581232032 3958.0 0
1700581268304 3953.0 0
1700581304493 3948.0 0
1700581340387 3943.0 0
1700581376286 3938.0 0
1700581412449 3933.0 0
1700581448454 3929.0 0
1700581484534 3923.0 0
1700581520600 3917.0 0
1700581556485 3909.0 0
1700581592549 3903.0 0
1700581628569 3897.0 0
1700581664409 3891.0 0
1700581700755 3886.0 0
1700581736647 3882.0 0
1700581772592 3879.0 0
1700581808539 3875.0 0
1700581844534 3870.0 0
1700581880573 3864.0 0
1700581916430 3858.0 0
1700581952422 3853.0 0
1700581988189 3847.0 0
1700582024059 3841.0 0
1700582060195 3835.0 0
1700582096380 3829.0 0
1700582132229 3822.0 0
1700582168231 3814.0 0
1700582204182 3808.0 0
1700582240084 3803.0 0
1700582275978 3798.0 0
1700582311783 3791.0 0
1700582347840 3783.0 0
1700582383993 3775.0 0
1700582420123 3769.0 0
1700582456095 3763.0 0
1700582492107 3757.0 0
1700582528026 3751.0 0
1700582603980 3745.0 0
1700582640304 3739.0 0
1700582676847 3732.0 0
1700582713268 3726.0 0
1700582749572 3721.0 0
1700582785936 3717.0 0
1700582822246 3713.0 0
1700582858354 3710.0 0
1700582894447 3705.0 0
1700582930567 3701.0 0
1700582966972 3698.0 0
1700583003787 3694.0 0
1700583043560 3689.0 0
1700583083830 3685.0 0
1700583124268 3680.0 0
1700583161897 3674.0 0
1700583198187 3670.0 0
1700583234359 3666.0 0
1700583270683 3661.0 0
1700583306877 3655.0 0
1700583343084 3650.0 0
1700583379242 3645.0 0
1700583415539 3641.0 0
1700583451836 3638.0 0
1700583488219 3635.0 0
1700583524333 3630.0 0
1700583560589 3624.0 0
1700583596846 3618.0 0
1700583633109 3612.0 0
1700583669130 3607.0 0
1700583705364 3602.0 0
1700583741335 3597.0 0
1700583777665 3593.0 0
1700583813750 3590.0 0
1700583850150 3586.0 0
1700583886283 3583.0 0
1700583922364 3579.0 0
1700583958742 3576.0 0
1700583994870 3572.0 0
1700584031032 3568.0 0
1700584067297 3564.0 0
1700584103634 3561.0 0
1700584139893 3559.0 0
1700584176126 3555.0 0
1700584212357 3552.0 0
1700584248678 3549.0 0
1700584284751 3546.0 0
1700584320916 3543.0 0
1700584357177 3540.0 0
1700584393594 3537.0 0
1700584429793 3535.0 0
1700584465914 3532.0 0
1700584501976 3530.0 0
1700584538168 3528.0 0
1700584574419 3526.0 0
1700584610683 3524.0 0
1700584646791 3523.0 0
1700584683088 3522.0 0
1700584719307 3521.0 0
1700584755474 3519.0 0
1700584791666 3516.0 0
1700584827783 3514.0 0
1700584863729 3513.0 0
1700584899934 3510.0 0
1700584936182 3509.0 0
1700584972260 3507.0 0
1700585008464 3505.0 0
1700585044845 3503.0 0
1700585081045 3501.0 0
1700585120484 3499.0 0
1700585159795 3498.0 0
1700585200032 3497.0 0
1700585239212 3495.0 0
1700585275509 3494.0 0
1700585311624 3493.0 0
1700585347833 3492.0 0
1700585384239 3491.0 0
1700585420568 3491.0 0
1700585456626 3490.0 0
1700585492629 3489.0 0
1700585528942 3488.0 0
1700585565063 3488.0 0
1700585601260 3487.0 0
1700585637463 3486.0 0
1700585673770 3485.0 0
1700585710120 3483.0 0
1700585746255 3483.0 0
1700585782439 3482.0 0
1700585818572 3481.0 0
1700585854762 3481.0 0
1700585891033 3480.0 0
1700585927212 3480.0 0
1700585963443 3479.0 0
1700585999486 3478.0 0
1700586035680 3478.0 0
1700586071866 3477.0 0
1700586110745 3476.0 0
1700586149969 3476.0 0
1700586189889 3475.0 0
1700586229749 3474.0 0
1700586266183 3474.0 0
1700586302728 3473.0 0
1700586338913 3472.0 0
1700586375038 3472.0 0
1700586411254 3472.0 0
1700586447402 3471.0 0
1700586483436 3471.0 0
1700586519546 3470.0 0
1700586555817 3469.0 0
1700586591997 3469.0 0
1700586628216 3468.0 0
1700586664296 3468.0 0
1700586700573 3468.0 0
1700586736869 3468.0 0
1700586773035 3467.0 0
1700586809093 3467.0 0
1700586845292 3467.0 0
1700586881409 3467.0 0
1700586917768 3467.0 0
1700586954126 3466.0 0
1700586990344 3466.0 0
1700587026434 3465.0 0
1700587062429 3465.0 0
1700587098659 3464.0 0
1700587134903 3464.0 0
1700587171089 3464.0 0
1700587207330 3464.0 0
1700587243477 3464.0 0
1700587279620 3463.0 0
1700587315599 3463.0 0
1700587351926 3463.0 0
1700587388000 3463.0 0
1700587424083 3462.0 0
