1700577698858 0.0 0
1700577732186 0.0007136216852813959 0
1700577768522 -0.0015819102991372347 0
1700577805749 -0.0038554126396775244 0
1700577841948 0.002608707547187805 0
1700577878381 0.01977035142481327 0
1700577914575 0.04677209556102753 0
1700577951037 0.08282082676887512 0
1700577987773 0.12776998281478882 0
1700578024779 0.16583714485168458 0
1700578060948 0.17009429931640624 0
1700578098193 0.1317307949066162 0
1700578134185 0.07939867973327637 0
1700578170756 -0.0014226913452148437 0
1700578206919 -0.09302587509155273 0
1700578244395 -0.1715991497039795 0
1700578280478 -0.22851893901824952 0
1700578316623 -0.25305330753326416 0
1700578352701 -0.23668789863586426 0
1700578389014 -0.186157751083374 0
1700578424946 -0.12017951011657715 0
1700578460967 -0.06144695281982422 0
1700578496851 -0.015758180618286134 0
1700578532895 0.014199161529541015 0
1700578569077 0.02786288261413574 0
1700578605262 0.027690744400024413 0
1700578641285 0.014618158340454102 0
1700578677395 -0.010429668426513671 0
1700578713509 -0.03986382484436035 0
1700578750359 -0.04625735282897949 0
1700578786553 -0.0006989479064941406 0
1700578822646 0.07713785171508789 0
1700578858853 0.14019336700439453 0
1700578895009 0.18203558921813964 0
1700578931582 0.2267022907733917 0
1700578967572 0.28361563086509706 0
1700579006019 0.34913899898529055 0
1700579044662 0.4096398830413818 0
1700579084153 0.46579856872558595 0
1700579124441 0.5216285705566406 0
1700579161298 0.5594438552856446 0
1700579197313 0.5759313583374024 0
1700579233468 0.5751155853271485 0
1700579269765 0.5477993011474609 0
1700579306012 0.5156448364257813 0
1700579342230 0.45686492919921873 0
1700579378369 0.3764781951904297 0
1700579414502 0.3135967254638672 0
1700579450701 0.2552467346191406 0
1700579486770 0.18917427062988282 0
1700579522954 0.14761123657226563 0
1700579558965 0.10327911376953125 0
1700579595185 0.053263092041015626 0
1700579631192 -0.0014068603515625 0
1700579667272 -0.02857818603515625 0
1700579703145 -0.023177337646484376 0
1700579739262 -0.02121429443359375 0
1700579775389 -0.01939239501953125 0
1700579811467 0.000443267822265625 0
1700579847829 0.030323028564453125 0
1700579884153 0.061785888671875 0
1700579920142 0.083245849609375 0
1700579956050 0.1202117919921875 0
1700579992005 0.16704864501953126 0
1700580028057 0.20441436767578125 0
1700580064210 0.24218215942382812 0
1700580100328 0.2885093688964844 0
1700580136431 0.3498016357421875 0
1700580172209 0.40984268188476564 0
1700580208297 0.46181488037109375 0
1700580244433 0.5176124572753906 0
1700580280411 0.5699928283691407 0
1700580316258 0.6389320373535157 0
1700580352435 0.7266860961914062 0
1700580388317 0.8022903442382813 0
1700580424429 0.8878761291503906 0
1700580460341 0.9631698608398438 0
1700580496261 1.0165878295898438 0
1700580532105 1.072430419921875 0
1700580568175 1.147247314453125 0
1700580604454 1.21214599609375 0
1700580640558 1.2740997314453124 0
1700580676536 1.3435440063476562 0
1700580712586 1.4202133178710938 0
1700580748529 1.5116485595703124 0
1700580784649 1.5561798095703125 0
1700580820654 1.6216796875 0
1700580856509 1.6865234375 0
1700580892642 1.7677825927734374 0
1700580928602 1.8486480712890625 0
1700580964777 1.963983154296875 0
1700581000901 2.052166748046875 0
1700581036737 2.1673583984375 0
1700581074911 2.285284423828125 0
1700581114312 2.406707763671875 0
1700581153971 2.5512054443359373 0
1700581193717 2.6771453857421874 0
1700581229632 2.7760101318359376 0
1700581265826 2.891229248046875 0
1700581301992 3.03521728515625 0
1700581337893 3.177496337890625 0
1700581373868 3.287066650390625 0
1700581410029 3.451031494140625 0
1700581446041 3.618438720703125 0
1700581482109 3.803399658203125 0
1700581518183 3.98214111328125 0
1700581554092 4.112542724609375 0
1700581590160 4.2576904296875 0
1700581626187 4.36729736328125 0
1700581662000 4.50802001953125 0
1700581698352 4.676019287109375 0
1700581734297 4.902899169921875 0
1700581770248 5.18153076171875 0
1700581806176 5.4568115234375 0
1700581842125 5.71905517578125 0
1700581878184 5.95380859375 0
1700581914044 6.22445068359375 0
1700581950021 6.51400146484375 0
1700581985828 6.86776123046875 0
1700582021683 7.2241455078125 0
1700582057760 7.54661865234375 0
1700582094004 7.863037109375 0
1700582129861 8.1968994140625 0
1700582165845 8.52567138671875 0
1700582201773 8.80457763671875 0
1700582237724 9.04366455078125 0
1700582273577 9.421240234375 0
1700582309372 9.757666015625 0
1700582345459 10.1087158203125 0
1700582381581 10.4896728515625 0
1700582417725 10.8636962890625 0
1700582453673 11.3 0
1700582489733 11.7401123046875 0
1700582525641 12.2177001953125 0
1700582601589 12.4240478515625 0
1700582637877 12.1751953125 0
1700582674488 11.9195556640625 0
1700582710908 11.67216796875 0
1700582747203 11.445654296875 0
1700582783541 11.2232421875 0
1700582819824 10.9996826171875 0
1700582855981 10.8016845703125 0
1700582892082 10.60556640625 0
1700582928167 10.4031982421875 0
1700582964501 10.2335693359375 0
1700583001273 10.052783203125 0
1700583041024 9.864697265625 0
1700583081359 9.667578125 0
1700583121743 9.457177734375 0
1700583159520 9.23408203125 0
1700583195809 9.0216796875 0
1700583231959 8.810107421875 0
1700583268269 8.574365234375 0
1700583304489 8.313525390625 0
1700583340658 8.06064453125 0
1700583376862 7.84296875 0
1700583413121 7.61376953125 0
1700583449464 7.361083984375 0
1700583485808 7.137939453125 0
1700583521945 6.92451171875 0
1700583558189 6.654833984375 0
1700583594468 6.382861328125 0
1700583630713 6.135302734375 0
1700583666766 5.915380859375 0
1700583702970 5.7001953125 0
1700583738981 5.496142578125 0
1700583775281 5.307568359375 0
1700583811391 5.13056640625 0
1700583847783 4.948828125 0
1700583883909 4.798876953125 0
1700583919984 4.63154296875 0
1700583956371 4.469677734375 0
1700583992477 4.28232421875 0
1700584028637 4.10283203125 0
1700584064904 3.9306640625 0
1700584101233 3.7681640625 0
1700584137506 3.6083984375 0
1700584173673 3.426123046875 0
1700584209977 3.23466796875 0
1700584246207 3.04306640625 0
1700584282358 2.897607421875 0
1700584318516 2.722314453125 0
1700584354801 2.547802734375 0
1700584391205 2.382177734375 0
1700584427389 2.20947265625 0
1700584463514 2.0453125 0
1700584499611 1.90703125 0
1700584535768 1.774658203125 0
1700584571971 1.664306640625 0
1700584608226 1.544775390625 0
1700584644335 1.438671875 0
1700584680597 1.330029296875 0
1700584716918 1.232763671875 0
1700584753113 1.104443359375 0
1700584789263 0.9447265625 0
1700584825409 0.7953125 0
1700584861315 0.67138671875 0
1700584897492 0.550439453125 0
1700584933751 0.3982421875 0
1700584969843 0.2537109375 0
1700585006052 0.124755859375 0
1700585042458 0.004296875 0
1700585078540 -0.122412109375 0
1700585117912 -0.23701171875 0
1700585157261 -0.34501953125 0
1700585197449 -0.456689453125 0
1700585236813 -0.54365234375 0
1700585273105 -0.65009765625 0
1700585309260 -0.761181640625 0
1700585345447 -0.846435546875 0
1700585381824 -0.928955078125 0
1700585418125 -0.9998046875 0
1700585454243 -1.050927734375 0
1700585490229 -1.110498046875 0
1700585526509 -1.181298828125 0
1700585562664 -1.241943359375 0
1700585598842 -1.329541015625 0
1700585635053 -1.413818359375 0
1700585671348 -1.508935546875 0
1700585707701 -1.58818359375 0
1700585743809 -1.657568359375 0
1700585780048 -1.710498046875 0
1700585816158 -1.768115234375 0
1700585852339 -1.836572265625 0
1700585888649 -1.886669921875 0
1700585924806 -1.940283203125 0
1700585961037 -2.010498046875 0
1700585997070 -2.07392578125 0
1700586033297 -2.134423828125 0
1700586069481 -2.204736328125 0
1700586108208 -2.2646484375 0
1700586147348 -2.32900390625 0
1700586187318 -2.42109375 0
1700586227330 -2.470166015625 0
1700586263787 -2.50146484375 0
1700586300273 -2.5373046875 0
1700586336558 -2.579833984375 0
1700586372626 -2.617822265625 0
1700586408851 -2.661083984375 0
1700586444997 -2.710107421875 0
1700586481015 -2.7578125 0
1700586517157 -2.827783203125 0
1700586553413 -2.90302734375 0
1700586589646 -2.95595703125 0
1700586625825 -3.001123046875 0
1700586661893 -3.042236328125 0
1700586698098 -3.072900390625 0
1700586734457 -3.094775390625 0
1700586770657 -3.116259765625 0
1700586806752 -3.14306640625 0
1700586842889 -3.17333984375 0
1700586879002 -3.20693359375 0
1700586915373 -3.233251953125 0
1700586951697 -3.264404296875 0
1700586987925 -3.29267578125 0
1700587024069 -3.334375 0
1700587060068 -3.364599609375 0
1700587096301 -3.3865234375 0
1700587132513 -3.4033203125 0
1700587168689 -3.41689453125 0
1700587204897 -3.435986328125 0
1700587241081 -3.458447265625 0
1700587277244 -3.49638671875 0
1700587313246 -3.531982421875 0
1700587349501 -3.5611328125 0
1700587385588 -3.569775390625 0
1700587421686 -3.583056640625 0
