1700577698860 0.09942184388637543 0
1700577732188 0.8405508399009705 0
1700577768525 1.3647029399871826 0
1700577805751 2.426600933074951 0
1700577841951 3.7924914360046387 0
1700577878383 5.318856716156006 0
1700577914578 6.95109224319458 0
1700577951039 8.647558212280273 0
1700577987776 10.396076202392578 0
1700578024782 12.124777793884277 0
1700578060950 13.653524398803711 0
1700578098195 14.749368667602539 0
1700578134187 15.369924545288086 0
1700578170758 15.638458251953125 0
1700578206922 15.833019256591797 0
1700578244397 16.358051300048828 0
1700578280480 17.54749870300293 0
1700578316625 19.411462783813477 0
1700578352703 21.64292335510254 0
1700578389016 23.93557357788086 0
1700578424948 26.054935455322266 0
1700578460969 27.897146224975586 0
1700578496853 29.423622131347656 0
1700578532898 30.607099533081055 0
1700578569079 31.44708824157715 0
1700578605264 31.969972610473633 0
1700578641287 32.233680725097656 0
1700578677398 32.343894958496094 0
1700578713511 32.56397247314453 0
1700578750361 33.432640075683594 0
1700578786555 35.269676208496094 0
1700578822648 37.63778305053711 0
1700578858855 39.92372131347656 0
1700578895011 41.84988784790039 0
1700578931584 43.47965621948242 0
1700578967574 44.989707946777344 0
1700579006021 46.50068664550781 0
1700579044664 48.04094314575195 0
1700579084155 49.58225631713867 0
1700579124443 51.11321258544922 0
1700579161300 52.59992980957031 0
1700579197315 53.98506164550781 0
1700579233470 55.2330207824707 0
1700579269767 56.3043212890625 0
1700579306014 57.196163177490234 0
1700579342233 57.90643310546875 0
1700579378371 58.425743103027344 0
1700579414504 58.78371810913086 0
1700579450703 59.02780532836914 0
1700579486772 59.18177795410156 0
1700579522956 59.27452850341797 0
1700579558967 59.3289794921875 0
1700579595187 59.356101989746094 0
1700579631194 59.366966247558594 0
1700579667275 59.37174606323242 0
1700579703147 59.37440490722656 0
1700579739265 59.37601852416992 0
1700579775391 59.377342224121094 0
1700579811469 59.37802505493164 0
1700579847831 59.37909698486328 0
1700579884155 59.383705139160156 0
1700579920144 59.39460372924805 0
1700579956052 59.41623306274414 0
1700579992007 59.45942687988281 0
1700580028059 59.53099060058594 0
1700580064212 59.634193420410156 0
1700580100330 59.77815628051758 0
1700580136433 59.97856903076172 0
1700580172210 60.25395965576172 0
1700580208299 60.602596282958984 0
1700580244435 61.02719497680664 0
1700580280413 61.528812408447266 0
1700580316260 62.11166000366211 0
1700580352437 62.80919647216797 0
1700580388320 63.624691009521484 0
1700580424432 64.55809783935547 0
1700580460344 65.60153198242188 0
1700580496263 66.72099304199219 0
1700580532108 67.885498046875 0
1700580568177 69.10355377197266 0
1700580604456 70.37823486328125 0
1700580640560 71.69276428222656 0
1700580676538 73.04595947265625 0
1700580712588 74.44087219238281 0
1700580748531 75.89605712890625 0
1700580784651 77.37738800048828 0
1700580820656 78.86788940429688 0
1700580856512 80.36790466308594 0
1700580892644 81.89244842529297 0
1700580928604 83.44110870361328 0
1700580964779 85.04231262207031 0
1700581000903 86.6893539428711 0
1700581036739 88.38262939453125 0
1700581074913 90.13106536865234 0
1700581114315 91.93102264404297 0
1700581153973 93.7925033569336 0
1700581193719 95.70809936523438 0
1700581229635 97.6474380493164 0
1700581265828 99.5984878540039 0
1700581301994 101.57191467285156 0
1700581337895 103.58112335205078 0
1700581373870 105.60082244873047 0
1700581410031 107.63846588134766 0
1700581446043 109.71276092529297 0
1700581482111 111.82524108886719 0
1700581518185 113.97805786132812 0
1700581554094 116.14009094238281 0
1700581590163 118.2974624633789 0
1700581626189 120.43476104736328 0
1700581662002 122.54891967773438 0
1700581698354 124.65718078613281 0
1700581734299 126.7842788696289 0
1700581770250 128.96405029296875 0
1700581806178 131.2066650390625 0
1700581842127 133.50135803222656 0
1700581878186 135.82252502441406 0
1700581914047 138.1690216064453 0
1700581950024 140.54115295410156 0
1700581985830 142.9536590576172 0
1700582021685 145.4140625 0
1700582057762 147.90780639648438 0
1700582094006 150.4150390625 0
1700582129863 152.9298858642578 0
1700582165847 155.45065307617188 0
1700582201775 157.95797729492188 0
1700582237726 160.4335174560547 0
1700582273579 162.89334106445312 0
1700582309375 165.35107421875 0
1700582345461 167.80184936523438 0
1700582381583 170.2521514892578 0
1700582417727 172.70022583007812 0
1700582453675 175.1542205810547 0
1700582489735 177.61756896972656 0
1700582525643 180.09376525878906 0
1700582601591 182.55699157714844 0
1700582637879 184.9013671875 0
1700582674490 187.08352661132812 0
1700582710911 189.10446166992188 0
1700582747205 190.9814910888672 0
1700582783543 192.73072814941406 0
1700582819826 194.36610412597656 0
1700582855983 195.90016174316406 0
1700582892084 197.34585571289062 0
1700582928169 198.709716796875 0
1700582964503 200.00140380859375 0
1700583001275 201.22752380371094 0
1700583041026 202.39187622070312 0
1700583081361 203.49734497070312 0
1700583121746 204.54483032226562 0
1700583159522 205.53579711914062 0
1700583195811 206.47328186035156 0
1700583231961 207.35975646972656 0
1700583268271 208.19723510742188 0
1700583304491 208.98387145996094 0
1700583340660 209.7207489013672 0
1700583376864 210.41273498535156 0
1700583413124 211.06338500976562 0
1700583449466 211.67274475097656 0
1700583485811 212.242919921875 0
1700583521947 212.7782745361328 0
1700583558191 213.2772674560547 0
1700583594470 213.739013671875 0
1700583630715 214.1653594970703 0
1700583666768 214.5600128173828 0
1700583702972 214.92636108398438 0
1700583738983 215.2669219970703 0
1700583775283 215.5837860107422 0
1700583811393 215.87969970703125 0
1700583847784 216.15573120117188 0
1700583883911 216.41421508789062 0
1700583919986 216.6562042236328 0
1700583956373 216.88233947753906 0
1700583992479 217.0923309326172 0
1700584028640 217.2860565185547 0
1700584064907 217.46469116210938 0
1700584101236 217.62921142578125 0
1700584137508 217.7807159423828 0
1700584173675 217.9192657470703 0
1700584209979 218.044677734375 0
1700584246209 218.15689086914062 0
1700584282360 218.2578582763672 0
1700584318518 218.3486328125 0
1700584354803 218.42910766601562 0
1700584391207 218.50021362304688 0
1700584427391 218.56240844726562 0
1700584463516 218.61630249023438 0
1700584499613 218.66307067871094 0
1700584535770 218.70376586914062 0
1700584571973 218.7394561767578 0
1700584608228 218.77059936523438 0
1700584644337 218.79776000976562 0
1700584680600 218.82125854492188 0
1700584716920 218.841552734375 0
1700584753115 218.8587646484375 0
1700584789265 218.87246704101562 0
1700584825411 218.8828125 0
1700584861317 218.89039611816406 0
1700584897494 218.8958282470703 0
1700584933752 218.8993682861328 0
1700584969845 218.90135192871094 0
1700585006054 218.90228271484375 0
1700585042460 218.9026641845703 0
1700585078543 218.90283203125 0
1700585117914 218.90322875976562 0
1700585157263 218.90415954589844 0
1700585197451 218.90594482421875 0
1700585236815 218.90872192382812 0
1700585273107 218.91281127929688 0
1700585309262 218.91864013671875 0
1700585345450 218.9263458251953 0
1700585381827 218.93594360351562 0
1700585418127 218.947509765625 0
1700585454245 218.96084594726562 0
1700585490231 218.97584533691406 0
1700585526512 218.99290466308594 0
1700585562666 219.0121612548828 0
1700585598844 219.0339813232422 0
1700585635055 219.05899047851562 0
1700585671350 219.087646484375 0
1700585707703 219.12020874023438 0
1700585743811 219.156494140625 0
1700585780051 219.1961669921875 0
1700585816160 219.23899841308594 0
1700585852342 219.28558349609375 0
1700585888651 219.33578491210938 0
1700585924808 219.3894500732422 0
1700585961040 219.44723510742188 0
1700585997072 219.5095672607422 0
1700586033299 219.5764617919922 0
1700586069483 219.64840698242188 0
1700586108210 219.7255096435547 0
1700586147350 219.80795288085938 0
1700586187320 219.8970489501953 0
1700586227332 219.99264526367188 0
1700586263789 220.09307861328125 0
1700586300275 220.1977996826172 0
1700586336560 220.30714416503906 0
1700586372628 220.42123413085938 0
1700586408853 220.54026794433594 0
1700586444999 220.66497802734375 0
1700586481017 220.79563903808594 0
1700586517159 220.93344116210938 0
1700586553415 221.0801239013672 0
1700586589648 221.23550415039062 0
1700586625827 221.39866638183594 0
1700586661896 221.5691680908203 0
1700586698100 221.74642944335938 0
1700586734459 221.9295196533203 0
1700586770659 222.11790466308594 0
1700586806755 222.3119354248047 0
1700586842891 222.51205444335938 0
1700586879004 222.71905517578125 0
1700586915375 222.93283081054688 0
1700586951700 223.1536102294922 0
1700586987927 223.38169860839844 0
1700587024071 223.61798095703125 0
1700587060070 223.8629150390625 0
1700587096303 224.11566162109375 0
1700587132515 224.37559509277344 0
1700587168691 224.64207458496094 0
1700587204899 224.91529846191406 0
1700587241083 225.19589233398438 0
1700587277246 225.48565673828125 0
1700587313248 225.785888671875 0
1700587349503 226.096923828125 0
1700587385590 226.41673278808594 0
1700587421688 226.74449157714844 0
