1700577698859 0.09999923408031464 0
1700577732187 0.933944821357727 0
1700577768524 1.1790614128112793 0
1700577805750 0.31239616870880127 0
1700577841950 -0.9691351652145386 0
1700577878383 -2.394259214401245 0
1700577914577 -3.888620376586914 0
1700577951038 -5.412595748901367 0
1700577987775 -6.956757545471191 0
1700578024781 -8.4822359085083 0
1700578060949 -9.893488883972168 0
1700578098195 -11.05618953704834 0
1700578134187 -11.892730712890625 0
1700578170758 -12.323941230773926 0
1700578206921 -12.226493835449219 0
1700578244397 -11.572480201721191 0
1700578280480 -10.420329093933105 0
1700578316625 -8.893122673034668 0
1700578352703 -7.150808811187744 0
1700578389016 -5.343659400939941 0
1700578424947 -3.602595567703247 0
1700578460968 -1.99497652053833 0
1700578496853 -0.5511764883995056 0
1700578532897 0.7026342153549194 0
1700578569079 1.7438915967941284 0
1700578605263 2.5487260818481445 0
1700578641287 3.0820541381835938 0
1700578677397 3.2680552005767822 0
1700578713510 2.9641242027282715 0
1700578750360 2.0343217849731445 0
1700578786555 0.5368718504905701 0
1700578822647 -1.2577327489852905 0
1700578858854 -3.054593324661255 0
1700578895011 -4.699387550354004 0
1700578931584 -6.202287673950195 0
1700578967573 -7.640650272369385 0
1700579006020 -9.070706367492676 0
1700579044664 -10.506017684936523 0
1700579084154 -11.933897018432617 0
1700579124442 -13.349554061889648 0
1700579161299 -14.737531661987305 0
1700579197315 -16.070192337036133 0
1700579233470 -17.328447341918945 0
1700579269766 -18.48792266845703 0
1700579306014 -19.541250228881836 0
1700579342232 -20.47715950012207 0
1700579378371 -21.272308349609375 0
1700579414503 -21.9294490814209 0
1700579450702 -22.471506118774414 0
1700579486771 -22.89857292175293 0
1700579522955 -23.22834014892578 0
1700579558967 -23.479217529296875 0
1700579595187 -23.647302627563477 0
1700579631194 -23.72801971435547 0
1700579667274 -23.7299747467041 0
1700579703146 -23.701335906982422 0
1700579739264 -23.666494369506836 0
1700579775390 -23.62827491760254 0
1700579811468 -23.605440139770508 0
1700579847830 -23.621257781982422 0
1700579884155 -23.688215255737305 0
1700579920143 -23.805660247802734 0
1700579956051 -23.976892471313477 0
1700579992006 -24.222400665283203 0
1700580028059 -24.5439453125 0
1700580064212 -24.934810638427734 0
1700580100330 -25.39940643310547 0
1700580136433 -25.948959350585938 0
1700580172210 -26.594579696655273 0
1700580208298 -27.322999954223633 0
1700580244434 -28.127538681030273 0
1700580280413 -29.001617431640625 0
1700580316259 -29.941925048828125 0
1700580352436 -30.96662139892578 0
1700580388319 -32.07053756713867 0
1700580424431 -33.246612548828125 0
1700580460343 -34.48466491699219 0
1700580496263 -35.7615966796875 0
1700580532107 -37.05826187133789 0
1700580568176 -38.37822341918945 0
1700580604455 -39.72231674194336 0
1700580640559 -41.0812873840332 0
1700580676538 -42.45420837402344 0
1700580712588 -43.84238815307617 0
1700580748530 -45.25459289550781 0
1700580784650 -46.67434310913086 0
1700580820655 -48.09352111816406 0
1700580856511 -49.51242446899414 0
1700580892643 -50.938262939453125 0
1700580928603 -52.3709831237793 0
1700580964778 -53.82365798950195 0
1700581000902 -55.29336166381836 0
1700581036739 -56.780242919921875 0
1700581074913 -58.28827667236328 0
1700581114314 -59.81599807739258 0
1700581153972 -61.367733001708984 0
1700581193718 -62.94065475463867 0
1700581229634 -64.52238464355469 0
1700581265827 -66.10797882080078 0
1700581301993 -67.70187377929688 0
1700581337895 -69.30986785888672 0
1700581373870 -70.92194366455078 0
1700581410031 -72.54109954833984 0
1700581446042 -74.17517852783203 0
1700581482110 -75.82512664794922 0
1700581518184 -77.49217987060547 0
1700581554093 -79.16429901123047 0
1700581590162 -80.8358383178711 0
1700581626188 -82.50041198730469 0
1700581662001 -84.15636444091797 0
1700581698354 -85.81034088134766 0
1700581734298 -87.47225952148438 0
1700581770249 -89.1558837890625 0
1700581806178 -90.86589813232422 0
1700581842126 -92.59870910644531 0
1700581878185 -94.34475708007812 0
1700581914046 -96.10371398925781 0
1700581950023 -97.87589263916016 0
1700581985830 -99.66719818115234 0
1700582021685 -101.4811019897461 0
1700582057761 -103.31260681152344 0
1700582094006 -105.15424346923828 0
1700582129862 -107.0036849975586 0
1700582165846 -108.86011505126953 0
1700582201774 -110.7158203125 0
1700582237726 -112.56303405761719 0
1700582273578 -114.40715026855469 0
1700582309374 -116.25324249267578 0
1700582345460 -118.09919738769531 0
1700582381582 -119.94732666015625 0
1700582417727 -121.79681396484375 0
1700582453674 -123.65074157714844 0
1700582489735 -125.5104751586914 0
1700582525643 -127.37742614746094 0
1700582601590 -129.2415771484375 0
1700582637878 -131.05979919433594 0
1700582674490 -132.8114013671875 0
1700582710910 -134.49334716796875 0
1700582747204 -136.11013793945312 0
1700582783542 -137.66659545898438 0
1700582819825 -139.16725158691406 0
1700582855982 -140.61648559570312 0
1700582892083 -142.01939392089844 0
1700582928168 -143.37820434570312 0
1700582964503 -144.69708251953125 0
1700583001274 -145.97877502441406 0
1700583041025 -147.22476196289062 0
1700583081361 -148.43601989746094 0
1700583121745 -149.6124725341797 0
1700583159521 -150.75445556640625 0
1700583195811 -151.86312866210938 0
1700583231960 -152.93942260742188 0
1700583268271 -153.98397827148438 0
1700583304490 -154.9949951171875 0
1700583340659 -155.9723358154297 0
1700583376863 -156.91859436035156 0
1700583413123 -157.8354949951172 0
1700583449466 -158.72227478027344 0
1700583485810 -159.57974243164062 0
1700583521946 -160.4104766845703 0
1700583558190 -161.21238708496094 0
1700583594470 -161.98382568359375 0
1700583630714 -162.7252655029297 0
1700583666768 -163.43905639648438 0
1700583702972 -164.127197265625 0
1700583738983 -164.79124450683594 0
1700583775282 -165.43238830566406 0
1700583811392 -166.0526580810547 0
1700583847784 -166.6524658203125 0
1700583883911 -167.233642578125 0
1700583919986 -167.7967529296875 0
1700583956373 -168.34182739257812 0
1700583992478 -168.8678741455078 0
1700584028639 -169.37391662597656 0
1700584064906 -169.86068725585938 0
1700584101235 -170.3286590576172 0
1700584137507 -170.77862548828125 0
1700584173674 -171.20974731445312 0
1700584209978 -171.62066650390625 0
1700584246208 -172.0100555419922 0
1700584282359 -172.3802490234375 0
1700584318518 -172.73208618164062 0
1700584354802 -173.06405639648438 0
1700584391206 -173.3767547607422 0
1700584427390 -173.6698760986328 0
1700584463515 -173.94332885742188 0
1700584499612 -174.19869995117188 0
1700584535769 -174.4375457763672 0
1700584571973 -174.66189575195312 0
1700584608227 -174.87205505371094 0
1700584644336 -175.0688018798828 0
1700584680599 -175.25233459472656 0
1700584716919 -175.4234161376953 0
1700584753114 -175.5812225341797 0
1700584789265 -175.72195434570312 0
1700584825411 -175.84397888183594 0
1700584861316 -175.94839477539062 0
1700584897493 -176.03671264648438 0
1700584933752 -176.10739135742188 0
1700584969844 -176.15890502929688 0
1700585006053 -176.1919403076172 0
1700585042460 -176.2079620361328 0
1700585078542 -176.20669555664062 0
1700585117913 -176.18846130371094 0
1700585157263 -176.1542510986328 0
1700585197450 -176.10423278808594 0
1700585236814 -176.03968811035156 0
1700585273106 -175.96038818359375 0
1700585309261 -175.865478515625 0
1700585345449 -175.75546264648438 0
1700585381826 -175.6320343017578 0
1700585418126 -175.49581909179688 0
1700585454244 -175.34910583496094 0
1700585490230 -175.19277954101562 0
1700585526511 -175.02566528320312 0
1700585562666 -174.84771728515625 0
1700585598843 -174.65777587890625 0
1700585635055 -174.45391845703125 0
1700585671349 -174.2351837158203 0
1700585707702 -174.00143432617188 0
1700585743811 -173.75387573242188 0
1700585780050 -173.49436950683594 0
1700585816159 -173.22396850585938 0
1700585852341 -172.94137573242188 0
1700585888650 -172.64727783203125 0
1700585924807 -172.342529296875 0
1700585961039 -172.02557373046875 0
1700585997071 -171.69573974609375 0
1700586033299 -171.35325622558594 0
1700586069482 -170.99728393554688 0
1700586108210 -170.6280059814453 0
1700586147350 -170.24534606933594 0
1700586187319 -169.84695434570312 0
1700586227331 -169.43348693847656 0
1700586263788 -169.00880432128906 0
1700586300274 -168.5743865966797 0
1700586336560 -168.12965393066406 0
1700586372627 -167.6746826171875 0
1700586408852 -167.20921325683594 0
1700586444998 -166.73207092285156 0
1700586481017 -166.24293518066406 0
1700586517159 -165.7399444580078 0
1700586553414 -165.2204132080078 0
1700586589647 -164.68502807617188 0
1700586625826 -164.1357421875 0
1700586661895 -163.57354736328125 0
1700586698100 -162.99978637695312 0
1700586734458 -162.41604614257812 0
1700586770658 -161.8233642578125 0
1700586806754 -161.2213897705078 0
1700586842890 -160.60960388183594 0
1700586879003 -159.9868927001953 0
1700586915374 -159.35369873046875 0
1700586951699 -158.70982360839844 0
1700586987926 -158.05506896972656 0
1700587024070 -157.38833618164062 0
1700587060069 -156.7093048095703 0
1700587096302 -156.019287109375 0
1700587132514 -155.31939697265625 0
1700587168690 -154.61061096191406 0
1700587204898 -153.89283752441406 0
1700587241082 -153.1654510498047 0
1700587277246 -152.42626953125 0
1700587313248 -151.6739959716797 0
1700587349502 -150.9084930419922 0
1700587385590 -150.13247680664062 0
1700587421688 -149.34710693359375 0
