1700577698858 4.9981217129977465e-05 0
1700577732186 4.981217129977461e-05 0
1700577768523 4.962434259954921e-05 0
1700577805749 4.943651389932382e-05 0
1700577841949 4.924868519909843e-05 0
1700577878382 4.9060856498873034e-05 0
1700577914576 4.887302779864764e-05 0
1700577951038 4.8685199098422243e-05 0
1700577987774 4.849737039819685e-05 0
1700578024780 4.830954169797145e-05 0
1700578060948 4.812171299774606e-05 0
1700578098194 4.793388429752066e-05 0
1700578134186 4.774605559729527e-05 0
1700578170757 4.755822689706987e-05 0
1700578206920 4.737039819684448e-05 0
1700578244396 4.718256949661908e-05 0
1700578280479 4.6994740796393694e-05 0
1700578316624 4.68069120961683e-05 0
1700578352702 4.6619083395942904e-05 0
1700578389015 4.643125469571751e-05 0
1700578424947 4.6243425995492114e-05 0
1700578460968 4.605559729526672e-05 0
1700578496852 4.586776859504133e-05 0
1700578532896 4.567993989481593e-05 0
1700578569078 4.5492111194590534e-05 0
1700578605262 4.530428249436514e-05 0
1700578641286 4.511645379413974e-05 0
1700578677396 4.492862509391435e-05 0
1700578713509 4.474079639368895e-05 0
1700578750360 4.4552967693463565e-05 0
1700578786554 4.436513899323817e-05 0
1700578822647 4.4177310293012775e-05 0
1700578858854 4.398948159278738e-05 0
1700578895010 4.3801652892561984e-05 0
1700578931583 4.361382419233659e-05 0
1700578967572 4.34259954921112e-05 0
1700579006019 4.3238166791885806e-05 0
1700579044663 4.305033809166041e-05 0
1700579084153 4.2862509391435016e-05 0
1700579124442 4.267468069120962e-05 0
1700579161298 4.2486851990984225e-05 0
1700579197314 4.229902329075883e-05 0
1700579233469 4.2111194590533435e-05 0
1700579269766 4.192336589030804e-05 0
1700579306013 4.1735537190082645e-05 0
1700579342231 4.154770848985725e-05 0
1700579378370 4.1359879789631855e-05 0
1700579414503 4.1172051089406467e-05 0
1700579450702 4.098422238918107e-05 0
1700579486770 4.0796393688955676e-05 0
1700579522954 4.060856498873028e-05 0
1700579558966 4.0420736288504886e-05 0
1700579595186 4.023290758827949e-05 0
1700579631193 4.0045078888054096e-05 0
1700579667273 3.98572501878287e-05 0
1700579703146 3.9669421487603306e-05 0
1700579739263 3.948159278737791e-05 0
1700579775390 3.9293764087152516e-05 0
1700579811467 3.910593538692712e-05 0
1700579847829 3.8918106686701725e-05 0
1700579884154 3.873027798647634e-05 0
1700579920143 3.854244928625094e-05 0
1700579956051 3.835462058602555e-05 0
1700579992006 3.816679188580015e-05 0
1700580028058 3.7978963185574757e-05 0
1700580064211 3.779113448534936e-05 0
1700580100329 3.760330578512397e-05 0
1700580136432 3.741547708489858e-05 0
1700580172209 3.722764838467318e-05 0
1700580208298 3.703981968444779e-05 0
1700580244434 3.685199098422239e-05 0
1700580280412 3.6664162283997e-05 0
1700580316259 3.64763335837716e-05 0
1700580352435 3.628850488354621e-05 0
1700580388318 3.610067618332081e-05 0
1700580424430 3.591284748309542e-05 0
1700580460342 3.572501878287002e-05 0
1700580496262 3.553719008264463e-05 0
1700580532107 3.534936138241923e-05 0
1700580568175 3.5161532682193844e-05 0
1700580604455 3.497370398196845e-05 0
1700580640558 3.4785875281743053e-05 0
1700580676537 3.459804658151766e-05 0
1700580712587 3.441021788129226e-05 0
1700580748529 3.422238918106687e-05 0
1700580784650 3.403456048084147e-05 0
1700580820655 3.384673178061608e-05 0
1700580856510 3.365890308039068e-05 0
1700580892642 3.347107438016529e-05 0
1700580928602 3.328324567993989e-05 0
1700580964778 3.30954169797145e-05 0
1700581000902 3.290758827948911e-05 0
1700581036738 3.2719759579263714e-05 0
1700581074912 3.253193087903832e-05 0
1700581114313 3.2344102178812924e-05 0
1700581153971 3.215627347858753e-05 0
1700581193718 3.1968444778362134e-05 0
1700581229633 3.1780616078136745e-05 0
1700581265827 3.159278737791135e-05 0
1700581301992 3.1404958677685955e-05 0
1700581337894 3.121712997746056e-05 0
1700581373869 3.1029301277235165e-05 0
1700581410030 3.084147257700977e-05 0
1700581446042 3.0653643876784375e-05 0
1700581482109 3.0465815176558983e-05 0
1700581518183 3.0277986476333588e-05 0
1700581554092 3.009015777610819e-05 0
1700581590161 2.9902329075882794e-05 0
1700581626188 2.97145003756574e-05 0
1700581662000 2.9526671675432004e-05 0
1700581698353 2.9338842975206616e-05 0
1700581734298 2.915101427498122e-05 0
1700581770249 2.8963185574755826e-05 0
1700581806177 2.877535687453043e-05 0
1700581842126 2.8587528174305035e-05 0
1700581878184 2.8399699474079637e-05 0
1700581914045 2.821187077385425e-05 0
1700581950022 2.8024042073628854e-05 0
1700581985829 2.783621337340346e-05 0
1700582021684 2.7648384673178063e-05 0
1700582057761 2.7460555972952668e-05 0
1700582094005 2.7272727272727273e-05 0
1700582129862 2.708489857250188e-05 0
1700582165846 2.6897069872276486e-05 0
1700582201774 2.670924117205109e-05 0
1700582237725 2.6521412471825696e-05 0
1700582273578 2.63335837716003e-05 0
1700582309373 2.6145755071374906e-05 0
1700582345460 2.595792637114951e-05 0
1700582381581 2.577009767092412e-05 0
1700582417726 2.5582268970698724e-05 0
1700582453674 2.539444027047333e-05 0
1700582489734 2.5206611570247934e-05 0
1700582525642 2.501878287002254e-05 0
1700582601589 2.4830954169797147e-05 0
1700582637878 2.4643125469571752e-05 0
1700582674489 2.445529676934636e-05 0
1700582710909 2.426746806912096e-05 0
1700582747204 2.4079639368895567e-05 0
1700582783541 2.389181066867017e-05 0
1700582819824 2.370398196844478e-05 0
1700582855981 2.3516153268219385e-05 0
1700582892082 2.332832456799399e-05 0
1700582928167 2.3140495867768598e-05 0
1700582964502 2.2952667167543203e-05 0
1700583001274 2.2764838467317808e-05 0
1700583041024 2.2577009767092413e-05 0
1700583081360 2.2389181066867017e-05 0
1700583121744 2.2201352366641622e-05 0
1700583159521 2.201352366641623e-05 0
1700583195810 2.1825694966190836e-05 0
1700583231960 2.163786626596544e-05 0
1700583268270 2.145003756574005e-05 0
1700583304490 2.126220886551465e-05 0
1700583340659 2.1074380165289255e-05 0
1700583376863 2.0886551465063863e-05 0
1700583413122 2.0698722764838468e-05 0
1700583449465 2.0510894064613073e-05 0
1700583485809 2.032306536438768e-05 0
1700583521945 2.0135236664162286e-05 0
1700583558189 1.994740796393689e-05 0
1700583594469 1.9759579263711496e-05 0
1700583630714 1.95717505634861e-05 0
1700583666767 1.9383921863260706e-05 0
1700583702971 1.919609316303531e-05 0
1700583738982 1.900826446280992e-05 0
1700583775281 1.8820435762584524e-05 0
1700583811392 1.863260706235913e-05 0
1700583847783 1.8444778362133737e-05 0
1700583883910 1.825694966190834e-05 0
1700583919985 1.8069120961682944e-05 0
1700583956372 1.7881292261457552e-05 0
1700583992478 1.7693463561232157e-05 0
1700584028638 1.7505634861006762e-05 0
1700584064905 1.731780616078137e-05 0
1700584101234 1.7129977460555975e-05 0
1700584137506 1.694214876033058e-05 0
1700584173673 1.6754320060105185e-05 0
1700584209978 1.656649135987979e-05 0
1700584246208 1.6378662659654395e-05 0
1700584282358 1.6190833959429003e-05 0
1700584318517 1.6003005259203608e-05 0
1700584354802 1.5815176558978213e-05 0
1700584391206 1.562734785875282e-05 0
1700584427390 1.5439519158527422e-05 0
1700584463515 1.5251690458302029e-05 0
1700584499612 1.5063861758076636e-05 0
1700584535769 1.487603305785124e-05 0
1700584571972 1.4688204357625845e-05 0
1700584608226 1.450037565740045e-05 0
1700584644336 1.4312546957175057e-05 0
1700584680598 1.4124718256949662e-05 0
1700584716918 1.3936889556724267e-05 0
1700584753113 1.3749060856498875e-05 0
1700584789264 1.3561232156273478e-05 0
1700584825410 1.3373403456048083e-05 0
1700584861315 1.3185574755822691e-05 0
1700584897493 1.2997746055597296e-05 0
1700584933751 1.2809917355371901e-05 0
1700584969843 1.2622088655146508e-05 0
1700585006053 1.2434259954921113e-05 0
1700585042459 1.224643125469572e-05 0
1700585078541 1.2058602554470322e-05 0
1700585117913 1.1870773854244929e-05 0
1700585157262 1.1682945154019536e-05 0
1700585197450 1.149511645379414e-05 0
1700585236813 1.1307287753568745e-05 0
1700585273105 1.1119459053343352e-05 0
1700585309261 1.0931630353117957e-05 0
1700585345448 1.0743801652892564e-05 0
1700585381825 1.0555972952667167e-05 0
1700585418125 1.0368144252441773e-05 0
1700585454243 1.018031555221638e-05 0
1700585490230 9.992486851990985e-06 0
1700585526510 9.80465815176559e-06 0
1700585562665 9.616829451540196e-06 0
1700585598842 9.429000751314801e-06 0
1700585635054 9.241172051089408e-06 0
1700585671348 9.053343350864013e-06 0
1700585707701 8.865514650638618e-06 0
1700585743810 8.677685950413224e-06 0
1700585780049 8.489857250187829e-06 0
1700585816159 8.302028549962434e-06 0
1700585852340 8.11419984973704e-06 0
1700585888650 7.926371149511645e-06 0
1700585924807 7.738542449286252e-06 0
1700585961038 7.550713749060857e-06 0
1700585997071 7.362885048835462e-06 0
1700586033298 7.175056348610068e-06 0
1700586069482 6.987227648384674e-06 0
1700586108209 6.799398948159279e-06 0
1700586147349 6.611570247933885e-06 0
1700586187319 6.423741547708491e-06 0
1700586227331 6.2359128474830955e-06 0
1700586263787 6.048084147257701e-06 0
1700586300274 5.860255447032307e-06 0
1700586336559 5.672426746806912e-06 0
1700586372626 5.484598046581518e-06 0
1700586408852 5.296769346356123e-06 0
1700586444998 5.108940646130729e-06 0
1700586481016 4.921111945905334e-06 0
1700586517158 4.733283245679941e-06 0
1700586553414 4.5454545454545455e-06 0
1700586589646 4.357625845229151e-06 0
1700586625825 4.169797145003756e-06 0
1700586661894 3.981968444778363e-06 0
1700586698099 3.794139744552968e-06 0
1700586734457 3.6063110443275734e-06 0
1700586770657 3.4184823441021787e-06 0
1700586806753 3.2306536438767845e-06 0
1700586842889 3.0428249436513902e-06 0
1700586879003 2.8549962434259955e-06 0
1700586915373 2.6671675432006013e-06 0
1700586951698 2.4793388429752066e-06 0
1700586987925 2.2915101427498124e-06 0
1700587024070 2.1036814425244177e-06 0
1700587060068 1.9158527422990234e-06 0
1700587096302 1.728024042073629e-06 0
1700587132514 1.5401953418482345e-06 0
1700587168690 1.35236664162284e-06 0
1700587204898 1.1645379413974456e-06 0
1700587241082 9.767092411720513e-07 0
1700587277245 7.888805409466567e-07 0
1700587313247 6.010518407212623e-07 0
1700587349501 4.132231404958678e-07 0
1700587385589 2.2539444027047334e-07 0
1700587421687 3.756574004507889e-08 0
