1700577698856 0.2171875 0
1700577732184 1.94931640625 0
1700577768520 2.196875 0
1700577805747 2.91474609375 0
1700577841947 2.2271484375 0
1700577878379 2.5021484375 0
1700577914574 2.3201171875 0
1700577951035 2.3025390625 0
1700577987772 2.3279296875 0
1700578024778 2.8158203125 0
1700578060946 2.477734375 0
1700578098191 2.942578125 0
1700578134183 2.37109375 0
1700578170755 2.31875 0
1700578206918 2.171875 0
1700578244393 2.18818359375 0
1700578280476 2.09423828125 0
1700578316622 2.06083984375 0
1700578352699 2.11259765625 0
1700578389012 2.249609375 0
1700578424944 2.340625 0
1700578460965 2.3224609375 0
1700578496850 2.31328125 0
1700578532894 2.47109375 0
1700578569075 2.4544921875 0
1700578605260 2.41484375 0
1700578641283 2.3029296875 0
1700578677394 2.374609375 0
1700578713507 2.2896484375 0
1700578750357 2.3400390625 0
1700578786552 2.306640625 0
1700578822644 2.7712890625 0
1700578858851 2.4333984375 0
1700578895008 2.5126953125 0
1700578931581 2.546484375 0
1700578967570 2.6173828125 0
1700579006017 3.2103515625 0
1700579044658 2.7326171875 0
1700579084150 2.802734375 0
1700579124439 2.8412109375 0
1700579161296 2.9822265625 0
1700579197311 3.362109375 0
1700579233467 3.00546875 0
1700579269763 2.987890625 0
1700579306011 2.9291015625 0
1700579342229 2.8578125 0
1700579378367 2.8505859375 0
1700579414500 2.808203125 0
1700579450699 2.76484375 0
1700579486768 2.7669921875 0
1700579522952 2.95859375 0
1700579558963 2.6439453125 0
1700579595183 2.6814453125 0
1700579631191 2.64296875 0
1700579667271 2.60078125 0
1700579703143 2.5806640625 0
1700579739260 2.6642578125 0
1700579775387 2.6744140625 0
1700579811465 2.7119140625 0
1700579847827 2.6560546875 0
1700579884152 2.7798828125 0
1700579920140 2.7439453125 0
1700579956048 2.75625 0
1700579992003 2.8458984375 0
1700580028055 3.3138671875 0
1700580064209 2.896484375 0
1700580100326 2.9564453125 0
1700580136430 3.1029296875 0
1700580172207 3.090625 0
1700580208295 3.458203125 0
1700580244431 3.280859375 0
1700580280403 3.315625 0
1700580316256 3.378515625 0
1700580352433 3.4236328125 0
1700580388315 3.55703125 0
1700580424427 3.59609375 0
1700580460339 3.7251953125 0
1700580496259 3.765625 0
1700580532104 3.7794921875 0
1700580568173 3.9353515625 0
1700580604452 4.0658203125 0
1700580640556 4.0560546875 0
1700580676534 4.1486328125 0
1700580712584 4.289453125 0
1700580748527 4.407421875 0
1700580784647 4.458984375 0
1700580820652 4.50703125 0
1700580856508 4.722265625 0
1700580892640 4.677734375 0
1700580928600 4.790625 0
1700580964775 4.941796875 0
1700581000900 4.966796875 0
1700581036735 5.09296875 0
1700581074909 5.264453125 0
1700581114311 5.46015625 0
1700581153969 5.60625 0
1700581193715 5.726171875 0
1700581229631 5.96640625 0
1700581265824 5.8984375 0
1700581301989 6.076171875 0
1700581337891 6.244140625 0
1700581373867 6.385546875 0
1700581410027 6.633984375 0
1700581446039 6.753515625 0
1700581482107 6.987890625 0
1700581518181 7.194140625 0
1700581554090 7.3125 0
1700581590159 7.707421875 0
1700581626185 7.59765625 0
1700581661998 7.77578125 0
1700581698351 7.965625 0
1700581734295 8.152734375 0
1700581770246 8.5015625 0
1700581806174 8.8109375 0
1700581842123 9.04765625 0
1700581878182 9.34609375 0
1700581914043 9.56796875 0
1700581950020 9.86796875 0
1700581985827 10.140625 0
1700582021682 10.5578125 0
1700582057759 10.91796875 0
1700582094002 11.17578125 0
1700582129859 11.75625 0
1700582165843 11.8453125 0
1700582201771 12.21796875 0
1700582237723 12.41953125 0
1700582273575 12.78828125 0
1700582309371 13.14375 0
1700582345457 13.5453125 0
1700582381579 13.95078125 0
1700582417724 14.3359375 0
1700582453671 14.728125 0
1700582489731 15.2328125 0
1700582525640 15.69921875 0
1700582601587 15.946875 0
1700582637875 15.6640625 0
1700582674487 15.49921875 0
1700582710907 15.25546875 0
1700582747201 15.12421875 0
1700582783539 14.78359375 0
1700582819822 14.58359375 0
1700582855979 14.3796875 0
1700582892080 14.2671875 0
1700582928165 14.1265625 0
1700582964500 13.8484375 0
1700583001267 13.7109375 0
1700583041022 13.50546875 0
1700583081357 13.26953125 0
1700583121742 13.17265625 0
1700583159518 12.86171875 0
1700583195807 12.61171875 0
1700583231957 12.51875 0
1700583268268 12.296875 0
1700583304487 12.05 0
1700583340656 11.7640625 0
1700583376860 11.54375 0
1700583413119 11.33203125 0
1700583449463 11.09765625 0
1700583485807 10.871875 0
1700583521943 10.74140625 0
1700583558187 10.284375 0
1700583594467 10.08359375 0
1700583630711 9.83046875 0
1700583666764 9.68125 0
1700583702969 9.378125 0
1700583738980 9.209375 0
1700583775279 9.03359375 0
1700583811389 8.83515625 0
1700583847781 8.7171875 0
1700583883908 8.56328125 0
1700583919982 8.32421875 0
1700583956370 8.19296875 0
1700583992475 7.9453125 0
1700584028636 7.9953125 0
1700584064903 7.675390625 0
1700584101231 7.46796875 0
1700584137504 7.35625 0
1700584173671 7.235546875 0
1700584209975 6.91484375 0
1700584246205 6.7671875 0
1700584282356 6.654296875 0
1700584318514 6.428515625 0
1700584354799 6.34140625 0
1700584391203 6.149609375 0
1700584427387 5.996484375 0
1700584463512 5.9 0
1700584499609 5.650390625 0
1700584535766 5.5421875 0
1700584571969 5.389453125 0
1700584608224 5.365234375 0
1700584644333 5.194921875 0
1700584680596 5.0703125 0
1700584716916 4.966015625 0
1700584753111 4.8765625 0
1700584789261 4.6765625 0
1700584825407 4.589453125 0
1700584861313 4.482421875 0
1700584897490 4.375 0
1700584933749 4.1947265625 0
1700584969841 4.0283203125 0
1700585006051 3.9224609375 0
1700585042456 3.836328125 0
1700585078538 3.63359375 0
1700585117910 3.578515625 0
1700585157260 3.4744140625 0
1700585197447 3.315625 0
1700585236811 3.2091796875 0
1700585273103 3.1130859375 0
1700585309259 2.985546875 0
1700585345446 2.94765625 0
1700585381823 2.8908203125 0
1700585418123 2.8033203125 0
1700585454241 2.7873046875 0
1700585490227 2.611328125 0
1700585526507 2.6328125 0
1700585562663 2.5826171875 0
1700585598840 2.5177734375 0
1700585635052 2.3564453125 0
1700585671346 2.242578125 0
1700585707699 2.19375 0
1700585743807 2.0896484375 0
1700585780047 2.0802734375 0
1700585816156 2.0697265625 0
1700585852337 1.9283203125 0
1700585888647 1.91181640625 0
1700585924804 1.871484375 0
1700585961036 1.78134765625 0
1700585997068 1.74404296875 0
1700586033296 1.71572265625 0
1700586069480 1.6287109375 0
1700586108206 1.667578125 0
1700586147347 1.415234375 0
1700586187279 1.33828125 0
1700586227328 1.32958984375 0
1700586263785 1.29326171875 0
1700586300271 1.25400390625 0
1700586336557 1.1916015625 0
1700586372624 1.1693359375 0
1700586408849 1.18017578125 0
1700586444995 1.13623046875 0
1700586481013 1.12412109375 0
1700586517156 0.86376953125 0
1700586553411 0.90205078125 0
1700586589644 0.80107421875 0
1700586625823 0.8236328125 0
1700586661891 0.80205078125 0
1700586698097 0.7408203125 0
1700586734455 0.696484375 0
1700586770655 0.62578125 0
1700586806751 0.6353515625 0
1700586842887 0.63125 0
1700586879000 0.60556640625 0
1700586915371 0.55830078125 0
1700586951696 0.45068359375 0
1700586987923 0.54033203125 0
1700587024067 0.40537109375 0
1700587060066 0.41123046875 0
1700587096299 0.319921875 0
1700587132511 0.34765625 0
1700587168687 0.37919921875 0
1700587204895 0.39423828125 0
1700587241079 0.26552734375 0
1700587277243 0.37119140625 0
1700587313245 0.3126953125 0
1700587349499 0.25 0
1700587385586 0.17529296875 0
1700587421685 0.23759765625 0
