1700577701273 0.0033052696465210593 0
1700577734610 0.003358294926776787 0
1700577770940 0.00371190303347889 0
1700577808158 0.0038217142455936096 0
1700577844383 0.003906912599820547 0
1700577880795 0.004264204922117718 0
1700577917020 0.005114449429388491 0
1700577953446 0.005477246534021407 0
1700577990193 0.007221360898388482 0
1700578027179 0.0128533312076114 0
1700578063353 0.020918626241733372 0
1700578100634 0.03190274683305019 0
1700578136610 0.04099591593668251 0
1700578173126 0.053623670741066415 0
1700578209305 0.0639708412743603 0
1700578246800 0.07475097902080556 0
1700578282880 0.08434887531507818 0
1700578319024 0.09365697398086903 0
1700578355088 0.10145697816048262 0
1700578391450 0.10433617404087837 0
1700578427331 0.1054143434670305 0
1700578463363 0.10640743513799085 0
1700578499266 0.10643447943302016 0
1700578535303 0.10566283322368879 0
1700578571491 0.10447345805291684 0
1700578607681 0.10232794284820557 0
1700578643689 0.09951965858281585 0
1700578679851 0.09198969757001017 0
1700578715900 0.08239774243819281 0
1700578752766 0.07312959587018107 0
1700578788971 0.07051058785285357 0
1700578825079 0.07467074499229076 0
1700578861258 0.0829097471088943 0
1700578897419 0.0910560911801195 0
1700578933977 0.09460861324646312 0
1700578969979 0.09715891563830598 0
1700579008569 0.09958126168176917 0
1700579047204 0.10320666602238472 0
1700579086724 0.10643377900123596 0
1700579126918 0.11014114636831333 0
1700579163754 0.1155347305258321 0
1700579199689 0.12179064333747705 0
1700579235900 0.12709399362919863 0
1700579272206 0.13523539962546197 0
1700579308450 0.14192529601754303 0
1700579344738 0.15026862695427137 0
1700579380896 0.15838816715645668 0
1700579416982 0.1645930468109605 0
1700579453200 0.17231293123003114 0
1700579489217 0.177213939051554 0
1700579525381 0.18335050622416285 0
1700579561391 0.189210267882273 0
1700579597579 0.19446014138083384 0
1700579633605 0.20072540640830994 0
1700579669709 0.20407987274036507 0
1700579705574 0.20733524974763703 0
1700579741717 0.21138114972435748 0
1700579777774 0.21432623591447741 0
1700579813867 0.21713638012273323 0
1700579850234 0.22036026364163414 0
1700579886567 0.22261670231819153 0
1700579922508 0.22517655426974123 0
1700579958491 0.22693703458716832 0
1700579994437 0.22955328164323005 0
1700580030452 0.2313844265097781 0
1700580066630 0.23411328882133406 0
1700580102739 0.23604179972811684 0
1700580138824 0.23754688495181386 0
1700580174609 0.23979068049495084 0
1700580210697 0.24255982056800565 0
1700580246836 0.24487306602260608 0
1700580282816 0.2472892326394511 0
1700580318688 0.24876294111340774 0
1700580354869 0.2510207788005394 0
1700580390703 0.2529141671299317 0
1700580426858 0.25571441588624155 0
1700580462764 0.2584154974920144 0
1700580498664 0.2615527476671446 0
1700580534495 0.2643209095137107 0
1700580570552 0.2679747594761725 0
1700580606853 0.2706166203157889 0
1700580642982 0.2742313341155571 0
1700580678924 0.27736840980040595 0
1700580714976 0.2796131364730973 0
1700580750915 0.28315658628014084 0
1700580787033 0.28688794467115647 0
1700580823133 0.2906108089370431 0
1700580858930 0.2934195263398126 0
1700580895045 0.29770292519287744 0
1700580930984 0.29954557004987886 0
1700580967184 0.3026695893836145 0
1700581003315 0.305530023698362 0
1700581039138 0.30835696082041053 0
1700581077447 0.3113237267331138 0
1700581116835 0.3134211110327528 0
1700581156500 0.31602385532053023 0
1700581196121 0.31951788793573727 0
1700581232034 0.32281218723929606 0
1700581268306 0.32644561736077227 0
1700581304495 0.32876496240882674 0
1700581340389 0.33163465598086617 0
1700581376288 0.33570081520574696 0
1700581412451 0.3378840079579329 0
1700581448456 0.3406062331533185 0
1700581484536 0.3430313159147075 0
1700581520602 0.345674644943346 0
1700581556487 0.34939107098109984 0
1700581592551 0.3526112051207785 0
1700581628571 0.35637090706454655 0
1700581664411 0.3593049629982271 0
1700581700757 0.36192485026127313 0
1700581736649 0.3643044449504793 0
1700581772594 0.3659289797353003 0
1700581808541 0.36803924450602554 0
1700581844537 0.37067254837312846 0
1700581880575 0.37318644993045785 0
1700581916433 0.3758242537938251 0
1700581952424 0.3778356160833428 0
1700581988191 0.3796295881889027 0
1700582024061 0.3810977401511039 0
1700582060197 0.38345616036746166 0
1700582096382 0.38541526467071296 0
1700582132231 0.38781950757911166 0
1700582168233 0.39007794702608967 0
1700582204184 0.3930566965607164 0
1700582240086 0.3958156130474466 0
1700582275981 0.397654473163921 0
1700582311785 0.40065018809521136 0
1700582347842 0.4029308206985652 0
1700582383996 0.4052666147755835 0
1700582420125 0.40704821258628926 0
1700582456098 0.40901831904223546 0
1700582492109 0.4109590467393707 0
1700582528028 0.41264520608699384 0
1700582603982 0.4151773299886773 0
1700582640306 0.4180120847385782 0
1700582676849 0.4204057825661694 0
1700582713270 0.4229601062641243 0
1700582749574 0.42516228633841086 0
1700582785938 0.4270796819054401 0
1700582822248 0.4291725916874841 0
1700582858356 0.4307451992454924 0
1700582894449 0.4328740154214474 0
1700582930569 0.4345384181472304 0
1700582966974 0.43585161007747747 0
1700583003789 0.4378604836414515 0
1700583043563 0.4393630384472368 0
1700583083832 0.4407715559623402 0
1700583124270 0.4427231062261552 0
1700583161899 0.4443805789082779 0
1700583198190 0.44596420297968575 0
1700583234361 0.44754229709892074 0
1700583270685 0.44939589361452686 0
1700583306879 0.451136397574232 0
1700583343086 0.45264812269359056 0
1700583379244 0.4540919100991185 0
1700583415541 0.4559683711726431 0
1700583451838 0.45744409585863816 0
1700583488221 0.4587065148230044 0
1700583524335 0.4605031887484338 0
1700583560591 0.4621772457280925 0
1700583596848 0.46380345932560263 0
1700583633111 0.46535026285932474 0
1700583669132 0.4666501289822277 0
1700583705366 0.46790672769200614 0
1700583741337 0.46918521860102913 0
1700583777667 0.4703530695463092 0
1700583813752 0.4713391232367007 0
1700583850152 0.4724065886877979 0
1700583886285 0.4733475720017685 0
1700583922367 0.47441632806328293 0
1700583958744 0.475360483703218 0
1700583994872 0.4764536742719344 0
1700584031034 0.4775424250666959 0
1700584067299 0.4786036329565888 0
1700584103637 0.4794763709597019 0
1700584139896 0.48047216383286706 0
1700584176128 0.48179165934033963 0
1700584212359 0.4829935558101674 0
1700584248680 0.4838889119229786 0
1700584284753 0.4847489962923712 0
1700584320918 0.48591145502470934 0
1700584357179 0.4867960869339464 0
1700584393596 0.48773566660485734 0
1700584429795 0.48851823961178875 0
1700584465916 0.4896978708128855 0
1700584501978 0.49041199962092186 0
1700584538170 0.4910896911522267 0
1700584574422 0.49176530825659404 0
1700584610685 0.4923915115662807 0
1700584646793 0.4929321368123583 0
1700584683090 0.4935524834252392 0
1700584719309 0.49417908389333615 0
1700584755476 0.49497338388250284 0
1700584791668 0.4958241523238661 0
1700584827785 0.4967436348836039 0
1700584863731 0.4972497579964949 0
1700584899936 0.4980563246524396 0
1700584936184 0.498941658074374 0
1700584972262 0.4997016296485545 0
1700585008466 0.5003961127039065 0
1700585044847 0.5011128474393657 0
1700585081047 0.501819358279668 0
1700585120486 0.5025367336878505 0
1700585159797 0.5030791561838259 0
1700585200034 0.5035921901927711 0
1700585239214 0.5042225726219038 0
1700585275511 0.504778785100255 0
1700585311627 0.5053121066155212 0
1700585347835 0.5058371155990837 0
1700585384241 0.5063150061844545 0
1700585420571 0.50657052388463 0
1700585456628 0.5069414438978995 0
1700585492631 0.5074011274261178 0
1700585528944 0.507839622892864 0
1700585565066 0.5081530902052173 0
1700585601262 0.5086817847941206 0
1700585637465 0.5092199463300754 0
1700585673772 0.5097223626826094 0
1700585710122 0.5103167451416273 0
1700585746257 0.5106023336939244 0
1700585782441 0.5109928639441574 0
1700585818574 0.5113735751784527 0
1700585854764 0.5116493243318765 0
1700585891035 0.5120523877712111 0
1700585927214 0.5123409545483367 0
1700585963445 0.5127937449383612 0
1700585999488 0.513260856193582 0
1700586035682 0.5135557018413445 0
1700586071868 0.5139967688007058 0
1700586110748 0.5144634265356113 0
1700586149971 0.5147742051534702 0
1700586189891 0.5154332234451808 0
1700586229751 0.5157625675201416 0
1700586266185 0.5159460306167603 0
1700586302730 0.5162945189006588 0
1700586338915 0.5166557539312333 0
1700586375040 0.5168905801723658 0
1700586411256 0.5171270148124102 0
1700586447404 0.5175088894181918 0
1700586483438 0.5177934940306016 0
1700586519548 0.5182764175024674 0
1700586555819 0.5187350375664667 0
1700586591999 0.5190355482805579 0
1700586628218 0.5194665860635629 0
1700586664298 0.5197316661399881 0
1700586700575 0.5199662218439765 0
1700586736871 0.5201557942622684 0
1700586773037 0.5205254335477563 0
1700586809096 0.5207791946094888 0
1700586845294 0.5210586529939286 0
1700586881411 0.5212995653943077 0
1700586917770 0.521526023050664 0
1700586954128 0.5219064796526816 0
1700586990347 0.5221280551327325 0
1700587026437 0.522511518217739 0
1700587062431 0.5227282143009759 0
1700587098661 0.5230890073924485 0
1700587134905 0.5232863846220501 0
1700587171091 0.5234917853162696 0
1700587207332 0.5237116282468015 0
1700587243479 0.5239555415711872 0
1700587279622 0.524328789562759 0
1700587315601 0.5247934814253001 0
1700587351928 0.5249795720676066 0
1700587388003 0.5251977473034142 0
1700587424086 0.525544947910803 0
