1700577701272 21404944.0 0
1700577734608 21748336.0 0
1700577770939 24038304.0 0
1700577808157 24749442.0 0
1700577844381 25301187.0 0
1700577880793 27615014.0 0
1700577917018 33121202.0 0
1700577953445 35470678.0 0
1700577990192 46765572.0 0
1700578027178 83238242.0 0
1700578063352 135469136.0 0
1700578100633 206602360.0 0
1700578136608 265489772.0 0
1700578173125 347267180.0 0
1700578209303 414275512.0 0
1700578246799 484087742.0 0
1700578282878 546243770.0 0
1700578319023 606523067.0 0
1700578355087 657035936.0 0
1700578391449 675681624.0 0
1700578427330 682663855.0 0
1700578463362 689095122.0 0
1700578499265 689270261.0 0
1700578535302 684273076.0 0
1700578571490 676570676.0 0
1700578607680 662676308.0 0
1700578643688 644489844.0 0
1700578679850 595725776.0 0
1700578715899 533608223.0 0
1700578752765 473587656.0 0
1700578788970 456626946.0 0
1700578825077 483568146.0 0
1700578861257 536923968.0 0
1700578897418 589679736.0 0
1700578933976 612685888.0 0
1700578969978 629201660.0 0
1700579008567 644888786.0 0
1700579047203 668366924.0 0
1700579086722 689265725.0 0
1700579126917 713274656.0 0
1700579163753 748203536.0 0
1700579199688 788716861.0 0
1700579235899 823061386.0 0
1700579272205 875785175.0 0
1700579308449 919108980.0 0
1700579344737 973140436.0 0
1700579380895 1025722622.0 0
1700579416980 1065905456.0 0
1700579453198 1115899469.0 0
1700579489216 1147638422.0 0
1700579525380 1187378864.0 0
1700579561389 1225326712.0 0
1700579597578 1259324921.0 0
1700579633604 1299898811.0 0
1700579669707 1321622353.0 0
1700579705573 1342704192.0 0
1700579741716 1368905462.0 0
1700579777773 1387977856.0 0
1700579813865 1406176365.0 0
1700579850233 1427054252.0 0
1700579886565 1441666961.0 0
1700579922506 1458244576.0 0
1700579958490 1469645456.0 0
1700579994436 1486588286.0 0
1700580030450 1498446790.0 0
1700580066629 1516118917.0 0
1700580102738 1528607964.0 0
1700580138823 1538354904.0 0
1700580174608 1552885736.0 0
1700580210696 1570818702.0 0
1700580246835 1585799292.0 0
1700580282815 1601446400.0 0
1700580318687 1610990144.0 0
1700580354867 1625611913.0 0
1700580390702 1637873506.0 0
1700580426857 1656007932.0 0
1700580462763 1673500151.0 0
1700580498663 1693817000.0 0
1700580534493 1711743631.0 0
1700580570551 1735405983.0 0
1700580606852 1752514688.0 0
1700580642981 1775923594.0 0
1700580678923 1796239313.0 0
1700580714974 1810776175.0 0
1700580750914 1833723575.0 0
1700580787032 1857887872.0 0
1700580823132 1881997161.0 0
1700580858929 1900186430.0 0
1700580895044 1927925744.0 0
1700580930983 1939858722.0 0
1700580967183 1960089888.0 0
1700581003314 1978614076.0 0
1700581039137 1996921336.0 0
1700581077445 2016134128.0 0
1700581116834 2029716800.0 0
1700581156498 2046572186.0 0
1700581196120 2069199560.0 0
1700581232033 2090533460.0 0
1700581268305 2114063573.0 0
1700581304494 2129083664.0 0
1700581340388 2147667815.0 0
1700581376287 2174000284.0 0
1700581412450 2188138652.0 0
1700581448455 2205767797.0 0
1700581484535 2221472646.0 0
1700581520601 2238590859.0 0
1700581556486 2262658454.0 0
1700581592550 2283512060.0 0
1700581628570 2307859910.0 0
1700581664410 2326860872.0 0
1700581700756 2343827276.0 0
1700581736648 2359237544.0 0
1700581772593 2369758040.0 0
1700581808540 2383424126.0 0
1700581844535 2400477416.0 0
1700581880573 2416757456.0 0
1700581916431 2433839888.0 0
1700581952423 2446865481.0 0
1700581988190 2458483254.0 0
1700582024060 2467991014.0 0
1700582060196 2483264156.0 0
1700582096381 2495951326.0 0
1700582132230 2511521216.0 0
1700582168232 2526146882.0 0
1700582204183 2545437280.0 0
1700582240085 2563304038.0 0
1700582275979 2575212506.0 0
1700582311784 2594612772.0 0
1700582347841 2609382161.0 0
1700582383994 2624508776.0 0
1700582420124 2636046413.0 0
1700582456096 2648804833.0 0
1700582492108 2661372996.0 0
1700582528027 2672292573.0 0
1700582603981 2688690621.0 0
1700582640305 2707048508.0 0
1700582676848 2722550108.0 0
1700582713269 2739091922.0 0
1700582749573 2753353252.0 0
1700582785937 2765770316.0 0
1700582822247 2779324011.0 0
1700582858355 2789508226.0 0
1700582894448 2803294451.0 0
1700582930568 2814073132.0 0
1700582966973 2822577370.0 0
1700583003788 2835586846.0 0
1700583043562 2845317399.0 0
1700583083831 2854438966.0 0
1700583124269 2867077216.0 0
1700583161898 2877811018.0 0
1700583198188 2888066576.0 0
1700583234360 2898286322.0 0
1700583270684 2910290223.0 0
1700583306878 2921561736.0 0
1700583343085 2931351676.0 0
1700583379243 2940701651.0 0
1700583415540 2952853623.0 0
1700583451837 2962410424.0 0
1700583488220 2970585856.0 0
1700583524334 2982221126.0 0
1700583560590 2993062328.0 0
1700583596847 3003593696.0 0
1700583633110 3013610804.0 0
1700583669130 3022028744.0 0
1700583705365 3030166484.0 0
1700583741336 3038445998.0 0
1700583777666 3046009007.0 0
1700583813751 3052394696.0 0
1700583850151 3059307608.0 0
1700583886284 3065401421.0 0
1700583922365 3072322691.0 0
1700583958743 3078437048.0 0
1700583994871 3085516556.0 0
1700584031033 3092567312.0 0
1700584067298 3099439700.0 0
1700584103635 3105091556.0 0
1700584139894 3111540316.0 0
1700584176127 3120085376.0 0
1700584212358 3127868864.0 0
1700584248679 3133667195.0 0
1700584284752 3139237106.0 0
1700584320917 3146765195.0 0
1700584357178 3152494076.0 0
1700584393595 3158578799.0 0
1700584429793 3163646746.0 0
1700584465915 3171286044.0 0
1700584501977 3175910746.0 0
1700584538169 3180299480.0 0
1700584574420 3184674780.0 0
1700584610684 3188730076.0 0
1700584646792 3192231168.0 0
1700584683088 3196248536.0 0
1700584719308 3200306404.0 0
1700584755475 3205450295.0 0
1700584791667 3210959876.0 0
1700584827784 3216914450.0 0
1700584863730 3220192106.0 0
1700584899935 3225415436.0 0
1700584936183 3231148860.0 0
1700584972261 3236070440.0 0
1700585008465 3240567916.0 0
1700585044846 3245209494.0 0
1700585081046 3249784862.0 0
1700585120485 3254430589.0 0
1700585159796 3257943320.0 0
1700585200032 3261265731.0 0
1700585239213 3265348091.0 0
1700585275510 3268950126.0 0
1700585311625 3272403919.0 0
1700585347834 3275803880.0 0
1700585384240 3278898702.0 0
1700585420569 3280553436.0 0
1700585456626 3282955516.0 0
1700585492630 3285932429.0 0
1700585528943 3288772128.0 0
1700585565064 3290802144.0 0
1700585601261 3294225973.0 0
1700585637464 3297711110.0 0
1700585673771 3300964761.0 0
1700585710121 3304813985.0 0
1700585746256 3306663458.0 0
1700585782440 3309192534.0 0
1700585818572 3311658022.0 0
1700585854763 3313443775.0 0
1700585891034 3316054016.0 0
1700585927213 3317922776.0 0
1700585963444 3320855049.0 0
1700585999487 3323880064.0 0
1700586035681 3325789486.0 0
1700586071867 3328645838.0 0
1700586110746 3331667916.0 0
1700586149970 3333680520.0 0
1700586189890 3337948326.0 0
1700586229750 3340081160.0 0
1700586266184 3341269268.0 0
1700586302729 3343526080.0 0
1700586338914 3345865440.0 0
1700586375039 3347386176.0 0
1700586411255 3348917328.0 0
1700586447403 3351390350.0 0
1700586483437 3353233451.0 0
1700586519547 3356360866.0 0
1700586555818 3359330892.0 0
1700586591998 3361277001.0 0
1700586628217 3364068404.0 0
1700586664297 3365785064.0 0
1700586700574 3367304048.0 0
1700586736870 3368531720.0 0
1700586773036 3370925506.0 0
1700586809094 3372568864.0 0
1700586845293 3374378638.0 0
1700586881409 3375938788.0 0
1700586917769 3377405329.0 0
1700586954127 3379869168.0 0
1700586990345 3381304092.0 0
1700587026435 3383787401.0 0
1700587062430 3385190726.0 0
1700587098660 3387527224.0 0
1700587134904 3388805440.0 0
1700587171089 3390135616.0 0
1700587207331 3391559320.0 0
1700587243478 3393138904.0 0
1700587279621 3395556060.0 0
1700587315600 3398565407.0 0
1700587351927 3399770531.0 0
1700587388001 3401183435.0 0
1700587424084 3403431908.0 0
