1700577701273 6454600432.0 0
1700577734609 6454257040.0 0
1700577770940 6451967072.0 0
1700577808158 6451255934.0 0
1700577844382 6450704189.0 0
1700577880794 6448390362.0 0
1700577917019 6442884174.0 0
1700577953445 6440534698.0 0
1700577990193 6429239804.0 0
1700578027178 6392767134.0 0
1700578063352 6340536240.0 0
1700578100633 6269403016.0 0
1700578136609 6210515604.0 0
1700578173125 6128738196.0 0
1700578209304 6061729864.0 0
1700578246799 5991917634.0 0
1700578282879 5929761606.0 0
1700578319023 5869482309.0 0
1700578355088 5818969440.0 0
1700578391450 5800323752.0 0
1700578427330 5793341521.0 0
1700578463363 5786910254.0 0
1700578499266 5786735115.0 0
1700578535302 5791732300.0 0
1700578571491 5799434700.0 0
1700578607681 5813329068.0 0
1700578643688 5831515532.0 0
1700578679851 5880279600.0 0
1700578715900 5942397153.0 0
1700578752765 6002417720.0 0
1700578788971 6019378430.0 0
1700578825078 5992437230.0 0
1700578861257 5939081408.0 0
1700578897418 5886325640.0 0
1700578933977 5863319488.0 0
1700578969978 5846803716.0 0
1700579008568 5831116590.0 0
1700579047203 5807638452.0 0
1700579086723 5786739651.0 0
1700579126917 5762730720.0 0
1700579163754 5727801840.0 0
1700579199689 5687288515.0 0
1700579235900 5652943990.0 0
1700579272205 5600220201.0 0
1700579308450 5556896396.0 0
1700579344737 5502864940.0 0
1700579380895 5450282754.0 0
1700579416981 5410099920.0 0
1700579453199 5360105907.0 0
1700579489216 5328366954.0 0
1700579525381 5288626512.0 0
1700579561390 5250678664.0 0
1700579597579 5216680455.0 0
1700579633605 5176106565.0 0
1700579669708 5154383023.0 0
1700579705574 5133301184.0 0
1700579741717 5107099914.0 0
1700579777774 5088027520.0 0
1700579813866 5069829011.0 0
1700579850234 5048951124.0 0
1700579886566 5034338415.0 0
1700579922507 5017760800.0 0
1700579958491 5006359920.0 0
1700579994436 4989417090.0 0
1700580030451 4977558586.0 0
1700580066629 4959886459.0 0
1700580102738 4947397412.0 0
1700580138824 4937650472.0 0
1700580174608 4923119640.0 0
1700580210696 4905186674.0 0
1700580246836 4890206084.0 0
1700580282815 4874558976.0 0
1700580318688 4865015232.0 0
1700580354868 4850393463.0 0
1700580390703 4838131870.0 0
1700580426857 4819997444.0 0
1700580462764 4802505225.0 0
1700580498663 4782188376.0 0
1700580534494 4764261745.0 0
1700580570551 4740599393.0 0
1700580606853 4723490688.0 0
1700580642982 4700081782.0 0
1700580678923 4679766063.0 0
1700580714975 4665229201.0 0
1700580750914 4642281801.0 0
1700580787033 4618117504.0 0
1700580823132 4594008215.0 0
1700580858930 4575818946.0 0
1700580895044 4548079632.0 0
1700580930983 4536146654.0 0
1700580967184 4515915488.0 0
1700581003315 4497391300.0 0
1700581039138 4479084040.0 0
1700581077446 4459871248.0 0
1700581116834 4446288576.0 0
1700581156499 4429433190.0 0
1700581196120 4406805816.0 0
1700581232034 4385471916.0 0
1700581268305 4361941803.0 0
1700581304495 4346921712.0 0
1700581340389 4328337561.0 0
1700581376288 4302005092.0 0
1700581412451 4287866724.0 0
1700581448456 4270237579.0 0
1700581484535 4254532730.0 0
1700581520602 4237414517.0 0
1700581556487 4213346922.0 0
1700581592550 4192493316.0 0
1700581628570 4168145466.0 0
1700581664411 4149144504.0 0
1700581700756 4132178100.0 0
1700581736649 4116767832.0 0
1700581772593 4106247336.0 0
1700581808541 4092581250.0 0
1700581844536 4075527960.0 0
1700581880574 4059247920.0 0
1700581916432 4042165488.0 0
1700581952424 4029139895.0 0
1700581988191 4017522122.0 0
1700582024061 4008014362.0 0
1700582060196 3992741220.0 0
1700582096381 3980054050.0 0
1700582132230 3964484160.0 0
1700582168232 3949858494.0 0
1700582204183 3930568096.0 0
1700582240086 3912701338.0 0
1700582275980 3900792870.0 0
1700582311785 3881392604.0 0
1700582347842 3866623215.0 0
1700582383995 3851496600.0 0
1700582420125 3839958963.0 0
1700582456097 3827200543.0 0
1700582492108 3814632380.0 0
1700582528028 3803712803.0 0
1700582603982 3787314755.0 0
1700582640305 3768956868.0 0
1700582676848 3753455268.0 0
1700582713270 3736913454.0 0
1700582749574 3722652124.0 0
1700582785937 3710235060.0 0
1700582822247 3696681365.0 0
1700582858356 3686497150.0 0
1700582894449 3672710925.0 0
1700582930569 3661932244.0 0
1700582966973 3653428006.0 0
1700583003788 3640418530.0 0
1700583043562 3630687977.0 0
1700583083831 3621566410.0 0
1700583124269 3608928160.0 0
1700583161899 3598194358.0 0
1700583198189 3587938800.0 0
1700583234360 3577719054.0 0
1700583270685 3565715153.0 0
1700583306879 3554443640.0 0
1700583343086 3544653700.0 0
1700583379243 3535303725.0 0
1700583415540 3523151753.0 0
1700583451837 3513594952.0 0
1700583488221 3505419520.0 0
1700583524334 3493784250.0 0
1700583560590 3482943048.0 0
1700583596847 3472411680.0 0
1700583633110 3462394572.0 0
1700583669131 3453976632.0 0
1700583705365 3445838892.0 0
1700583741337 3437559378.0 0
1700583777667 3429996369.0 0
1700583813751 3423610680.0 0
1700583850151 3416697768.0 0
1700583886285 3410603955.0 0
1700583922366 3403682685.0 0
1700583958744 3397568328.0 0
1700583994871 3390488820.0 0
1700584031033 3383438064.0 0
1700584067299 3376565676.0 0
1700584103636 3370913820.0 0
1700584139895 3364465060.0 0
1700584176127 3355920000.0 0
1700584212358 3348136512.0 0
1700584248679 3342338181.0 0
1700584284752 3336768270.0 0
1700584320917 3329240181.0 0
1700584357178 3323511300.0 0
1700584393595 3317426577.0 0
1700584429794 3312358630.0 0
1700584465915 3304719332.0 0
1700584501978 3300094630.0 0
1700584538170 3295705896.0 0
1700584574421 3291330596.0 0
1700584610685 3287275300.0 0
1700584646793 3283774208.0 0
1700584683089 3279756840.0 0
1700584719309 3275698972.0 0
1700584755475 3270555081.0 0
1700584791668 3265045500.0 0
1700584827784 3259090926.0 0
1700584863731 3255813270.0 0
1700584899936 3250589940.0 0
1700584936183 3244856516.0 0
1700584972261 3239934936.0 0
1700585008465 3235437460.0 0
1700585044847 3230795882.0 0
1700585081047 3226220514.0 0
1700585120486 3221574787.0 0
1700585159796 3218062056.0 0
1700585200033 3214739645.0 0
1700585239213 3210657285.0 0
1700585275511 3207055250.0 0
1700585311626 3203601457.0 0
1700585347834 3200201496.0 0
1700585384240 3197106674.0 0
1700585420570 3195451940.0 0
1700585456627 3193049860.0 0
1700585492630 3190072947.0 0
1700585528943 3187233248.0 0
1700585565065 3185203232.0 0
1700585601261 3181779403.0 0
1700585637464 3178294266.0 0
1700585673771 3175040615.0 0
1700585710121 3171191391.0 0
1700585746257 3169341918.0 0
1700585782441 3166812842.0 0
1700585818573 3164347354.0 0
1700585854764 3162561601.0 0
1700585891035 3159951360.0 0
1700585927213 3158082600.0 0
1700585963445 3155150327.0 0
1700585999487 3152125312.0 0
1700586035682 3150215890.0 0
1700586071867 3147359538.0 0
1700586110747 3144337460.0 0
1700586149971 3142324856.0 0
1700586189891 3138057050.0 0
1700586229750 3135924216.0 0
1700586266184 3134736108.0 0
1700586302730 3132479296.0 0
1700586338914 3130139936.0 0
1700586375040 3128619200.0 0
1700586411255 3127088048.0 0
1700586447404 3124615026.0 0
1700586483438 3122771925.0 0
1700586519548 3119644510.0 0
1700586555819 3116674484.0 0
1700586591999 3114728375.0 0
1700586628218 3111936972.0 0
1700586664297 3110220312.0 0
1700586700575 3108701328.0 0
1700586736871 3107473656.0 0
1700586773036 3105079870.0 0
1700586809095 3103436512.0 0
1700586845294 3101626738.0 0
1700586881410 3100066588.0 0
1700586917769 3098600047.0 0
1700586954127 3096136208.0 0
1700586990346 3094701284.0 0
1700587026436 3092217975.0 0
1700587062430 3090814650.0 0
1700587098661 3088478152.0 0
1700587134904 3087199936.0 0
1700587171090 3085869760.0 0
1700587207331 3084446056.0 0
1700587243478 3082866472.0 0
1700587279622 3080449316.0 0
1700587315601 3077439969.0 0
1700587351927 3076234845.0 0
1700587388002 3074821941.0 0
1700587424085 3072573468.0 0
