1700577698861 0.0 0
1700577732189 0.0033809166040570998 0
1700577768526 0.007137490608564989 0
1700577805752 0.010894064613072877 0
1700577841952 0.014650638617580767 0
1700577878385 0.018407212622088654 0
1700577914579 0.022163786626596543 0
1700577951040 0.025920360631104433 0
1700577987777 0.029676934635612322 0
1700578024783 0.03343350864012021 0
1700578060951 0.0371900826446281 0
1700578098197 0.040946656649135986 0
1700578134189 0.04470323065364388 0
1700578170759 0.048459804658151764 0
1700578206923 0.05221637866265966 0
1700578244399 0.05597295266716754 0
1700578280482 0.05972952667167543 0
1700578316627 0.06348610067618332 0
1700578352705 0.06724267468069121 0
1700578389017 0.07099924868519909 0
1700578424949 0.07475582268970699 0
1700578460970 0.07851239669421488 0
1700578496855 0.08226897069872277 0
1700578532899 0.08602554470323065 0
1700578569081 0.08978211870773854 0
1700578605265 0.09353869271224644 0
1700578641289 0.09729526671675431 0
1700578677399 0.1010518407212622 0
1700578713512 0.1048084147257701 0
1700578750362 0.10856498873027799 0
1700578786557 0.11232156273478587 0
1700578822649 0.11607813673929376 0
1700578858856 0.11983471074380166 0
1700578895012 0.12359128474830954 0
1700578931586 0.12734785875281743 0
1700578967575 0.1311044327573253 0
1700579006022 0.1348610067618332 0
1700579044665 0.1386175807663411 0
1700579084156 0.142374154770849 0
1700579124444 0.14613072877535688 0
1700579161301 0.14988730277986476 0
1700579197317 0.15364387678437266 0
1700579233472 0.15740045078888054 0
1700579269768 0.16115702479338842 0
1700579306015 0.16491359879789633 0
1700579342234 0.1686701728024042 0
1700579378373 0.17242674680691208 0
1700579414505 0.17618332081142 0
1700579450704 0.17993989481592787 0
1700579486773 0.18369646882043575 0
1700579522957 0.18745304282494366 0
1700579558969 0.19120961682945153 0
1700579595189 0.19496619083395944 0
1700579631195 0.19872276483846732 0
1700579667276 0.2024793388429752 0
1700579703148 0.2062359128474831 0
1700579739266 0.20999248685199098 0
1700579775392 0.21374906085649886 0
1700579811470 0.21750563486100677 0
1700579847832 0.22126220886551465 0
1700579884157 0.22501878287002253 0
1700579920145 0.22877535687453043 0
1700579956053 0.2325319308790383 0
1700579992008 0.23628850488354622 0
1700580028060 0.2400450788880541 0
1700580064214 0.24380165289256198 0
1700580100332 0.24755822689706988 0
1700580136434 0.25131480090157776 0
1700580172211 0.25507137490608567 0
1700580208300 0.2588279489105935 0
1700580244436 0.2625845229151014 0
1700580280414 0.26634109691960933 0
1700580316261 0.2700976709241172 0
1700580352438 0.2738542449286251 0
1700580388321 0.277610818933133 0
1700580424433 0.28136739293764085 0
1700580460345 0.28512396694214875 0
1700580496265 0.28888054094665666 0
1700580532109 0.2926371149511645 0
1700580568178 0.2963936889556724 0
1700580604457 0.3001502629601803 0
1700580640561 0.30390683696468823 0
1700580676540 0.3076634109691961 0
1700580712590 0.311419984973704 0
1700580748532 0.3151765589782119 0
1700580784652 0.31893313298271975 0
1700580820657 0.32268970698722765 0
1700580856513 0.32644628099173556 0
1700580892645 0.3302028549962434 0
1700580928605 0.3339594290007513 0
1700580964780 0.3377160030052592 0
1700581000904 0.3414725770097671 0
1700581036741 0.345229151014275 0
1700581074915 0.3489857250187829 0
1700581114316 0.35274229902329074 0
1700581153974 0.35649887302779865 0
1700581193720 0.36025544703230655 0
1700581229636 0.3640120210368144 0
1700581265829 0.3677685950413223 0
1700581301995 0.3715251690458302 0
1700581337897 0.37528174305033807 0
1700581373872 0.379038317054846 0
1700581410032 0.3827948910593539 0
1700581446044 0.38655146506386173 0
1700581482112 0.39030803906836964 0
1700581518186 0.39406461307287755 0
1700581554095 0.39782118707738545 0
1700581590164 0.4015777610818933 0
1700581626191 0.4053343350864012 0
1700581662003 0.4090909090909091 0
1700581698355 0.41284748309541697 0
1700581734300 0.4166040570999249 0
1700581770251 0.4203606311044328 0
1700581806179 0.42411720510894063 0
1700581842128 0.42787377911344854 0
1700581878187 0.43163035311795644 0
1700581914048 0.4353869271224643 0
1700581950025 0.4391435011269722 0
1700581985831 0.4429000751314801 0
1700582021687 0.44665664913598796 0
1700582057763 0.45041322314049587 0
1700582094008 0.4541697971450038 0
1700582129864 0.4579263711495116 0
1700582165848 0.46168294515401953 0
1700582201776 0.46543951915852744 0
1700582237727 0.4691960931630353 0
1700582273580 0.4729526671675432 0
1700582309376 0.4767092411720511 0
1700582345462 0.48046581517655895 0
1700582381584 0.48422238918106686 0
1700582417729 0.48797896318557477 0
1700582453676 0.49173553719008267 0
1700582489736 0.4954921111945905 0
1700582525644 0.49924868519909843 0
1700582601592 0.5 0
1700582637880 0.5 0
1700582674491 0.5 0
1700582710912 0.5 0
1700582747206 0.5 0
1700582783544 0.5 0
1700582819827 0.5 0
1700582855984 0.5 0
1700582892085 0.5 0
1700582928170 0.5 0
1700582964505 0.5 0
1700583001276 0.5 0
1700583041027 0.5 0
1700583081363 0.5 0
1700583121747 0.5 0
1700583159523 0.5 0
1700583195813 0.5 0
1700583231962 0.5 0
1700583268273 0.5 0
1700583304492 0.5 0
1700583340661 0.5 0
1700583376865 0.5 0
1700583413125 0.5 0
1700583449468 0.5 0
1700583485812 0.5 0
1700583521948 0.5 0
1700583558192 0.5 0
1700583594471 0.5 0
1700583630716 0.5 0
1700583666769 0.5 0
1700583702974 0.5 0
1700583738984 0.5 0
1700583775284 0.5 0
1700583811394 0.5 0
1700583847786 0.5 0
1700583883913 0.5 0
1700583919987 0.5 0
1700583956375 0.5 0
1700583992480 0.5 0
1700584028641 0.5 0
1700584064908 0.5 0
1700584101237 0.5 0
1700584137509 0.5 0
1700584173676 0.5 0
1700584209980 0.5 0
1700584246210 0.5 0
1700584282361 0.5 0
1700584318520 0.5 0
1700584354804 0.5 0
1700584391208 0.5 0
1700584427392 0.5 0
1700584463517 0.5 0
1700584499614 0.5 0
1700584535771 0.5 0
1700584571975 0.5 0
1700584608229 0.5 0
1700584644338 0.5 0
1700584680601 0.5 0
1700584716921 0.5 0
1700584753116 0.5 0
1700584789267 0.5 0
1700584825412 0.5 0
1700584861318 0.5 0
1700584897495 0.5 0
1700584933754 0.5 0
1700584969846 0.5 0
1700585006055 0.5 0
1700585042462 0.5 0
1700585078544 0.5 0
1700585117915 0.5 0
1700585157264 0.5 0
1700585197452 0.5 0
1700585236816 0.5 0
1700585273109 0.5 0
1700585309263 0.5 0
1700585345451 0.5 0
1700585381828 0.5 0
1700585418128 0.5 0
1700585454246 0.5 0
1700585490232 0.5 0
1700585526513 0.5 0
1700585562668 0.5 0
1700585598845 0.5 0
1700585635057 0.5 0
1700585671351 0.5 0
1700585707705 0.5 0
1700585743812 0.5 0
1700585780052 0.5 0
1700585816161 0.5 0
1700585852343 0.5 0
1700585888652 0.5 0
1700585924809 0.5 0
1700585961041 0.5 0
1700585997073 0.5 0
1700586033301 0.5 0
1700586069484 0.5 0
1700586108212 0.5 0
1700586147351 0.5 0
1700586187321 0.5 0
1700586227333 0.5 0
1700586263790 0.5 0
1700586300276 0.5 0
1700586336561 0.5 0
1700586372629 0.5 0
1700586408854 0.5 0
1700586445000 0.5 0
1700586481018 0.5 0
1700586517161 0.5 0
1700586553416 0.5 0
1700586589649 0.5 0
1700586625828 0.5 0
1700586661897 0.5 0
1700586698102 0.5 0
1700586734460 0.5 0
1700586770660 0.5 0
1700586806756 0.5 0
1700586842892 0.5 0
1700586879005 0.5 0
1700586915376 0.5 0
1700586951701 0.5 0
1700586987928 0.5 0
1700587024072 0.5 0
1700587060071 0.5 0
1700587096304 0.5 0
1700587132516 0.5 0
1700587168692 0.5 0
1700587204900 0.5 0
1700587241084 0.5 0
1700587277248 0.5 0
1700587313250 0.5 0
1700587349504 0.5 0
1700587385592 0.5 0
1700587421690 0.5 0
