1700291442543 0.0013113617897033691 0
1700291510805 0.004042625427246094 0
1700291586661 0.004172861576080322 0
1700291662493 0.004285991191864014 0
1700291738475 0.004388213157653809 0
1700291814313 0.004495561122894287 0
1700291890561 0.004596352577209473 0
1700291966421 0.004692375659942627 0
1700292042553 0.0047653913497924805 0
1700292118375 0.0052645206451416016 0
1700292194410 0.005469202995300293 0
1700292270266 0.005658388137817383 0
1700292346285 0.005868375301361084 0
1700292422133 0.00599360466003418 0
1700292497933 0.006067216396331787 0
1700292573865 0.0061144232749938965 0
1700292649658 0.006170034408569336 0
1700292727727 0.0062105655670166016 0
1700292805070 0.006260037422180176 0
1700292880817 0.006328225135803223 0
