1700291442541 0.0 0
1700291510802 0.0013316964730620384 0
1700291586658 0.0025476427748799325 0
1700291662490 0.0010072965174913406 0
1700291738472 -0.002405453659594059 0
1700291814310 -0.005547838471829891 0
1700291890559 -0.0056847233325243 0
1700291966418 -0.0011231452226638794 0
1700292042550 0.008700076024979353 0
1700292118372 0.02287332760170102 0
1700292194407 0.04185850769281387 0
1700292270263 0.06578794717788697 0
1700292346282 0.09434336423873901 0
1700292422130 0.12817013263702393 0
1700292497930 0.16777656078338624 0
1700292573863 0.2131518840789795 0
1700292649655 0.2641247272491455 0
1700292727725 0.3206486701965332 0
1700292805067 0.3827507972717285 0
1700292880815 0.4501514434814453 0
