1700291442542 0.09999923408031464 0
1700291510804 0.9738256335258484 0
1700291586659 1.8726842403411865 0
1700291662491 2.497476577758789 0
1700291738474 2.6017062664031982 0
1700291814312 2.027595043182373 0
1700291890560 0.9024048447608948 0
1700291966420 -0.5325733423233032 0
1700292042552 -2.1190855503082275 0
1700292118373 -3.765260934829712 0
1700292194408 -5.433300971984863 0
1700292270264 -7.119962215423584 0
1700292346283 -8.818869590759277 0
1700292422131 -10.525904655456543 0
1700292497931 -12.24163818359375 0
1700292573864 -13.965750694274902 0
1700292649656 -15.69642448425293 0
1700292727726 -17.430988311767578 0
1700292805068 -19.167585372924805 0
1700292880816 -20.904335021972656 0
