1700291442542 0.09942184388637543 0
1700291510805 0.9278960227966309 0
1700291586660 1.70488703250885 0
1700291662492 2.130115270614624 0
1700291738475 2.353454113006592 0
1700291814312 2.8735530376434326 0
1700291890560 4.063629627227783 0
1700291966420 5.703691482543945 0
1700292042552 7.536655902862549 0
1700292118374 9.438850402832031 0
1700292194409 11.37610149383545 0
1700292270265 13.352191925048828 0
1700292346284 15.35721206665039 0
1700292422132 17.384828567504883 0
1700292497932 19.436304092407227 0
1700292573865 21.510072708129883 0
1700292649657 23.601655960083008 0
1700292727726 25.70540428161621 0
1700292805069 27.817676544189453 0
1700292880817 29.934799194335938 0
