1700291442541 4.9993894993894995e-05 0
1700291510803 4.993894993894994e-05 0
1700291586659 4.987789987789988e-05 0
1700291662491 4.981684981684982e-05 0
1700291738473 4.975579975579976e-05 0
1700291814311 4.9694749694749696e-05 0
1700291890559 4.963369963369964e-05 0
1700291966419 4.9572649572649575e-05 0
1700292042551 4.951159951159952e-05 0
1700292118373 4.945054945054945e-05 0
1700292194408 4.9389499389499396e-05 0
1700292270264 4.932844932844933e-05 0
1700292346283 4.9267399267399275e-05 0
1700292422131 4.9206349206349204e-05 0
1700292497931 4.9145299145299147e-05 0
1700292573863 4.908424908424908e-05 0
1700292649656 4.9023199023199025e-05 0
1700292727725 4.896214896214896e-05 0
1700292805067 4.8901098901098904e-05 0
1700292880815 4.884004884004884e-05 0
