1700291444909 0.0032958008464753935 0
1700291513252 0.0033469323667219882 0
1700291589060 0.0037043298464364957 0
1700291664981 0.003772488529818046 0
1700291740948 0.0038463271034813915 0
1700291816717 0.003937205347990125 0
1700291892950 0.004028083592498858 0
1700291968835 0.004100028869401606 0
1700292044953 0.0041644009592619585 0
1700292120819 0.004236346236164706 0
1700292196813 0.004572736784584164 0
1700292272637 0.004693878129356266 0
1700292348705 0.0050680410367837225 0
1700292424537 0.005162659549960201 0
1700292500303 0.005232677249710794 0
1700292576235 0.005042159495576058 0
1700292652116 0.0051008373344500445 0
1700292730156 0.005159515173324031 0
1700292807442 0.005206836011125634 0
1700292883209 0.005259835349463428 0
