1700291444908 21343624.0 0
1700291513251 21674752.0 0
1700291589058 23989260.0 0
1700291664980 24430656.0 0
1700291740947 24908835.0 0
1700291816716 25497363.0 0
1700291892949 26085891.0 0
1700291968834 26551809.0 0
1700292044952 26968683.0 0
1700292120818 27434601.0 0
1700292196812 29613068.0 0
1700292272635 30397580.0 0
1700292348704 32820661.0 0
1700292424536 33433411.0 0
1700292500302 33886846.0 0
1700292576234 32653052.0 0
1700292652115 33033050.0 0
1700292730155 33413048.0 0
1700292807441 33719498.0 0
1700292883208 34062722.0 0
