1700291444908 6454661752.0 0
1700291513252 6454330624.0 0
1700291589059 6452016116.0 0
1700291664981 6451574720.0 0
1700291740947 6451096541.0 0
1700291816717 6450508013.0 0
1700291892950 6449919485.0 0
1700291968835 6449453567.0 0
1700292044953 6449036693.0 0
1700292120819 6448570775.0 0
1700292196812 6446392308.0 0
1700292272636 6445607796.0 0
1700292348705 6443184715.0 0
1700292424536 6442571965.0 0
1700292500302 6442118530.0 0
1700292576235 6443352324.0 0
1700292652116 6442972326.0 0
1700292730155 6442592328.0 0
1700292807441 6442285878.0 0
1700292883209 6441942654.0 0
