1700291442543 0.0 0
1700291510806 0.0013736263736263737 0
1700291586661 0.0028998778998779 0
1700291662494 0.004426129426129426 0
1700291738476 0.005952380952380952 0
1700291814314 0.007478632478632479 0
1700291890562 0.009004884004884004 0
1700291966421 0.010531135531135532 0
1700292042554 0.012057387057387058 0
1700292118375 0.013583638583638584 0
1700292194410 0.01510989010989011 0
1700292270267 0.016636141636141636 0
1700292346285 0.018162393162393164 0
1700292422133 0.019688644688644688 0
1700292497933 0.021214896214896216 0
1700292573866 0.02274114774114774 0
1700292649658 0.024267399267399268 0
1700292727727 0.025793650793650792 0
1700292805070 0.02731990231990232 0
1700292880818 0.028846153846153848 0
