1700660073247 0.356640625 0
1700660145701 1.362353515625 0
1700660226281 1.29462890625 0
1700660309881 1.48994140625 0
1700660390420 1.3826171875 0
1700660471078 9.09833984375 0
1700660554715 2.33125 0
1700660637553 1.5556640625 0
1700660718285 1.5740234375 0
1700660798792 10.23935546875 0
1700660879255 7.05751953125 0
1700660963213 2.1771484375 0
1700661043701 1.67744140625 0
1700661124274 1.54970703125 0
1700661204581 2.0796875 0
1700661284789 2.5947265625 0
1700661365203 1.70009765625 0
1700661446121 1.618359375 0
1700661526420 2.33349609375 0
1700661606870 1.88994140625 0
1700661687420 4.54765625 0
1700661767785 2.26708984375 0
1700661848565 2.0138671875 0
1700661929229 1.72080078125 0
1700662009577 2.24775390625 0
1700662090406 1.50712890625 0
1700662171018 1.62255859375 0
1700662251503 1.670703125 0
1700662331928 1.86240234375 0
1700662412281 1.55947265625 0
1700662494192 1.867578125 0
1700662581137 1.68837890625 0
1700662661545 1.55869140625 0
1700662741904 1.85390625 0
1700662822777 1.75107421875 0
1700662906381 1.66455078125 0
1700662986758 1.87685546875 0
1700663067029 1.7619140625 0
1700663147435 1.80693359375 0
1700663228071 1.67001953125 0
1700663308377 1.83662109375 0
1700663392178 1.9130859375 0
1700663472682 1.9041015625 0
1700663553629 1.83115234375 0
1700663634058 1.959375 0
1700663714361 2.075390625 0
1700663794677 1.77626953125 0
1700663874935 2.1345703125 0
1700663955285 5.673046875 0
1700664038929 2.210546875 0
1700664119272 6.3109375 0
1700664199818 2.6021484375 0
1700664280177 2.780859375 0
1700664362821 2.5025390625 0
1700664444860 2.45703125 0
1700664525111 2.34375 0
1700664605358 3.1193359375 0
1700664685587 2.3359375 0
1700664766431 2.36630859375 0
1700664846446 2.8064453125 0
1700664926533 2.5169921875 0
1700665006568 2.5326171875 0
1700665086648 2.9642578125 0
1700665166608 2.8078125 0
1700665250174 2.8416015625 0
1700665330490 2.8400390625 0
1700665447151 2.9943359375 0
1700665534776 2.9158203125 0
1700665622657 3.1431640625 0
1700665710634 3.288671875 0
1700665798391 2.83828125 0
1700665886337 3.56171875 0
1700665975129 3.4208984375 0
1700666065226 3.7388671875 0
1700666153278 3.2888671875 0
1700666240794 3.471484375 0
1700666328444 3.508984375 0
1700666416592 4.11796875 0
1700666504785 3.6642578125 0
1700666592693 3.6751953125 0
1700666680265 3.63359375 0
1700666767896 3.896484375 0
1700666855165 3.88359375 0
1700666942818 3.936328125 0
1700667031188 4.166796875 0
1700667119031 3.8015625 0
1700667206955 5.3359375 0
1700667300440 4.475390625 0
1700667391985 4.65078125 0
1700667479988 5.29296875 0
1700667568121 6.444140625 0
1700667656042 7.053515625 0
1700667743669 8.118359375 0
1700667831541 8.486328125 0
1700667919072 11.309765625 0
1700668006731 9.603515625 0
1700668094252 9.659375 0
1700668181800 9.776953125 0
1700668269746 10.125 0
1700668357797 10.92109375 0
1700668445353 10.94453125 0
1700668533521 10.79609375 0
1700668624336 11.578125 0
1700668711928 11.9640625 0
1700668799893 12.0015625 0
1700668889511 16.85703125 0
1700668979943 12.3265625 0
1700669067591 11.96875 0
1700669155180 12.90703125 0
1700669242836 13.88125 0
1700669330844 13.840625 0
1700669418092 14.11171875 0
1700669505586 14.78125 0
1700669593204 15.13671875 0
1700669680949 14.1796875 0
1700669768553 17.6125 0
1700669856132 14.8359375 0
1700669943735 16.02890625 0
1700670031414 16.2375 0
1700670118952 16.4390625 0
1700670206345 16.621875 0
1700670293908 16.43203125 0
1700670381411 17.38203125 0
1700670469128 16.84921875 0
1700670556102 17.57109375 0
1700670643441 17.628125 0
1700670734529 17.7296875 0
1700670822137 18.7953125 0
1700670909325 19.03125 0
1700670996504 18.75625 0
1700671084073 18.621826171875 0
1700671172364 25.328125 0
1700671261795 21.0328125 0
1700671384428 20.409375 0
1700671471213 20.459375 0
1700671558507 20.365625 0
1700671645932 20.2796875 0
1700671733368 19.98125 0
1700671820760 19.734375 0
1700671908405 20.2359375 0
1700671995673 20.3515625 0
1700672083032 19.78125 0
1700672170900 20.465625 0
1700672258445 20.78125 0
1700672346459 19.715625 0
1700672433956 19.778125 0
1700672521285 20.275 0
1700672608504 22.2359375 0
1700672696288 20.165625 0
1700672783801 20.9578125 0
1700672871433 20.409375 0
1700672959420 21.246875 0
1700673047908 22.440625 0
1700673138140 20.35625 0
1700673225696 20.6140625 0
1700673313112 20.7703125 0
1700673400649 20.7734375 0
1700673488088 21.265625 0
1700673576069 20.203125 0
1700673663387 20.7375 0
1700673750533 20.7015625 0
1700673838229 20.76875 0
1700673925408 20.796875 0
1700674012976 20.984375 0
1700674100548 20.709375 0
1700674188223 20.9140625 0
1700674275529 21.4046875 0
1700674362882 20.6828125 0
1700674451553 25.434375 0
1700674541600 23.0578125 0
1700674628262 20.9421875 0
1700674716026 21.0890625 0
1700674803148 20.8890625 0
1700674890420 21.00625 0
1700674977901 20.50625 0
1700675065087 20.2390625 0
1700675152241 20.9765625 0
1700675239472 20.9546875 0
1700675326920 21.04375 0
1700675417409 20.5046875 0
1700675505440 21.3046875 0
1700675593152 20.81875 0
1700675680480 20.9 0
1700675767728 23.4125 0
1700675855180 21.8109375 0
1700675942600 21.4625 0
1700676030004 21.228125 0
1700676117502 20.7296875 0
1700676208566 21.61875 0
1700676296106 21.2421875 0
1700676383750 20.9953125 0
1700676471304 20.78125 0
1700676558473 21.325 0
1700676645785 21.0390625 0
1700676733469 21.0484375 0
1700676821133 21.4265625 0
1700676910660 22.1265625 0
1700677003058 22.109375 0
1700677090384 21.496875 0
1700677212296 21.0109375 0
1700677299640 21.540625 0
1700677387316 21.40625 0
1700677474728 22.2484375 0
1700677561785 22.0359375 0
1700677649012 20.9296875 0
1700677736564 22.934375 0
1700677823852 21.9921875 0
1700677911114 21.5296875 0
1700677998780 20.7109375 0
1700678086171 21.5625 0
1700678173644 21.66875 0
1700678260952 22.2640625 0
1700678348728 23.559375 0
1700678439625 21.3125 0
1700678527384 21.1609375 0
1700678614785 21.89375 0
1700678705099 23.1109375 0
1700678794088 22.1296875 0
1700678881384 21.9625 0
1700678969052 20.96875 0
1700679056461 21.578125 0
1700679143934 21.94375 0
1700679231460 21.0734375 0
1700679322323 25.971875 0
1700679409656 22.109375 0
1700679497589 21.175 0
1700679584981 21.121875 0
1700679672209 21.1421875 0
1700679759632 21.834375 0
1700679847336 22.8265625 0
1700679935535 23.00625 0
1700680025868 22.3875 0
1700680114962 21.909375 0
1700680202580 21.9109375 0
1700680289893 21.603125 0
1700680376970 21.6328125 0
1700680464406 21.6140625 0
1700680551805 21.965625 0
1700680639272 22.0203125 0
1700680726517 21.6125 0
1700680813908 22.1828125 0
1700680901292 21.2875 0
1700680988474 22.15625 0
1700681075749 22.7171875 0
1700681163108 22.6671875 0
1700681250485 21.1953125 0
1700681337561 21.2375 0
1700681424608 22.909375 0
1700681512206 21.6734375 0
1700681599757 22.7796875 0
1700681686816 22.05 0
1700681774313 21.559375 0
1700681861759 21.3328125 0
1700681949111 21.8109375 0
1700682037175 21.909375 0
1700682127557 21.253125 0
1700682216156 27.0046875 0
1700682303392 21.965625 0
1700682390999 21.1625 0
1700682478521 21.6875 0
1700682566036 21.9796875 0
1700682653377 22.2609375 0
1700682744269 22.553125 0
1700682832028 23.4609375 0
1700682919356 21.846875 0
1700683052469 22.015625 0
1700683140160 23.5640625 0
1700683227752 22.2609375 0
1700683315553 22.1796875 0
1700683403093 21.3125 0
1700683490548 20.8 0
1700683577927 21.9375 0
1700683669048 21.8921875 0
1700683757763 23.109375 0
1700683847511 22.5125 0
1700683935824 22.2203125 0
1700684023044 22.1734375 0
1700684110496 21.2625 0
1700684197832 22.6390625 0
1700684285785 20.721875 0
1700684373588 20.5671875 0
1700684460781 21.6765625 0
1700684548041 21.95 0
1700684634489 22.2421875 0
1700684722248 21.83125 0
1700684810292 21.2703125 0
1700684897584 20.9765625 0
1700684985120 21.446875 0
1700685072261 22.821875 0
1700685159583 23.890625 0
1700685247361 21.9984375 0
1700685335141 22.5734375 0
1700685421592 21.2265625 0
1700685511429 21.35625 0
1700685600549 21.7703125 0
1700685687857 22.690625 0
1700685775057 21.1421875 0
1700685862083 21.309375 0
1700685953040 23.7203125 0
1700686040948 22.4375 0
1700686128048 22.240625 0
1700686215600 21.4390625 0
1700686302989 22.646875 0
1700686390108 21.9140625 0
1700686477875 21.778125 0
1700686565389 23.1125 0
1700686652876 21.046875 0
1700686741007 22.3734375 0
1700686831759 22.35625 0
1700686919350 21.5046875 0
1700687006744 21.8171875 0
1700687094484 23.1921875 0
1700687185465 21.215625 0
1700687272412 21.053125 0
1700687360241 22.6546875 0
1700687448937 21.7828125 0
1700687539005 21.50625 0
1700687626405 22.175 0
1700687713657 21.0765625 0
1700687800806 20.990625 0
1700687888576 22.4390625 0
1700687976007 21.865625 0
1700688063691 21.5859375 0
1700688154632 22.6375 0
1700688241904 22.3828125 0
1700688329268 22.5203125 0
1700688416892 21.5328125 0
1700688507964 20.690625 0
1700688595456 22.0578125 0
1700688682517 21.1515625 0
1700688770284 21.7875 0
