1700660073251 0.0013113617897033691 0
1700660145705 0.004048705101013184 0
1700660226286 0.004178285598754883 0
1700660309886 0.004283547401428223 0
1700660390423 0.004380643367767334 0
1700660471082 0.004985928535461426 0
1700660554719 0.005765795707702637 0
1700660637558 0.005807697772979736 0
1700660718289 0.005384504795074463 0
1700660798796 0.005417287349700928 0
1700660879258 0.00555342435836792 0
1700660963218 0.005692541599273682 0
1700661043704 0.005781829357147217 0
1700661124278 0.0058370232582092285 0
1700661204584 0.005909085273742676 0
1700661284793 0.006012439727783203 0
1700661365207 0.006165683269500732 0
1700661446125 0.006356656551361084 0
1700661526424 0.00644838809967041 0
1700661606874 0.0065116286277771 0
1700661687424 0.0067098140716552734 0
1700661767790 0.007119238376617432 0
1700661848570 0.007559478282928467 0
1700661929234 0.007865965366363525 0
1700662009581 0.00802004337310791 0
1700662090411 0.008270323276519775 0
1700662171022 0.008412599563598633 0
1700662251508 0.008497774600982666 0
1700662331932 0.008672058582305908 0
1700662412285 0.008936762809753418 0
1700662494196 0.009879529476165771 0
1700662581141 0.010460972785949707 0
1700662661549 0.011294364929199219 0
1700662741908 0.012209057807922363 0
1700662822780 0.012521147727966309 0
1700662906386 0.012781977653503418 0
1700662986762 0.013264238834381104 0
1700663067032 0.013650894165039062 0
1700663147439 0.013968408107757568 0
1700663228075 0.01478123664855957 0
1700663308380 0.015371859073638916 0
1700663392182 0.01632469892501831 0
1700663472686 0.017788290977478027 0
1700663553633 0.019161641597747803 0
1700663634063 0.020705997943878174 0
1700663714366 0.023529529571533203 0
1700663794681 0.024684429168701172 0
1700663874939 0.025458037853240967 0
1700663955289 0.027385175228118896 0
1700664038933 0.03038632869720459 0
1700664119276 0.03221029043197632 0
1700664199821 0.03387361764907837 0
1700664280181 0.034969210624694824 0
1700664362826 0.03673899173736572 0
1700664444865 0.038181304931640625 0
1700664525115 0.03964418172836304 0
1700664605363 0.04097777605056763 0
1700664685591 0.04235154390335083 0
1700664766436 0.04427617788314819 0
1700664846449 0.045854806900024414 0
1700664926538 0.04757624864578247 0
1700665006573 0.04920476675033569 0
1700665086652 0.05072653293609619 0
1700665166612 0.05263775587081909 0
1700665250178 0.05507534742355347 0
1700665330494 0.058132827281951904 0
1700665447155 0.06116032600402832 0
1700665534780 0.06323444843292236 0
1700665622661 0.06491720676422119 0
1700665710638 0.0662793517112732 0
1700665798395 0.06825673580169678 0
1700665886341 0.07013881206512451 0
1700665975133 0.07230299711227417 0
1700666065230 0.07395201921463013 0
1700666153282 0.07509434223175049 0
1700666240798 0.0765380859375 0
1700666328447 0.0784028172492981 0
1700666416596 0.08000367879867554 0
1700666504789 0.08172249794006348 0
1700666592697 0.08316916227340698 0
1700666680269 0.08466899394989014 0
1700666767900 0.08608132600784302 0
1700666855169 0.0879288911819458 0
1700666942823 0.08963596820831299 0
1700667031193 0.0912676453590393 0
1700667119036 0.09444928169250488 0
1700667206960 0.09948569536209106 0
1700667300444 0.10536187887191772 0
1700667391989 0.112790048122406 0
1700667479993 0.12349832057952881 0
1700667568124 0.13784217834472656 0
1700667656046 0.15565448999404907 0
1700667743673 0.1735740303993225 0
1700667831544 0.1773044466972351 0
1700667919076 0.185957670211792 0
1700668006735 0.19394409656524658 0
1700668094256 0.2012971043586731 0
1700668181805 0.2082856297492981 0
1700668269749 0.2161022424697876 0
1700668357801 0.22366869449615479 0
1700668445357 0.2297520637512207 0
1700668533525 0.2367476224899292 0
1700668624340 0.24457615613937378 0
1700668711933 0.25059235095977783 0
1700668799897 0.2574213147163391 0
1700668889515 0.2639918327331543 0
1700668979948 0.27056771516799927 0
1700669067595 0.2772967219352722 0
1700669155185 0.2835043668746948 0
1700669242841 0.2896171808242798 0
1700669330848 0.2961735725402832 0
1700669418097 0.302386999130249 0
1700669505590 0.3084479570388794 0
1700669593208 0.3145409822463989 0
1700669680953 0.3202613592147827 0
1700669768556 0.32603704929351807 0
1700669856136 0.33194905519485474 0
1700669943740 0.3378039002418518 0
1700670031418 0.3435465097427368 0
1700670118956 0.34955471754074097 0
1700670206350 0.355255663394928 0
1700670293912 0.36090952157974243 0
1700670381415 0.3665955066680908 0
1700670469132 0.3721054792404175 0
1700670556106 0.37761610746383667 0
1700670643445 0.3833377957344055 0
1700670734533 0.3879585266113281 0
1700670822142 0.3938652276992798 0
1700670909330 0.3993224501609802 0
1700670996508 0.40468811988830566 0
1700671084078 0.4097006320953369 0
1700671172368 0.4152449369430542 0
1700671261798 0.42050701379776 0
1700671384431 0.4261256456375122 0
1700671471216 0.42979270219802856 0
1700671558511 0.4302060008049011 0
1700671645935 0.43167412281036377 0
1700671733371 0.43306034803390503 0
1700671820763 0.4343804717063904 0
1700671908408 0.43576329946517944 0
1700671995676 0.4371851682662964 0
1700672083035 0.4383530020713806 0
1700672170904 0.4396970868110657 0
1700672258448 0.44088220596313477 0
1700672346462 0.4420955777168274 0
1700672433959 0.4433678388595581 0
1700672521288 0.4445629119873047 0
1700672608507 0.44569849967956543 0
1700672696291 0.4467496871948242 0
1700672783804 0.4479258060455322 0
1700672871436 0.44900012016296387 0
1700672959423 0.4501100778579712 0
1700673047911 0.4511469602584839 0
1700673138143 0.45218390226364136 0
1700673225699 0.45326298475265503 0
1700673313115 0.4542399048805237 0
1700673400652 0.4552028775215149 0
1700673488091 0.4562312960624695 0
1700673576073 0.4571470022201538 0
1700673663390 0.45811551809310913 0
1700673750537 0.4590364098548889 0
1700673838232 0.4599015712738037 0
1700673925411 0.4608463644981384 0
1700674012979 0.4617164731025696 0
1700674100551 0.46253055334091187 0
1700674188226 0.4633379578590393 0
1700674275532 0.4642525315284729 0
1700674362885 0.46508264541625977 0
1700674451556 0.46571671962738037 0
1700674541603 0.4668787717819214 0
1700674628264 0.46740132570266724 0
1700674716029 0.4681515097618103 0
1700674803152 0.4689368009567261 0
1700674890423 0.46954667568206787 0
1700674977904 0.4703667163848877 0
1700675065091 0.47094815969467163 0
1700675152244 0.47167789936065674 0
1700675239474 0.47238802909851074 0
1700675326923 0.4730716943740845 0
1700675417412 0.4737083315849304 0
1700675505443 0.4743843674659729 0
1700675593155 0.47495198249816895 0
1700675680483 0.475555419921875 0
1700675767731 0.4761248826980591 0
1700675855183 0.47673285007476807 0
1700675942603 0.47732847929000854 0
1700676030007 0.4778939485549927 0
1700676117505 0.4784631133079529 0
1700676208569 0.4789409041404724 0
1700676296109 0.4795472025871277 0
1700676383753 0.4800516963005066 0
1700676471307 0.4806120991706848 0
1700676558476 0.48122894763946533 0
1700676645787 0.4816286563873291 0
1700676733472 0.48204469680786133 0
1700676821136 0.48247653245925903 0
1700676910663 0.4829499125480652 0
1700677003061 0.48337996006011963 0
1700677090387 0.4838372468948364 0
1700677212299 0.48428797721862793 0
1700677299643 0.48473840951919556 0
1700677387319 0.4851744771003723 0
1700677474731 0.4855020046234131 0
1700677561788 0.485914409160614 0
1700677649015 0.4863021969795227 0
1700677736567 0.48672622442245483 0
1700677823855 0.4870911240577698 0
1700677911117 0.4875085949897766 0
1700677998783 0.4878058433532715 0
1700678086175 0.48815226554870605 0
1700678173647 0.4884750247001648 0
1700678260955 0.48881781101226807 0
1700678348732 0.4891856908798218 0
1700678439628 0.4894227385520935 0
1700678527387 0.48971056938171387 0
1700678614788 0.49003708362579346 0
1700678705102 0.49035102128982544 0
1700678794091 0.49058908224105835 0
1700678881387 0.4909685254096985 0
1700678969055 0.4912610650062561 0
1700679056464 0.4913806915283203 0
1700679143937 0.49165499210357666 0
1700679231463 0.4919537305831909 0
1700679322326 0.492318332195282 0
1700679409659 0.49255621433258057 0
1700679497592 0.4926568865776062 0
1700679584984 0.4929262399673462 0
1700679672212 0.4931364059448242 0
1700679759635 0.4933384656906128 0
1700679847340 0.4935755133628845 0
1700679935539 0.4939182996749878 0
1700680025871 0.49400901794433594 0
1700680114965 0.4944145083427429 0
1700680202583 0.49424082040786743 0
1700680289896 0.4944731593132019 0
1700680376973 0.49468374252319336 0
1700680464409 0.4949380159378052 0
1700680551808 0.49501150846481323 0
1700680639275 0.49520862102508545 0
1700680726520 0.49532169103622437 0
1700680813911 0.4954478144645691 0
1700680901295 0.49560946226119995 0
1700680988477 0.49578219652175903 0
1700681075752 0.4959341883659363 0
1700681163111 0.4960935711860657 0
1700681250489 0.4962649345397949 0
1700681337564 0.4963803291320801 0
1700681424611 0.49656808376312256 0
1700681512210 0.4965868592262268 0
1700681599760 0.4967818856239319 0
1700681686820 0.496884822845459 0
1700681774316 0.49703317880630493 0
1700681861763 0.49726468324661255 0
1700681949114 0.49733835458755493 0
1700682037178 0.4974879026412964 0
1700682127560 0.49750858545303345 0
1700682216159 0.49753808975219727 0
1700682303395 0.4975939989089966 0
1700682391002 0.49793189764022827 0
1700682478524 0.4976493716239929 0
1700682566039 0.4979209899902344 0
1700682653380 0.497830867767334 0
1700682744272 0.4979442358016968 0
1700682832031 0.4981347918510437 0
1700682919359 0.4981599450111389 0
1700683052472 0.49837642908096313 0
1700683140164 0.4982360005378723 0
1700683227755 0.49840646982192993 0
1700683315556 0.49838346242904663 0
1700683403096 0.4984157681465149 0
1700683490551 0.49846774339675903 0
1700683577930 0.4986798167228699 0
1700683669051 0.49862396717071533 0
1700683757767 0.4987778067588806 0
1700683847514 0.499082088470459 0
1700683935827 0.4990023970603943 0
1700684023047 0.49880141019821167 0
1700684110499 0.49896764755249023 0
1700684197835 0.49884361028671265 0
1700684285788 0.4990115165710449 0
1700684373592 0.4989939332008362 0
1700684460784 0.4991035461425781 0
1700684548044 0.49919629096984863 0
1700684634492 0.49910497665405273 0
1700684722251 0.4992266893386841 0
1700684810295 0.49910968542099 0
1700684897587 0.49931222200393677 0
1700684985124 0.49931925535202026 0
1700685072263 0.49935662746429443 0
1700685159586 0.499362587928772 0
1700685247363 0.4994897246360779 0
1700685335144 0.4992520213127136 0
1700685421595 0.4994836449623108 0
1700685511431 0.49948543310165405 0
1700685600552 0.49953144788742065 0
1700685687860 0.4995594024658203 0
1700685775060 0.49960798025131226 0
1700685862086 0.49965012073516846 0
1700685953043 0.49950850009918213 0
1700686040951 0.4996616840362549 0
1700686128052 0.4995277523994446 0
1700686215603 0.4996024966239929 0
1700686302992 0.49972373247146606 0
1700686390111 0.49968940019607544 0
1700686477878 0.4997410774230957 0
1700686565392 0.49956727027893066 0
1700686652879 0.4995761513710022 0
1700686741010 0.49970221519470215 0
1700686831762 0.49977201223373413 0
1700686919353 0.4998265504837036 0
1700687006747 0.49973630905151367 0
1700687094487 0.4996873736381531 0
1700687185469 0.4997251629829407 0
1700687272415 0.4997485280036926 0
1700687360244 0.49981653690338135 0
1700687448940 0.4998313784599304 0
1700687539008 0.49993520975112915 0
1700687626408 0.49982011318206787 0
1700687713660 0.49984848499298096 0
1700687800809 0.4997636079788208 0
1700687888579 0.4998689293861389 0
1700687976010 0.4999130368232727 0
1700688063694 0.49995434284210205 0
1700688154635 0.499869167804718 0
1700688241908 0.49982506036758423 0
1700688329271 0.4998779892921448 0
1700688416895 0.5000391006469727 0
1700688507967 0.4998912215232849 0
1700688595459 0.5000041723251343 0
1700688682520 0.49990957975387573 0
1700688770287 0.4999117851257324 0
