1700660075719 4088.0 0
1700660148089 4088.0 0
1700660228698 4087.0 0
1700660312319 4087.0 0
1700660392804 4087.0 0
1700660473587 4086.0 0
1700660557214 4084.0 0
1700660639913 4085.0 0
1700660720707 4086.0 0
1700660801173 4086.0 0
1700660881698 4086.0 0
1700660965648 4086.0 0
1700661046144 4086.0 0
1700661126684 4086.0 0
1700661206960 4086.0 0
1700661287220 4086.0 0
1700661367632 4086.0 0
1700661448548 4086.0 0
1700661528811 4087.0 0
1700661609303 4087.0 0
1700661689828 4086.0 0
1700661770242 4086.0 0
1700661850987 4086.0 0
1700661931608 4086.0 0
1700662012107 4086.0 0
1700662092813 4087.0 0
1700662173439 4087.0 0
1700662253954 4087.0 0
1700662334309 4087.0 0
1700662414679 4087.0 0
1700662496641 4087.0 0
1700662583571 4087.0 0
1700662663946 4087.0 0
1700662744332 4087.0 0
1700662825160 4087.0 0
1700662908787 4087.0 0
1700662989156 4087.0 0
1700663069443 4087.0 0
1700663149827 4087.0 0
1700663230452 4087.0 0
1700663310743 4087.0 0
1700663394609 4087.0 0
1700663475187 4087.0 0
1700663556000 4087.0 0
1700663636450 4087.0 0
1700663716739 4087.0 0
1700663797069 4087.0 0
1700663877308 4087.0 0
1700663957661 4087.0 0
1700664041319 4086.0 0
1700664121700 4086.0 0
1700664202224 4086.0 0
1700664282626 4086.0 0
1700664365298 4086.0 0
1700664447252 4086.0 0
1700664527476 4086.0 0
1700664607775 4086.0 0
1700664687975 4086.0 0
1700664768818 4086.0 0
1700664848846 4087.0 0
1700664928899 4087.0 0
1700665008977 4087.0 0
1700665089029 4087.0 0
1700665168988 4087.0 0
1700665252566 4087.0 0
1700665332918 4087.0 0
1700665449533 4087.0 0
1700665537182 4086.0 0
1700665625090 4086.0 0
1700665712995 4086.0 0
1700665800848 4086.0 0
1700665888728 4086.0 0
1700665977640 4086.0 0
1700666067685 4086.0 0
1700666155647 4086.0 0
1700666243159 4086.0 0
1700666330851 4086.0 0
1700666418990 4086.0 0
1700666507187 4086.0 0
1700666595092 4086.0 0
1700666682651 4086.0 0
1700666770265 4086.0 0
1700666857556 4086.0 0
1700666945194 4086.0 0
1700667033621 4086.0 0
1700667121451 4086.0 0
1700667209480 4084.0 0
1700667302948 4080.0 0
1700667394473 4075.0 0
1700667482499 4058.0 0
1700667570519 4027.0 0
1700667658442 3977.0 0
1700667746094 3929.0 0
1700667833941 3927.0 0
1700667921458 3912.0 0
1700668009133 3897.0 0
1700668096630 3884.0 0
1700668184222 3872.0 0
1700668272127 3859.0 0
1700668360178 3846.0 0
1700668447725 3837.0 0
1700668535919 3826.0 0
1700668626697 3814.0 0
1700668714288 3804.0 0
1700668802308 3794.0 0
1700668892034 3784.0 0
1700668982340 3774.0 0
1700669069986 3765.0 0
1700669157630 3757.0 0
1700669245323 3750.0 0
1700669333178 3742.0 0
1700669420506 3734.0 0
1700669507977 3727.0 0
1700669595607 3719.0 0
1700669683285 3711.0 0
1700669770900 3702.0 0
1700669858525 3692.0 0
1700669946124 3682.0 0
1700670033789 3672.0 0
1700670121369 3661.0 0
1700670208710 3652.0 0
1700670296295 3642.0 0
1700670383771 3632.0 0
1700670471472 3622.0 0
1700670558485 3614.0 0
1700670645773 3605.0 0
1700670736970 3597.0 0
1700670824519 3587.0 0
1700670911696 3578.0 0
1700670998863 3570.0 0
1700671086438 3562.0 0
1700671174980 3555.0 0
1700671264284 3547.0 0
1700671386791 3537.0 0
1700671473593 3532.0 0
1700671560885 3535.0 0
1700671648276 3535.0 0
1700671735739 3535.0 0
1700671823169 3535.0 0
1700671910771 3535.0 0
1700671998038 3535.0 0
1700672085372 3535.0 0
1700672173312 3536.0 0
1700672260822 3536.0 0
1700672348847 3536.0 0
1700672436329 3536.0 0
1700672523664 3536.0 0
1700672610907 3536.0 0
1700672698660 3536.0 0
1700672786207 3536.0 0
1700672873829 3536.0 0
1700672961791 3536.0 0
1700673050674 3537.0 0
1700673140568 3537.0 0
1700673228121 3537.0 0
1700673315481 3537.0 0
1700673402979 3537.0 0
1700673490441 3537.0 0
1700673578432 3537.0 0
1700673665718 3537.0 0
1700673752901 3537.0 0
1700673840561 3537.0 0
1700673927758 3537.0 0
1700674015374 3537.0 0
1700674102941 3537.0 0
1700674190582 3537.0 0
1700674277915 3537.0 0
1700674365221 3537.0 0
1700674454175 3538.0 0
1700674544080 3539.0 0
1700674630615 3539.0 0
1700674718422 3539.0 0
1700674805500 3538.0 0
1700674892787 3538.0 0
1700674980282 3537.0 0
1700675067442 3537.0 0
1700675154618 3537.0 0
1700675241813 3537.0 0
1700675329266 3537.0 0
1700675419785 3537.0 0
1700675507774 3537.0 0
1700675595518 3537.0 0
1700675682832 3537.0 0
1700675770054 3537.0 0
1700675857517 3537.0 0
1700675944977 3537.0 0
1700676032372 3538.0 0
1700676119876 3537.0 0
1700676210949 3537.0 0
1700676298494 3537.0 0
1700676386124 3537.0 0
1700676473640 3537.0 0
1700676560812 3537.0 0
1700676648132 3538.0 0
1700676735802 3537.0 0
1700676823504 3537.0 0
1700676913624 3537.0 0
1700677005389 3537.0 0
1700677092723 3537.0 0
1700677214691 3537.0 0
1700677302014 3537.0 0
1700677389654 3537.0 0
1700677477113 3538.0 0
1700677564216 3538.0 0
1700677651381 3538.0 0
1700677738938 3538.0 0
1700677826232 3538.0 0
1700677913453 3537.0 0
1700678001147 3537.0 0
1700678088497 3537.0 0
1700678176002 3537.0 0
1700678263405 3537.0 0
1700678351115 3537.0 0
1700678442007 3538.0 0
1700678529761 3538.0 0
1700678617200 3538.0 0
1700678707676 3538.0 0
1700678796410 3538.0 0
1700678883807 3538.0 0
1700678971442 3538.0 0
1700679058822 3538.0 0
1700679146307 3538.0 0
1700679233810 3538.0 0
1700679324649 3539.0 0
1700679411975 3540.0 0
1700679499949 3540.0 0
1700679587348 3540.0 0
1700679674578 3539.0 0
1700679762014 3539.0 0
1700679849665 3539.0 0
1700679938195 3539.0 0
1700680028814 3540.0 0
1700680117313 3540.0 0
1700680204938 3540.0 0
1700680292272 3540.0 0
1700680379349 3540.0 0
1700680466865 3540.0 0
1700680554174 3539.0 0
1700680641658 3539.0 0
1700680728883 3539.0 0
1700680816283 3539.0 0
1700680903684 3539.0 0
1700680990804 3539.0 0
1700681078150 3539.0 0
1700681165444 3539.0 0
1700681252851 3539.0 0
1700681339966 3539.0 0
1700681426962 3539.0 0
1700681514564 3539.0 0
1700681602140 3539.0 0
1700681689290 3539.0 0
1700681776740 3539.0 0
1700681864141 3539.0 0
1700681951476 3539.0 0
1700682039833 3539.0 0
1700682130415 3539.0 0
1700682218514 3539.0 0
1700682305727 3540.0 0
1700682393370 3540.0 0
1700682480866 3541.0 0
1700682568391 3541.0 0
1700682655761 3541.0 0
1700682746611 3541.0 0
1700682834367 3540.0 0
1700682921693 3540.0 0
1700683054884 3540.0 0
1700683142566 3540.0 0
1700683230133 3540.0 0
1700683317924 3540.0 0
1700683405481 3540.0 0
1700683492887 3540.0 0
1700683580273 3540.0 0
1700683671410 3540.0 0
1700683760576 3540.0 0
1700683850093 3540.0 0
1700683938257 3540.0 0
1700684025453 3540.0 0
1700684112877 3541.0 0
1700684200186 3541.0 0
1700684288148 3541.0 0
1700684375981 3540.0 0
1700684463183 3540.0 0
1700684550416 3540.0 0
1700684636825 3540.0 0
1700684724638 3540.0 0
1700684812650 3541.0 0
1700684899957 3541.0 0
1700684987511 3541.0 0
1700685074594 3540.0 0
1700685161979 3541.0 0
1700685249682 3541.0 0
1700685337592 3542.0 0
1700685423974 3542.0 0
1700685513879 3542.0 0
1700685602942 3541.0 0
1700685690256 3542.0 0
1700685777445 3541.0 0
1700685864470 3541.0 0
1700685955408 3541.0 0
1700686043321 3541.0 0
1700686130432 3541.0 0
1700686217968 3541.0 0
1700686305366 3541.0 0
1700686392470 3541.0 0
1700686480228 3541.0 0
1700686567785 3541.0 0
1700686655381 3541.0 0
1700686743352 3541.0 0
1700686834118 3541.0 0
1700686921687 3541.0 0
1700687009239 3541.0 0
1700687096847 3541.0 0
1700687187839 3541.0 0
1700687274794 3541.0 0
1700687362638 3541.0 0
1700687451386 3541.0 0
1700687541368 3540.0 0
1700687628762 3540.0 0
1700687716044 3540.0 0
1700687803190 3541.0 0
1700687890943 3540.0 0
1700687978341 3540.0 0
1700688066035 3540.0 0
1700688157015 3540.0 0
1700688244284 3540.0 0
1700688331612 3540.0 0
1700688419279 3540.0 0
1700688510383 3540.0 0
1700688597802 3540.0 0
1700688684925 3540.0 0
1700688772720 3540.0 0
