1700660073248 0.0 0
1700660145702 0.0007103187497705221 0
1700660226282 -0.0016062616836279632 0
1700660309882 -0.0038448208943009377 0
1700660390420 0.0028705060482025146 0
1700660471079 0.020458462461829186 0
1700660554716 0.048417411744594574 0
1700660637554 0.08763862252235413 0
1700660718286 0.14400938749313355 0
1700660798793 0.21217563152313232 0
1700660879255 0.2930005073547363 0
1700660963214 0.386782169342041 0
1700661043702 0.49442434310913086 0
1700661124275 0.6164323806762695 0
1700661204581 0.752650260925293 0
1700661284790 0.902409553527832 0
1700661365203 1.0657646179199218 0
1700661446121 1.2418178558349608 0
1700661526421 1.4332599639892578 0
1700661606871 1.6412361145019532 0
1700661687421 1.8625663757324218 0
1700661767786 2.0921585083007814 0
1700661848566 2.33079833984375 0
1700661929230 2.5862136840820313 0
1700662009578 2.8616683959960936 0
1700662090407 3.151922607421875 0
1700662171019 3.4571533203125 0
1700662251504 3.7830535888671877 0
1700662331929 4.123434448242188 0
1700662412282 4.485711669921875 0
1700662494193 4.818695068359375 0
1700662581138 5.169009399414063 0
1700662661546 5.541473388671875 0
1700662741905 5.902899169921875 0
1700662822778 6.3047607421875 0
1700662906382 6.740557861328125 0
1700662986759 7.182421875 0
1700663067029 7.635589599609375 0
1700663147436 8.11087646484375 0
1700663228072 8.590216064453125 0
1700663308377 9.06092529296875 0
1700663392179 9.5556884765625 0
1700663472683 10.0146728515625 0
1700663553630 10.47041015625 0
1700663634059 10.93790283203125 0
1700663714362 11.33427734375 0
1700663794678 11.75733642578125 0
1700663874936 12.3075439453125 0
1700663955286 12.81656494140625 0
1700664038930 13.20096435546875 0
1700664119273 13.614697265625 0
1700664199818 14.1123046875 0
1700664280178 14.64580078125 0
1700664362822 15.19326171875 0
1700664444861 15.7115234375 0
1700664525112 16.274755859375 0
1700664605359 16.844384765625 0
1700664685588 17.4406005859375 0
1700664766432 17.995849609375 0
1700664846447 18.5656982421875 0
1700664926534 19.1385986328125 0
1700665006569 19.7322509765625 0
1700665086648 20.341845703125 0
1700665166609 20.94560546875 0
1700665250175 21.488330078125 0
1700665330491 21.9611328125 0
1700665447152 22.371875 0
1700665534776 22.88232421875 0
1700665622657 23.506494140625 0
1700665710635 24.173681640625 0
1700665798392 24.82568359375 0
1700665886338 25.46484375 0
1700665975130 26.058837890625 0
1700666065227 26.7123046875 0
1700666153278 27.46533203125 0
1700666240795 28.235888671875 0
1700666328445 28.919677734375 0
1700666416593 29.665771484375 0
1700666504786 30.3869140625 0
1700666592693 31.15947265625 0
1700666680266 31.945703125 0
1700666767896 32.7546875 0
1700666855165 33.5623046875 0
1700666942819 34.2953125 0
1700667031189 35.11240234375 0
1700667119032 35.80576171875 0
1700667206956 36.11103515625 0
1700667300441 36.1962890625 0
1700667391986 35.98232421875 0
1700667479989 35.25224609375 0
1700667568122 33.861328125 0
1700667656043 31.712109375 0
1700667743670 28.898828125 0
1700667831542 28.06767578125 0
1700667919073 27.8357421875 0
1700668006732 27.2388671875 0
1700668094253 26.6390625 0
1700668181801 26.0974609375 0
1700668269746 25.52255859375 0
1700668357798 25.07861328125 0
1700668445354 24.61328125 0
1700668533522 24.08447265625 0
1700668624337 23.64716796875 0
1700668711929 23.1859375 0
1700668799894 22.644921875 0
1700668889512 22.28291015625 0
1700668979944 21.8548828125 0
1700669067592 21.4330078125 0
1700669155181 21.0251953125 0
1700669242837 20.6421875 0
1700669330845 20.2427734375 0
1700669418093 19.8767578125 0
1700669505587 19.5087890625 0
1700669593205 19.1396484375 0
1700669680950 18.8283203125 0
1700669768553 18.4349609375 0
1700669856133 18.1017578125 0
1700669943736 17.7841796875 0
1700670031415 17.46171875 0
1700670118952 17.134765625 0
1700670206346 16.8296875 0
1700670293908 16.505078125 0
1700670381412 16.1919921875 0
1700670469129 15.9166015625 0
1700670556103 15.6041015625 0
1700670643442 15.3375 0
1700670734530 15.105078125 0
1700670822138 14.8537109375 0
1700670909327 14.4904296875 0
1700670996505 14.2177734375 0
1700671084074 14.0388671875 0
1700671172365 13.766015625 0
1700671261796 13.5068359375 0
1700671384429 13.1958984375 0
1700671471214 12.8193359375 0
1700671558508 12.55859375 0
1700671645933 12.4337890625 0
1700671733369 12.1953125 0
1700671820761 11.9619140625 0
1700671908406 11.73125 0
1700671995674 11.4986328125 0
1700672083032 11.283203125 0
1700672170901 11.061328125 0
1700672258446 10.8505859375 0
1700672346460 10.640625 0
1700672433957 10.414453125 0
1700672521286 10.22734375 0
1700672608505 10.0185546875 0
1700672696289 9.8251953125 0
1700672783801 9.6265625 0
1700672871434 9.436328125 0
1700672959421 9.2458984375 0
1700673047909 9.062109375 0
1700673138141 8.8748046875 0
1700673225696 8.6908203125 0
1700673313112 8.5169921875 0
1700673400650 8.3396484375 0
1700673488088 8.169140625 0
1700673576070 7.9966796875 0
1700673663388 7.83046875 0
1700673750534 7.6646484375 0
1700673838230 7.5 0
1700673925409 7.3390625 0
1700674012977 7.1859375 0
1700674100549 7.0322265625 0
1700674188224 6.8828125 0
1700674275530 6.72890625 0
1700674362883 6.5779296875 0
1700674451554 6.4478515625 0
1700674541601 6.262109375 0
1700674628262 6.119921875 0
1700674716027 6.0212890625 0
1700674803149 5.8814453125 0
1700674890420 5.744921875 0
1700674977902 5.6216796875 0
1700675065088 5.48515625 0
1700675152242 5.3640625 0
1700675239472 5.2443359375 0
1700675326921 5.11875 0
1700675417409 5.0005859375 0
1700675505441 4.88046875 0
1700675593153 4.768359375 0
1700675680481 4.65625 0
1700675767729 4.5447265625 0
1700675855180 4.4333984375 0
1700675942601 4.32734375 0
1700676030004 4.217578125 0
1700676117503 4.1177734375 0
1700676208567 4.016796875 0
1700676296106 3.9095703125 0
1700676383750 3.821484375 0
1700676471305 3.7212890625 0
1700676558474 3.626953125 0
1700676645785 3.4974609375 0
1700676733469 3.45 0
1700676821134 3.361328125 0
1700676910661 3.2748046875 0
1700677003058 3.1904296875 0
1700677090384 3.107421875 0
1700677212297 3.0232421875 0
1700677299641 2.935546875 0
1700677387317 2.860546875 0
1700677474728 2.7884765625 0
1700677561786 2.70234375 0
1700677649013 2.6408203125 0
1700677736564 2.5662109375 0
1700677823852 2.494921875 0
1700677911115 2.4220703125 0
1700677998780 2.35859375 0
1700678086172 2.2919921875 0
1700678173645 2.2296875 0
1700678260952 2.1658203125 0
1700678348729 2.1064453125 0
1700678439626 2.0390625 0
1700678527385 1.9892578125 0
1700678614786 1.931640625 0
1700678705100 1.8765625 0
1700678794089 1.8125 0
1700678881385 1.7541015625 0
1700678969053 1.7091796875 0
1700679056461 1.655859375 0
1700679143934 1.6099609375 0
1700679231460 1.551171875 0
1700679322324 1.5099609375 0
1700679409657 1.4615234375 0
1700679497590 1.418359375 0
1700679584982 1.373046875 0
1700679672210 1.3419921875 0
1700679759633 1.29765625 0
1700679847337 1.23984375 0
1700679935536 1.2107421875 0
1700680025869 1.141015625 0
1700680114963 1.1251953125 0
1700680202581 1.07578125 0
1700680289893 1.062890625 0
1700680376970 1.03046875 0
1700680464407 0.9974609375 0
1700680551806 0.969921875 0
1700680639273 0.9322265625 0
1700680726518 0.9060546875 0
1700680813909 0.8767578125 0
1700680901292 0.841796875 0
1700680988474 0.818359375 0
1700681075749 0.78984375 0
1700681163109 0.7630859375 0
1700681250486 0.7375 0
1700681337561 0.7123046875 0
1700681424609 0.684375 0
1700681512207 0.662109375 0
1700681599758 0.635546875 0
1700681686817 0.6154296875 0
1700681774313 0.5896484375 0
1700681861760 0.5673828125 0
1700681949112 0.5033203125 0
1700682037176 0.5212890625 0
1700682127558 0.4701171875 0
1700682216157 0.4955078125 0
1700682303392 0.483203125 0
1700682391000 0.4033203125 0
1700682478521 0.419921875 0
1700682566037 0.4298828125 0
1700682653378 0.4080078125 0
1700682744269 0.403125 0
1700682832029 0.3625 0
1700682919357 0.368359375 0
1700683052469 0.3466796875 0
1700683140162 0.3296875 0
1700683227753 0.328515625 0
1700683315554 0.31328125 0
1700683403093 0.3048828125 0
1700683490549 0.286328125 0
1700683577927 0.264453125 0
1700683669049 0.27421875 0
1700683757764 0.2505859375 0
1700683847512 0.2337890625 0
1700683935824 0.169921875 0
1700684023045 0.2224609375 0
1700684110497 0.2212890625 0
1700684197833 0.203515625 0
1700684285786 0.186328125 0
1700684373589 0.198828125 0
1700684460781 0.1865234375 0
1700684548042 0.1755859375 0
1700684634489 0.1685546875 0
1700684722249 0.165625 0
1700684810292 0.1515625 0
1700684897585 0.134765625 0
1700684985121 0.1419921875 0
1700685072261 0.1361328125 0
1700685159584 0.1330078125 0
1700685247361 0.1244140625 0
1700685335142 0.1029296875 0
1700685421592 0.095703125 0
1700685511429 0.1162109375 0
1700685600549 0.109375 0
1700685687858 0.070703125 0
1700685775058 0.08984375 0
1700685862084 0.0857421875 0
1700685953041 0.087109375 0
1700686040949 0.086328125 0
1700686128049 0.066015625 0
1700686215600 0.075390625 0
1700686302989 0.0638671875 0
1700686390109 0.0734375 0
1700686477875 0.0642578125 0
1700686565390 0.05546875 0
1700686652876 0.0658203125 0
1700686741008 0.0521484375 0
1700686831759 0.0556640625 0
1700686919351 0.0505859375 0
1700687006744 0.0513671875 0
1700687094485 0.0498046875 0
1700687185466 0.0529296875 0
1700687272413 0.03515625 0
1700687360242 0.04140625 0
1700687448937 0.04296875 0
1700687539005 0.03046875 0
1700687626406 0.0314453125 0
1700687713658 0.0359375 0
1700687800807 0.023828125 0
1700687888576 0.0255859375 0
1700687976008 0.0314453125 0
1700688063692 0.026171875 0
1700688154633 0.0220703125 0
1700688241905 0.026953125 0
1700688329268 0.014453125 0
1700688416893 0.0115234375 0
1700688507964 0.022265625 0
1700688595457 0.014453125 0
1700688682518 -0.00546875 0
1700688770285 0.0173828125 0
