1700660073249 0.09999923408031464 0
1700660145704 0.9335461854934692 0
1700660226284 1.1717796325683594 0
1700660309884 0.2992454767227173 0
1700660390421 -0.9859440326690674 0
1700660471081 -2.415698528289795 0
1700660554718 -3.910062551498413 0
1700660637556 -5.441719055175781 0
1700660718288 -7.01866340637207 0
1700660798794 -8.628705978393555 0
1700660879257 -10.256000518798828 0
1700660963216 -11.892158508300781 0
1700661043703 -13.534064292907715 0
1700661124277 -15.180846214294434 0
1700661204583 -16.831789016723633 0
1700661284792 -18.485496520996094 0
1700661365205 -20.140592575073242 0
1700661446123 -21.79559898376465 0
1700661526422 -23.450115203857422 0
1700661606873 -25.105146408081055 0
1700661687422 -26.760732650756836 0
1700661767788 -28.414627075195312 0
1700661848568 -30.064149856567383 0
1700661929232 -31.709304809570312 0
1700662009580 -33.352203369140625 0
1700662090409 -34.994415283203125 0
1700662171021 -36.63591384887695 0
1700662251506 -38.277652740478516 0
1700662331931 -39.91997146606445 0
1700662412284 -41.56351089477539 0
1700662494194 -43.203025817871094 0
1700662581140 -44.83479309082031 0
1700662661548 -46.46067428588867 0
1700662741907 -48.079254150390625 0
1700662822779 -49.69189453125 0
1700662906384 -51.303070068359375 0
1700662986760 -52.914058685302734 0
1700663067031 -54.524112701416016 0
1700663147437 -56.13351058959961 0
1700663228073 -57.74216079711914 0
1700663308378 -59.34732437133789 0
1700663392180 -60.949222564697266 0
1700663472685 -62.54533767700195 0
1700663553631 -64.13285827636719 0
1700663634061 -65.71173858642578 0
1700663714364 -67.27935791015625 0
1700663794680 -68.83236694335938 0
1700663874938 -70.37874603271484 0
1700663955287 -71.92184448242188 0
1700664038932 -73.45572662353516 0
1700664119275 -74.9762191772461 0
1700664199819 -76.48786163330078 0
1700664280180 -77.99420928955078 0
1700664362824 -79.4982681274414 0
1700664444863 -80.9986572265625 0
1700664525113 -82.49634552001953 0
1700664605361 -83.99192810058594 0
1700664685589 -85.48625946044922 0
1700664766434 -86.9786148071289 0
1700664846448 -88.46756744384766 0
1700664926536 -89.95333099365234 0
1700665006571 -91.43609619140625 0
1700665086650 -92.91636657714844 0
1700665166611 -94.39440155029297 0
1700665250176 -95.86841583251953 0
1700665330493 -97.33543395996094 0
1700665447154 -98.79216766357422 0
1700665534778 -100.23927307128906 0
1700665622660 -101.6812973022461 0
1700665710636 -103.12157440185547 0
1700665798393 -104.56159973144531 0
1700665886340 -106.00043487548828 0
1700665975131 -107.43701934814453 0
1700666065228 -108.87113952636719 0
1700666153280 -110.30510711669922 0
1700666240796 -111.74093627929688 0
1700666328446 -113.1773681640625 0
1700666416594 -114.61368560791016 0
1700666504788 -116.04981994628906 0
1700666592695 -117.48589324951172 0
1700666680267 -118.9225082397461 0
1700666767898 -120.3598861694336 0
1700666855167 -121.79817962646484 0
1700666942821 -123.23564147949219 0
1700667031191 -124.6724624633789 0
1700667119034 -126.10791778564453 0
1700667206958 -127.53520965576172 0
1700667300443 -128.94668579101562 0
1700667391987 -130.33567810058594 0
1700667479991 -131.69261169433594 0
1700667568123 -133.00360107421875 0
1700667656044 -134.25106811523438 0
1700667743672 -135.41571044921875 0
1700667831543 -136.50962829589844 0
1700667919074 -137.57125854492188 0
1700668006734 -138.60546875 0
1700668094255 -139.61375427246094 0
1700668181803 -140.59800720214844 0
1700668269748 -141.55967712402344 0
1700668357800 -142.5005340576172 0
1700668445356 -143.4212188720703 0
1700668533523 -144.32339477539062 0
1700668624339 -145.20758056640625 0
1700668711931 -146.0731658935547 0
1700668799895 -146.9212188720703 0
1700668889514 -147.75286865234375 0
1700668979946 -148.5690155029297 0
1700669067594 -149.37013244628906 0
1700669155183 -150.15625 0
1700669242839 -150.92828369140625 0
1700669330847 -151.68667602539062 0
1700669418095 -152.4318084716797 0
1700669505588 -153.1641387939453 0
1700669593207 -153.88404846191406 0
1700669680952 -154.59205627441406 0
1700669768555 -155.28807067871094 0
1700669856134 -155.97247314453125 0
1700669943738 -156.64584350585938 0
1700670031416 -157.30848693847656 0
1700670118954 -157.9606475830078 0
1700670206348 -158.60231018066406 0
1700670293910 -159.23361206054688 0
1700670381414 -159.85459899902344 0
1700670469130 -160.46597290039062 0
1700670556105 -161.0678253173828 0
1700670643444 -161.66050720214844 0
1700670734532 -162.24449157714844 0
1700670822140 -162.8213653564453 0
1700670909328 -163.38824462890625 0
1700670996507 -163.9455108642578 0
1700671084076 -164.49497985839844 0
1700671172366 -165.03707885742188 0
1700671261797 -165.57098388671875 0
1700671384430 -166.09600830078125 0
1700671471215 -166.61061096191406 0
1700671558509 -167.11386108398438 0
1700671645934 -167.61117553710938 0
1700671733370 -168.1018829345703 0
1700671820762 -168.58547973632812 0
1700671908407 -169.06175231933594 0
1700671995675 -169.53077697753906 0
1700672083034 -169.992431640625 0
1700672170903 -170.44712829589844 0
1700672258447 -170.894775390625 0
1700672346461 -171.3356475830078 0
1700672433958 -171.76953125 0
1700672521287 -172.19664001464844 0
1700672608506 -172.61709594726562 0
1700672696290 -173.0310516357422 0
1700672783803 -173.4386749267578 0
1700672871435 -173.83990478515625 0
1700672959422 -174.23483276367188 0
1700673047910 -174.62356567382812 0
1700673138142 -175.00613403320312 0
1700673225697 -175.3824920654297 0
1700673313114 -175.75282287597656 0
1700673400651 -176.11721801757812 0
1700673488090 -176.4757843017578 0
1700673576072 -176.82847595214844 0
1700673663389 -177.1754150390625 0
1700673750536 -177.51663208007812 0
1700673838231 -177.85215759277344 0
1700673925410 -178.18209838867188 0
1700674012978 -178.506591796875 0
1700674100550 -178.82565307617188 0
1700674188225 -179.1394500732422 0
1700674275531 -179.44789123535156 0
1700674362884 -179.7509307861328 0
1700674451555 -180.04885864257812 0
1700674541602 -180.34136962890625 0
1700674628263 -180.6277313232422 0
1700674716028 -180.90977478027344 0
1700674803150 -181.187255859375 0
1700674890422 -181.45977783203125 0
1700674977903 -181.72772216796875 0
1700675065090 -181.9906768798828 0
1700675152243 -182.24900817871094 0
1700675239473 -182.50283813476562 0
1700675326922 -182.75204467773438 0
1700675417411 -182.9966278076172 0
1700675505442 -183.23666381835938 0
1700675593154 -183.4722137451172 0
1700675680482 -183.70346069335938 0
1700675767730 -183.9303741455078 0
1700675855181 -184.15296936035156 0
1700675942602 -184.37130737304688 0
1700676030006 -184.58535766601562 0
1700676117504 -184.79525756835938 0
1700676208568 -185.00106811523438 0
1700676296108 -185.20274353027344 0
1700676383752 -185.40052795410156 0
1700676471306 -185.59442138671875 0
1700676558475 -185.78433227539062 0
1700676645786 -185.96942138671875 0
1700676733471 -186.15110778808594 0
1700676821135 -186.3295440673828 0
1700676910662 -186.50450134277344 0
1700677003059 -186.67593383789062 0
1700677090386 -186.84385681152344 0
1700677212298 -187.00820922851562 0
1700677299642 -187.1688995361328 0
1700677387318 -187.32603454589844 0
1700677474730 -187.4797821044922 0
1700677561787 -187.63009643554688 0
1700677649014 -187.77723693847656 0
1700677736566 -187.92124938964844 0
1700677823854 -188.06201171875 0
1700677911116 -188.19961547851562 0
1700677998782 -188.333984375 0
1700678086173 -188.4654541015625 0
1700678173646 -188.59390258789062 0
1700678260954 -188.71949768066406 0
1700678348730 -188.8422088623047 0
1700678439627 -188.9617919921875 0
1700678527386 -189.07879638671875 0
1700678614787 -189.1931915283203 0
1700678705101 -189.304931640625 0
1700678794090 -189.41375732421875 0
1700678881386 -189.51980590820312 0
1700678969054 -189.62319946289062 0
1700679056463 -189.723876953125 0
1700679143935 -189.82232666015625 0
1700679231461 -189.91818237304688 0
1700679322325 -190.01171875 0
1700679409658 -190.10263061523438 0
1700679497591 -190.1912384033203 0
1700679584983 -190.27780151367188 0
1700679672211 -190.3623046875 0
1700679759634 -190.44471740722656 0
1700679847339 -190.52464294433594 0
1700679935537 -190.60252380371094 0
1700680025870 -190.67735290527344 0
1700680114964 -190.75038146972656 0
1700680202582 -190.8207244873047 0
1700680289895 -190.8899383544922 0
1700680376972 -190.9578399658203 0
1700680464408 -191.0241241455078 0
1700680551807 -191.08859252929688 0
1700680639274 -191.15147399902344 0
1700680726519 -191.21253967285156 0
1700680813910 -191.2720184326172 0
1700680901294 -191.3297119140625 0
1700680988475 -191.3858184814453 0
1700681075751 -191.44036865234375 0
1700681163110 -191.4933624267578 0
1700681250488 -191.54490661621094 0
1700681337563 -191.59495544433594 0
1700681424610 -191.64346313476562 0
1700681512208 -191.69033813476562 0
1700681599759 -191.73599243164062 0
1700681686818 -191.78018188476562 0
1700681774315 -191.8229522705078 0
1700681861761 -191.86428833007812 0
1700681949113 -191.90284729003906 0
1700682037177 -191.94033813476562 0
1700682127559 -191.9759979248047 0
1700682216158 -192.01133728027344 0
1700682303394 -192.04653930664062 0
1700682391001 -192.0793914794922 0
1700682478523 -192.11026000976562 0
1700682566038 -192.14181518554688 0
1700682653379 -192.1725311279297 0
1700682744271 -192.20297241210938 0
1700682832030 -192.23199462890625 0
1700682919358 -192.2599639892578 0
1700683052471 -192.2873077392578 0
1700683140163 -192.31307983398438 0
1700683227754 -192.33876037597656 0
1700683315555 -192.36343383789062 0
1700683403095 -192.3875274658203 0
1700683490550 -192.41078186035156 0
1700683577929 -192.43292236328125 0
1700683669050 -192.45425415039062 0
1700683757765 -192.4751434326172 0
1700683847513 -192.4949493408203 0
1700683935825 -192.51138305664062 0
1700684023046 -192.52767944335938 0
1700684110498 -192.54530334472656 0
1700684197834 -192.56224060058594 0
1700684285787 -192.5785675048828 0
1700684373591 -192.59463500976562 0
1700684460783 -192.6105499267578 0
1700684548043 -192.62571716308594 0
1700684634491 -192.63998413085938 0
1700684722250 -192.65423583984375 0
1700684810294 -192.66757202148438 0
1700684897586 -192.68023681640625 0
1700684985123 -192.6923065185547 0
1700685072262 -192.70420837402344 0
1700685159585 -192.71580505371094 0
1700685247362 -192.72706604003906 0
1700685335143 -192.7368927001953 0
1700685421594 -192.74615478515625 0
1700685511430 -192.75563049316406 0
1700685600551 -192.76524353027344 0
1700685687859 -192.7733917236328 0
1700685775059 -192.78125 0
1700685862085 -192.7890167236328 0
1700685953042 -192.79647827148438 0
1700686040950 -192.804443359375 0
1700686128050 -192.81129455566406 0
1700686215602 -192.8182373046875 0
1700686302991 -192.82481384277344 0
1700686390110 -192.83114624023438 0
1700686477877 -192.83741760253906 0
1700686565391 -192.8429718017578 0
1700686652878 -192.84886169433594 0
1700686741009 -192.85450744628906 0
1700686831761 -192.85997009277344 0
1700686919352 -192.86508178710938 0
1700687006746 -192.86976623535156 0
1700687094486 -192.8745574951172 0
1700687185467 -192.8795623779297 0
1700687272414 -192.88392639160156 0
1700687360243 -192.88815307617188 0
1700687448939 -192.8922882080078 0
1700687539007 -192.89608764648438 0
1700687626407 -192.89903259277344 0
1700687713659 -192.90237426757812 0
1700687800808 -192.9052734375 0
1700687888578 -192.908203125 0
1700687976009 -192.9111785888672 0
1700688063693 -192.91395568847656 0
1700688154634 -192.91624450683594 0
1700688241907 -192.9187469482422 0
1700688329270 -192.92105102539062 0
1700688416894 -192.92303466796875 0
1700688507966 -192.9245147705078 0
1700688595458 -192.92633056640625 0
1700688682519 -192.92694091796875 0
1700688770286 -192.92807006835938 0
