1700660073250 0.09942184388637543 0
1700660145705 0.8399813175201416 0
1700660226285 1.3668867349624634 0
1700660309885 2.4329962730407715 0
1700660390422 3.8004226684570312 0
1700660471081 5.326757431030273 0
1700660554718 6.957618713378906 0
1700660637557 8.664922714233398 0
1700660718289 10.460775375366211 0
1700660798795 12.318595886230469 0
1700660879257 14.212672233581543 0
1700660963217 16.130741119384766 0
1700661043704 18.068464279174805 0
1700661124277 20.024242401123047 0
1700661204583 21.996017456054688 0
1700661284792 23.980234146118164 0
1700661365206 25.973617553710938 0
1700661446124 27.972761154174805 0
1700661526423 29.976743698120117 0
1700661606873 31.987394332885742 0
1700661687423 34.0041618347168 0
1700661767789 36.02168273925781 0
1700661848569 38.03421401977539 0
1700661929233 40.042198181152344 0
1700662009581 42.050411224365234 0
1700662090410 44.06190872192383 0
1700662171022 46.07603454589844 0
1700662251507 48.09452438354492 0
1700662331931 50.117637634277344 0
1700662412285 52.14637756347656 0
1700662494195 54.168277740478516 0
1700662581141 56.17548751831055 0
1700662661549 58.173057556152344 0
1700662741908 60.15791702270508 0
1700662822780 62.133663177490234 0
1700662906385 64.1106185913086 0
1700662986761 66.09115600585938 0
1700663067031 68.07301330566406 0
1700663147438 70.05654907226562 0
1700663228074 72.04119873046875 0
1700663308379 74.02040100097656 0
1700663392181 75.99474334716797 0
1700663472686 77.95838165283203 0
1700663553632 79.90511322021484 0
1700663634062 81.83529663085938 0
1700663714365 83.74322509765625 0
1700663794681 85.62176513671875 0
1700663874939 87.4901123046875 0
1700663955288 89.35584259033203 0
1700664038932 91.20478057861328 0
1700664119275 93.02750396728516 0
1700664199820 94.8350601196289 0
1700664280180 96.6356430053711 0
1700664362825 98.43595886230469 0
1700664444864 100.23243713378906 0
1700664525114 102.02716064453125 0
1700664605362 103.8211898803711 0
1700664685590 105.6163101196289 0
1700664766435 107.41047668457031 0
1700664846448 109.20020294189453 0
1700664926537 110.98594665527344 0
1700665006572 112.76799774169922 0
1700665086651 114.5474624633789 0
1700665166611 116.32478332519531 0
1700665250177 118.09559631347656 0
1700665330494 119.85301208496094 0
1700665447155 121.58948516845703 0
1700665534779 123.30695343017578 0
1700665622660 125.0161361694336 0
1700665710637 126.72470092773438 0
1700665798394 128.43588256835938 0
1700665886341 130.14730834960938 0
1700665975132 131.8563690185547 0
1700666065229 133.5624542236328 0
1700666153281 135.27090454101562 0
1700666240797 136.98626708984375 0
1700666328447 138.70530700683594 0
1700666416595 140.42623901367188 0
1700666504788 142.14869689941406 0
1700666592696 143.87289428710938 0
1700666680268 145.6001434326172 0
1700666767899 147.3308868408203 0
1700666855168 149.06529235839844 0
1700666942822 150.7991180419922 0
1700667031192 152.5327606201172 0
1700667119035 154.26449584960938 0
1700667206959 155.97828674316406 0
1700667300444 157.6566162109375 0
1700667391988 159.28485107421875 0
1700667479992 160.84263610839844 0
1700667568123 162.301513671875 0
1700667656045 163.6280517578125 0
1700667743672 164.79026794433594 0
1700667831544 165.81822204589844 0
1700667919075 166.7870330810547 0
1700668006735 167.70790100097656 0
1700668094255 168.584716796875 0
1700668181804 169.42164611816406 0
1700668269748 170.22181701660156 0
1700668357800 170.9886932373047 0
1700668445357 171.72389221191406 0
1700668533524 172.43045043945312 0
1700668624339 173.10960388183594 0
1700668711932 173.7607879638672 0
1700668799896 174.38604736328125 0
1700668889515 174.98731994628906 0
1700668979947 175.56629943847656 0
1700669067595 176.1239471435547 0
1700669155184 176.66067504882812 0
1700669242840 177.177978515625 0
1700669330848 177.67672729492188 0
1700669418096 178.15768432617188 0
1700669505589 178.62167358398438 0
1700669593208 179.06947326660156 0
1700669680953 179.50196838378906 0
1700669768555 179.9192657470703 0
1700669856135 180.32203674316406 0
1700669943739 180.71124267578125 0
1700670031417 181.0873565673828 0
1700670118955 181.4508819580078 0
1700670206349 181.80198669433594 0
1700670293911 182.1410369873047 0
1700670381415 182.4683380126953 0
1700670469131 182.78472900390625 0
1700670556105 183.0904998779297 0
1700670643444 183.38624572753906 0
1700670734532 183.67251586914062 0
1700670822141 183.9510040283203 0
1700670909329 184.21914672851562 0
1700670996508 184.47743225097656 0
1700671084077 184.7277374267578 0
1700671172367 184.97056579589844 0
1700671261797 185.205322265625 0
1700671384431 185.4315643310547 0
1700671471216 185.648193359375 0
1700671558510 185.8545379638672 0
1700671645935 186.0552520751953 0
1700671733371 186.24993896484375 0
1700671820763 186.43829345703125 0
1700671908408 186.62026977539062 0
1700671995676 186.79603576660156 0
1700672083034 186.96566772460938 0
1700672170903 187.1295166015625 0
1700672258447 187.2876739501953 0
1700672346462 187.44041442871094 0
1700672433959 187.5877227783203 0
1700672521288 187.72987365722656 0
1700672608507 187.8670196533203 0
1700672696291 187.9993896484375 0
1700672783803 188.1271514892578 0
1700672871436 188.25038146972656 0
1700672959423 188.36924743652344 0
1700673047910 188.48385620117188 0
1700673138143 188.59434509277344 0
1700673225698 188.70079040527344 0
1700673313114 188.80335998535156 0
1700673400652 188.90219116210938 0
1700673488090 188.9974365234375 0
1700673576072 189.08914184570312 0
1700673663390 189.17742919921875 0
1700673750536 189.26243591308594 0
1700673838232 189.34423828125 0
1700673925411 189.4229736328125 0
1700674012979 189.49871826171875 0
1700674100551 189.5715789794922 0
1700674188226 189.64170837402344 0
1700674275532 189.7091064453125 0
1700674362885 189.77383422851562 0
1700674451556 189.83607482910156 0
1700674541603 189.89573669433594 0
1700674628264 189.95266723632812 0
1700674716028 190.00758361816406 0
1700674803151 190.0604705810547 0
1700674890422 190.11122131347656 0
1700674977904 190.16001892089844 0
1700675065090 190.206787109375 0
1700675152244 190.25167846679688 0
1700675239474 190.29478454589844 0
1700675326923 190.3361358642578 0
1700675417411 190.375732421875 0
1700675505443 190.4136505126953 0
1700675593154 190.45001220703125 0
1700675680482 190.48487854003906 0
1700675767731 190.51821899414062 0
1700675855182 190.55018615722656 0
1700675942603 190.58074951171875 0
1700676030006 190.60997009277344 0
1700676117505 190.6378936767578 0
1700676208569 190.66461181640625 0
1700676296108 190.6901397705078 0
1700676383752 190.71453857421875 0
1700676471307 190.73785400390625 0
1700676558476 190.76010131835938 0
1700676645787 190.78114318847656 0
1700676733471 190.80130004882812 0
1700676821136 190.8206329345703 0
1700676910663 190.839111328125 0
1700677003060 190.85675048828125 0
1700677090387 190.8736114501953 0
1700677212299 190.88963317871094 0
1700677299643 190.90489196777344 0
1700677387319 190.9193878173828 0
1700677474730 190.93319702148438 0
1700677561788 190.94631958007812 0
1700677649015 190.95883178710938 0
1700677736567 190.9707489013672 0
1700677823854 190.98207092285156 0
1700677911117 190.99282836914062 0
1700677998782 191.00302124023438 0
1700678086174 191.0127410888672 0
1700678173647 191.02197265625 0
1700678260954 191.03074645996094 0
1700678348731 191.03907775878906 0
1700678439628 191.0469512939453 0
1700678527387 191.05442810058594 0
1700678614788 191.0615692138672 0
1700678705101 191.0683135986328 0
1700678794090 191.07469177246094 0
1700678881387 191.08070373535156 0
1700678969055 191.08639526367188 0
1700679056463 191.09176635742188 0
1700679143936 191.09686279296875 0
1700679231462 191.10166931152344 0
1700679322326 191.10621643066406 0
1700679409659 191.11050415039062 0
1700679497592 191.11453247070312 0
1700679584984 191.11837768554688 0
1700679672211 191.12200927734375 0
1700679759635 191.1254425048828 0
1700679847339 191.128662109375 0
1700679935538 191.13168334960938 0
1700680025871 191.13449096679688 0
1700680114964 191.13714599609375 0
1700680202582 191.1396026611328 0
1700680289895 191.14193725585938 0
1700680376972 191.14418029785156 0
1700680464409 191.1463165283203 0
1700680551807 191.14830017089844 0
1700680639275 191.1501922607422 0
1700680726520 191.1519775390625 0
1700680813911 191.15365600585938 0
1700680901294 191.15521240234375 0
1700680988476 191.15670776367188 0
1700681075751 191.1580810546875 0
1700681163110 191.1593780517578 0
1700681250488 191.1605987548828 0
1700681337563 191.16175842285156 0
1700681424610 191.16282653808594 0
1700681512209 191.16383361816406 0
1700681599760 191.1647491455078 0
1700681686819 191.16566467285156 0
1700681774315 191.16644287109375 0
1700681861762 191.16720581054688 0
1700681949114 191.1678466796875 0
1700682037178 191.16845703125 0
1700682127560 191.16905212402344 0
1700682216159 191.1696319580078 0
1700682303394 191.170166015625 0
1700682391002 191.17062377929688 0
1700682478523 191.17108154296875 0
1700682566039 191.17153930664062 0
1700682653380 191.1719970703125 0
1700682744272 191.17245483398438 0
1700682832031 191.17276000976562 0
1700682919359 191.17306518554688 0
1700683052472 191.17337036132812 0
1700683140164 191.17367553710938 0
1700683227755 191.17398071289062 0
1700683315555 191.17428588867188 0
1700683403095 191.17459106445312 0
1700683490550 191.1747589111328 0
1700683577929 191.17491149902344 0
1700683669051 191.17506408691406 0
1700683757766 191.1752166748047 0
1700683847513 191.1753692626953 0
1700683935826 191.17552185058594 0
1700684023047 191.17567443847656 0
1700684110499 191.1758270263672 0
1700684197835 191.1759796142578 0
1700684285788 191.17613220214844 0
1700684373591 191.17628479003906 0
1700684460784 191.1764373779297 0
1700684548043 191.1765899658203 0
1700684634491 191.17669677734375 0
1700684722250 191.17677307128906 0
1700684810294 191.17677307128906 0
1700684897586 191.17677307128906 0
1700684985123 191.17677307128906 0
1700685072263 191.17677307128906 0
1700685159586 191.17677307128906 0
1700685247363 191.17677307128906 0
1700685335144 191.17677307128906 0
1700685421594 191.17677307128906 0
1700685511431 191.17677307128906 0
1700685600552 191.17677307128906 0
1700685687860 191.17677307128906 0
1700685775060 191.17677307128906 0
1700685862086 191.17677307128906 0
1700685953043 191.17677307128906 0
1700686040951 191.17677307128906 0
1700686128051 191.17677307128906 0
1700686215602 191.17677307128906 0
1700686302991 191.17677307128906 0
1700686390111 191.17677307128906 0
1700686477877 191.17677307128906 0
1700686565392 191.17677307128906 0
1700686652878 191.17677307128906 0
1700686741010 191.17677307128906 0
1700686831761 191.17677307128906 0
1700686919353 191.17677307128906 0
1700687006746 191.17677307128906 0
1700687094487 191.17677307128906 0
1700687185468 191.17677307128906 0
1700687272415 191.17677307128906 0
1700687360243 191.17677307128906 0
1700687448939 191.17677307128906 0
1700687539007 191.17677307128906 0
1700687626408 191.17677307128906 0
1700687713660 191.17677307128906 0
1700687800808 191.17677307128906 0
1700687888578 191.17677307128906 0
1700687976010 191.17677307128906 0
1700688063694 191.17677307128906 0
1700688154635 191.17677307128906 0
1700688241907 191.17677307128906 0
1700688329270 191.17677307128906 0
1700688416895 191.17677307128906 0
1700688507966 191.17677307128906 0
1700688595459 191.17677307128906 0
1700688682520 191.17677307128906 0
1700688770287 191.17677307128906 0
