1700660073249 4.998498498498499e-05 0
1700660145703 4.984984984984985e-05 0
1700660226284 4.96996996996997e-05 0
1700660309883 4.954954954954955e-05 0
1700660390421 4.93993993993994e-05 0
1700660471080 4.9249249249249253e-05 0
1700660554717 4.90990990990991e-05 0
1700660637555 4.8948948948948954e-05 0
1700660718287 4.87987987987988e-05 0
1700660798794 4.8648648648648654e-05 0
1700660879256 4.8498498498498504e-05 0
1700660963215 4.834834834834835e-05 0
1700661043702 4.8198198198198205e-05 0
1700661124276 4.804804804804805e-05 0
1700661204582 4.78978978978979e-05 0
1700661284791 4.774774774774775e-05 0
1700661365204 4.75975975975976e-05 0
1700661446122 4.744744744744745e-05 0
1700661526422 4.72972972972973e-05 0
1700661606872 4.714714714714715e-05 0
1700661687421 4.6996996996997e-05 0
1700661767787 4.684684684684685e-05 0
1700661848567 4.66966966966967e-05 0
1700661929231 4.654654654654655e-05 0
1700662009579 4.6396396396396394e-05 0
1700662090408 4.624624624624625e-05 0
1700662171020 4.6096096096096094e-05 0
1700662251505 4.594594594594595e-05 0
1700662331930 4.57957957957958e-05 0
1700662412283 4.5645645645645645e-05 0
1700662494194 4.54954954954955e-05 0
1700662581139 4.5345345345345345e-05 0
1700662661547 4.5195195195195196e-05 0
1700662741906 4.5045045045045046e-05 0
1700662822779 4.4894894894894896e-05 0
1700662906383 4.4744744744744746e-05 0
1700662986760 4.4594594594594596e-05 0
1700663067030 4.4444444444444447e-05 0
1700663147437 4.42942942942943e-05 0
1700663228073 4.414414414414415e-05 0
1700663308378 4.3993993993994e-05 0
1700663392180 4.384384384384385e-05 0
1700663472684 4.369369369369369e-05 0
1700663553631 4.354354354354355e-05 0
1700663634060 4.339339339339339e-05 0
1700663714363 4.324324324324325e-05 0
1700663794679 4.30930930930931e-05 0
1700663874937 4.294294294294294e-05 0
1700663955287 4.27927927927928e-05 0
1700664038931 4.264264264264264e-05 0
1700664119274 4.24924924924925e-05 0
1700664199819 4.234234234234234e-05 0
1700664280179 4.219219219219219e-05 0
1700664362823 4.204204204204204e-05 0
1700664444862 4.189189189189189e-05 0
1700664525113 4.1741741741741744e-05 0
1700664605360 4.1591591591591594e-05 0
1700664685588 4.1441441441441444e-05 0
1700664766433 4.1291291291291294e-05 0
1700664846447 4.1141141141141144e-05 0
1700664926535 4.099099099099099e-05 0
1700665006570 4.0840840840840845e-05 0
1700665086649 4.069069069069069e-05 0
1700665166610 4.0540540540540545e-05 0
1700665250176 4.0390390390390395e-05 0
1700665330492 4.024024024024024e-05 0
1700665447153 4.0090090090090096e-05 0
1700665534777 3.993993993993994e-05 0
1700665622659 3.9789789789789796e-05 0
1700665710635 3.963963963963964e-05 0
1700665798392 3.948948948948949e-05 0
1700665886339 3.933933933933934e-05 0
1700665975131 3.918918918918919e-05 0
1700666065228 3.903903903903904e-05 0
1700666153279 3.888888888888889e-05 0
1700666240795 3.873873873873874e-05 0
1700666328445 3.858858858858859e-05 0
1700666416594 3.843843843843844e-05 0
1700666504787 3.8288288288288285e-05 0
1700666592694 3.813813813813814e-05 0
1700666680267 3.7987987987987985e-05 0
1700666767897 3.783783783783784e-05 0
1700666855166 3.768768768768769e-05 0
1700666942820 3.7537537537537536e-05 0
1700667031190 3.738738738738739e-05 0
1700667119033 3.7237237237237236e-05 0
1700667206957 3.708708708708709e-05 0
1700667300442 3.693693693693694e-05 0
1700667391987 3.678678678678679e-05 0
1700667479990 3.663663663663664e-05 0
1700667568122 3.648648648648649e-05 0
1700667656044 3.633633633633634e-05 0
1700667743671 3.618618618618619e-05 0
1700667831542 3.603603603603604e-05 0
1700667919074 3.588588588588589e-05 0
1700668006733 3.573573573573574e-05 0
1700668094254 3.558558558558558e-05 0
1700668181802 3.543543543543544e-05 0
1700668269747 3.528528528528528e-05 0
1700668357799 3.513513513513514e-05 0
1700668445355 3.498498498498499e-05 0
1700668533523 3.483483483483483e-05 0
1700668624338 3.468468468468469e-05 0
1700668711930 3.453453453453453e-05 0
1700668799894 3.438438438438439e-05 0
1700668889513 3.4234234234234234e-05 0
1700668979945 3.4084084084084084e-05 0
1700669067593 3.3933933933933934e-05 0
1700669155182 3.3783783783783784e-05 0
1700669242838 3.3633633633633635e-05 0
1700669330846 3.3483483483483485e-05 0
1700669418094 3.3333333333333335e-05 0
1700669505587 3.3183183183183185e-05 0
1700669593206 3.3033033033033035e-05 0
1700669680951 3.2882882882882886e-05 0
1700669768554 3.2732732732732736e-05 0
1700669856134 3.258258258258258e-05 0
1700669943737 3.2432432432432436e-05 0
1700670031416 3.2282282282282286e-05 0
1700670118953 3.213213213213213e-05 0
1700670206347 3.198198198198199e-05 0
1700670293909 3.183183183183183e-05 0
1700670381413 3.168168168168169e-05 0
1700670469130 3.153153153153153e-05 0
1700670556104 3.138138138138138e-05 0
1700670643443 3.123123123123123e-05 0
1700670734531 3.108108108108108e-05 0
1700670822139 3.093093093093093e-05 0
1700670909327 3.078078078078078e-05 0
1700670996506 3.063063063063063e-05 0
1700671084075 3.0480480480480482e-05 0
1700671172365 3.0330330330330332e-05 0
1700671261796 3.0180180180180183e-05 0
1700671384430 3.0030030030030033e-05 0
1700671471215 2.987987987987988e-05 0
1700671558509 2.9729729729729733e-05 0
1700671645933 2.957957957957958e-05 0
1700671733370 2.9429429429429427e-05 0
1700671820762 2.927927927927928e-05 0
1700671908406 2.912912912912913e-05 0
1700671995675 2.897897897897898e-05 0
1700672083033 2.882882882882883e-05 0
1700672170902 2.8678678678678678e-05 0
1700672258446 2.852852852852853e-05 0
1700672346460 2.8378378378378378e-05 0
1700672433958 2.8228228228228232e-05 0
1700672521287 2.807807807807808e-05 0
1700672608506 2.7927927927927926e-05 0
1700672696289 2.777777777777778e-05 0
1700672783802 2.762762762762763e-05 0
1700672871435 2.7477477477477483e-05 0
1700672959422 2.732732732732733e-05 0
1700673047909 2.7177177177177177e-05 0
1700673138142 2.702702702702703e-05 0
1700673225697 2.6876876876876877e-05 0
1700673313113 2.672672672672673e-05 0
1700673400651 2.6576576576576577e-05 0
1700673488089 2.6426426426426428e-05 0
1700673576071 2.6276276276276278e-05 0
1700673663388 2.6126126126126128e-05 0
1700673750535 2.5975975975975975e-05 0
1700673838230 2.582582582582583e-05 0
1700673925409 2.5675675675675675e-05 0
1700674012978 2.552552552552553e-05 0
1700674100549 2.5375375375375376e-05 0
1700674188225 2.5225225225225222e-05 0
1700674275530 2.5075075075075076e-05 0
1700674362883 2.4924924924924926e-05 0
1700674451554 2.4774774774774777e-05 0
1700674541601 2.4624624624624627e-05 0
1700674628263 2.4474474474474477e-05 0
1700674716027 2.4324324324324327e-05 0
1700674803150 2.4174174174174174e-05 0
1700674890421 2.4024024024024024e-05 0
1700674977902 2.3873873873873874e-05 0
1700675065089 2.3723723723723725e-05 0
1700675152243 2.3573573573573575e-05 0
1700675239473 2.3423423423423425e-05 0
1700675326922 2.3273273273273275e-05 0
1700675417410 2.3123123123123125e-05 0
1700675505442 2.2972972972972976e-05 0
1700675593153 2.2822822822822822e-05 0
1700675680481 2.2672672672672673e-05 0
1700675767730 2.2522522522522523e-05 0
1700675855181 2.2372372372372373e-05 0
1700675942602 2.2222222222222223e-05 0
1700676030005 2.2072072072072073e-05 0
1700676117504 2.1921921921921924e-05 0
1700676208567 2.1771771771771774e-05 0
1700676296107 2.1621621621621624e-05 0
1700676383751 2.147147147147147e-05 0
1700676471305 2.132132132132132e-05 0
1700676558474 2.117117117117117e-05 0
1700676645786 2.102102102102102e-05 0
1700676733470 2.0870870870870872e-05 0
1700676821134 2.0720720720720722e-05 0
1700676910662 2.0570570570570572e-05 0
1700677003059 2.0420420420420422e-05 0
1700677090385 2.0270270270270273e-05 0
1700677212297 2.012012012012012e-05 0
1700677299641 1.996996996996997e-05 0
1700677387318 1.981981981981982e-05 0
1700677474729 1.966966966966967e-05 0
1700677561786 1.951951951951952e-05 0
1700677649014 1.936936936936937e-05 0
1700677736565 1.921921921921922e-05 0
1700677823853 1.906906906906907e-05 0
1700677911115 1.891891891891892e-05 0
1700677998781 1.8768768768768768e-05 0
1700678086173 1.8618618618618618e-05 0
1700678173645 1.846846846846847e-05 0
1700678260953 1.831831831831832e-05 0
1700678348730 1.816816816816817e-05 0
1700678439627 1.801801801801802e-05 0
1700678527385 1.786786786786787e-05 0
1700678614786 1.771771771771772e-05 0
1700678705100 1.756756756756757e-05 0
1700678794089 1.7417417417417416e-05 0
1700678881385 1.7267267267267267e-05 0
1700678969054 1.7117117117117117e-05 0
1700679056462 1.6966966966966967e-05 0
1700679143935 1.6816816816816817e-05 0
1700679231461 1.6666666666666667e-05 0
1700679322324 1.6516516516516518e-05 0
1700679409658 1.6366366366366368e-05 0
1700679497591 1.6216216216216218e-05 0
1700679584982 1.6066066066066065e-05 0
1700679672210 1.5915915915915915e-05 0
1700679759634 1.5765765765765765e-05 0
1700679847338 1.5615615615615616e-05 0
1700679935537 1.5465465465465466e-05 0
1700680025869 1.5315315315315316e-05 0
1700680114963 1.5165165165165166e-05 0
1700680202581 1.5015015015015016e-05 0
1700680289894 1.4864864864864867e-05 0
1700680376971 1.4714714714714713e-05 0
1700680464408 1.4564564564564565e-05 0
1700680551806 1.4414414414414416e-05 0
1700680639274 1.4264264264264266e-05 0
1700680726519 1.4114114114114116e-05 0
1700680813910 1.3963963963963963e-05 0
1700680901293 1.3813813813813815e-05 0
1700680988475 1.3663663663663665e-05 0
1700681075750 1.3513513513513515e-05 0
1700681163109 1.3363363363363365e-05 0
1700681250487 1.3213213213213214e-05 0
1700681337562 1.3063063063063064e-05 0
1700681424609 1.2912912912912914e-05 0
1700681512208 1.2762762762762764e-05 0
1700681599759 1.2612612612612611e-05 0
1700681686818 1.2462462462462463e-05 0
1700681774314 1.2312312312312313e-05 0
1700681861761 1.2162162162162164e-05 0
1700681949112 1.2012012012012012e-05 0
1700682037176 1.1861861861861862e-05 0
1700682127559 1.1711711711711713e-05 0
1700682216157 1.1561561561561563e-05 0
1700682303393 1.1411411411411411e-05 0
1700682391001 1.1261261261261261e-05 0
1700682478522 1.1111111111111112e-05 0
1700682566038 1.0960960960960962e-05 0
1700682653379 1.0810810810810812e-05 0
1700682744270 1.066066066066066e-05 0
1700682832029 1.051051051051051e-05 0
1700682919357 1.0360360360360361e-05 0
1700683052470 1.0210210210210211e-05 0
1700683140162 1.006006006006006e-05 0
1700683227753 9.90990990990991e-06 0
1700683315554 9.75975975975976e-06 0
1700683403094 9.60960960960961e-06 0
1700683490549 9.45945945945946e-06 0
1700683577928 9.309309309309309e-06 0
1700683669050 9.15915915915916e-06 0
1700683757765 9.00900900900901e-06 0
1700683847512 8.85885885885886e-06 0
1700683935825 8.708708708708708e-06 0
1700684023046 8.558558558558558e-06 0
1700684110497 8.408408408408409e-06 0
1700684197834 8.258258258258259e-06 0
1700684285786 8.108108108108109e-06 0
1700684373590 7.957957957957958e-06 0
1700684460782 7.807807807807808e-06 0
1700684548042 7.657657657657658e-06 0
1700684634490 7.507507507507508e-06 0
1700684722249 7.357357357357357e-06 0
1700684810293 7.207207207207208e-06 0
1700684897585 7.057057057057058e-06 0
1700684985122 6.906906906906907e-06 0
1700685072262 6.7567567567567575e-06 0
1700685159584 6.606606606606607e-06 0
1700685247362 6.456456456456457e-06 0
1700685335143 6.306306306306306e-06 0
1700685421593 6.156156156156157e-06 0
1700685511430 6.006006006006006e-06 0
1700685600550 5.855855855855856e-06 0
1700685687859 5.705705705705706e-06 0
1700685775059 5.555555555555556e-06 0
1700685862084 5.405405405405406e-06 0
1700685953041 5.255255255255255e-06 0
1700686040950 5.105105105105106e-06 0
1700686128050 4.954954954954955e-06 0
1700686215601 4.804804804804805e-06 0
1700686302990 4.6546546546546545e-06 0
1700686390110 4.504504504504505e-06 0
1700686477876 4.354354354354354e-06 0
1700686565390 4.204204204204204e-06 0
1700686652877 4.0540540540540545e-06 0
1700686741008 3.903903903903904e-06 0
1700686831760 3.753753753753754e-06 0
1700686919352 3.603603603603604e-06 0
1700687006745 3.4534534534534537e-06 0
1700687094486 3.3033033033033035e-06 0
1700687185467 3.153153153153153e-06 0
1700687272413 3.003003003003003e-06 0
1700687360242 2.852852852852853e-06 0
1700687448938 2.702702702702703e-06 0
1700687539006 2.552552552552553e-06 0
1700687626406 2.4024024024024026e-06 0
1700687713658 2.2522522522522524e-06 0
1700687800807 2.102102102102102e-06 0
1700687888577 1.951951951951952e-06 0
1700687976008 1.801801801801802e-06 0
1700688063693 1.6516516516516517e-06 0
1700688154633 1.5015015015015015e-06 0
1700688241906 1.3513513513513515e-06 0
1700688329269 1.2012012012012013e-06 0
1700688416894 1.051051051051051e-06 0
1700688507965 9.00900900900901e-07 0
1700688595457 7.507507507507508e-07 0
1700688682519 6.006006006006006e-07 0
1700688770285 4.504504504504505e-07 0
