1700660073247 0.356640625 0
1700660145700 1.363232421875 0
1700660226280 1.29306640625 0
1700660309880 1.486181640625 0
1700660390419 1.385546875 0
1700660471077 9.11767578125 0
1700660554713 2.37958984375 0
1700660637552 1.643359375 0
1700660718284 1.71826171875 0
1700660798791 10.4494140625 0
1700660879254 7.3505859375 0
1700660963212 2.5638671875 0
1700661043700 2.17158203125 0
1700661124273 2.1662109375 0
1700661204580 2.832421875 0
1700661284788 3.4974609375 0
1700661365201 2.7658203125 0
1700661446119 2.8603515625 0
1700661526418 3.7666015625 0
1700661606869 3.5314453125 0
1700661687419 6.4091796875 0
1700661767784 4.359375 0
1700661848564 4.34453125 0
1700661929228 4.3064453125 0
1700662009576 5.108984375 0
1700662090404 4.659375 0
1700662171017 5.079296875 0
1700662251502 5.45390625 0
1700662331927 5.9859375 0
1700662412280 6.045703125 0
1700662494191 6.686328125 0
1700662581136 6.85703125 0
1700662661544 7.1 0
1700662741903 7.75703125 0
1700662822777 8.055859375 0
1700662906380 8.40546875 0
1700662986757 9.05859375 0
1700663067028 9.3984375 0
1700663147433 9.91796875 0
1700663228070 10.26015625 0
1700663308376 10.89765625 0
1700663392177 11.46796875 0
1700663472681 11.91875 0
1700663553628 12.303125 0
1700663634057 12.896875 0
1700663714361 13.409375 0
1700663794676 13.53359375 0
1700663874934 14.44375 0
1700663955284 18.48984375 0
1700664038928 15.41171875 0
1700664119270 19.92421875 0
1700664199817 16.715625 0
1700664280176 17.4265625 0
1700664362820 17.696875 0
1700664444859 18.1671875 0
1700664525110 18.6171875 0
1700664605357 19.965625 0
1700664685585 19.775 0
1700664766430 20.3640625 0
1700664846445 21.3703125 0
1700664926532 21.65625 0
1700665006567 22.265625 0
1700665086646 23.3078125 0
1700665166607 23.7515625 0
1700665250173 24.33125 0
1700665330489 24.803125 0
1700665447149 25.3640625 0
1700665534775 25.8 0
1700665622655 26.65 0
1700665710632 27.4625 0
1700665798389 27.665625 0
1700665886336 29.0265625 0
1700665975128 29.4796875 0
1700666065225 30.4515625 0
1700666153276 30.7515625 0
1700666240793 31.70625 0
1700666328443 32.4234375 0
1700666416591 33.7875 0
1700666504784 34.046875 0
1700666592691 34.8375 0
1700666680263 35.58125 0
1700666767894 36.646875 0
1700666855163 37.45 0
1700666942816 38.23125 0
1700667031187 39.278125 0
1700667119030 39.60625 0
1700667206954 41.446875 0
1700667300439 40.675 0
1700667391983 40.628125 0
1700667479987 40.54375 0
1700667568120 40.303125 0
1700667656041 38.765625 0
1700667743668 37.015625 0
1700667831540 36.55 0
1700667919071 39.14677734375 0
1700668006730 36.84375 0
1700668094251 36.296875 0
1700668181799 35.875 0
1700668269745 35.646875 0
1700668357796 36.003125 0
1700668445352 35.559375 0
1700668533520 34.878125 0
1700668624335 35.228125 0
1700668711927 35.153125 0
1700668799892 34.646875 0
1700668889510 39.1375 0
1700668979942 34.18125 0
1700669067590 33.396875 0
1700669155179 33.93125 0
1700669242835 34.528125 0
1700669330843 34.084375 0
1700669418091 33.9875 0
1700669505585 34.290625 0
1700669593203 34.2765625 0
1700669680948 33.003125 0
1700669768552 36.05 0
1700669856131 32.940625 0
1700669943734 33.81875 0
1700670031412 33.6953125 0
1700670118950 33.578125 0
1700670206344 33.45625 0
1700670293906 32.9375 0
1700670381410 33.5796875 0
1700670469126 32.7671875 0
1700670556101 33.1796875 0
1700670643440 32.9625 0
1700670734529 32.8359375 0
1700670822136 33.6515625 0
1700670909325 33.521875 0
1700670996503 32.975 0
1700671084072 32.6625 0
1700671172363 39.090625 0
1700671261794 34.5421875 0
1700671384427 33.6046875 0
1700671471212 33.2796875 0
1700671558507 32.921875 0
1700671645931 32.709375 0
1700671733367 32.171875 0
1700671820759 31.6953125 0
1700671908404 31.96875 0
1700671995672 31.8515625 0
1700672083031 31.0609375 0
1700672170899 31.5265625 0
1700672258444 31.634375 0
1700672346459 30.3578125 0
1700672433955 30.1953125 0
1700672521284 30.5015625 0
1700672608503 32.253125 0
1700672696287 29.990625 0
1700672783800 30.5828125 0
1700672871433 29.846875 0
1700672959419 30.4953125 0
1700673047907 31.5015625 0
1700673138139 29.2296875 0
1700673225695 29.3046875 0
1700673313111 29.2875 0
1700673400649 29.1140625 0
1700673488087 29.434375 0
1700673576068 28.2 0
1700673663386 28.56875 0
1700673750533 28.36875 0
1700673838228 28.2671875 0
1700673925407 28.1359375 0
1700674012975 28.1703125 0
1700674100547 27.7421875 0
1700674188222 27.7984375 0
1700674275529 28.1359375 0
1700674362881 27.259375 0
1700674451552 31.88125 0
1700674541599 29.3203125 0
1700674628261 27.0640625 0
1700674716025 27.109375 0
1700674803147 26.771875 0
1700674890419 26.753125 0
1700674977900 26.128125 0
1700675065087 25.725 0
1700675152240 26.3421875 0
1700675239471 26.203125 0
1700675326919 26.1609375 0
1700675417408 25.50625 0
1700675505440 26.184375 0
1700675593151 25.5859375 0
1700675680479 25.55625 0
1700675767727 27.959375 0
1700675855179 26.2421875 0
1700675942599 25.790625 0
1700676030003 25.44375 0
1700676117501 24.846875 0
1700676208565 25.6359375 0
1700676296105 25.1515625 0
1700676383749 24.8171875 0
1700676471303 24.5 0
1700676558471 24.9515625 0
1700676645784 24.5375 0
1700676733468 24.5 0
1700676821132 24.7875 0
1700676910660 25.4015625 0
1700677003057 25.2984375 0
1700677090383 24.603125 0
1700677212295 24.034375 0
1700677299639 24.4796875 0
1700677387315 24.265625 0
1700677474727 25.0359375 0
1700677561784 24.7390625 0
1700677649011 23.571875 0
1700677736563 25.4984375 0
1700677823851 24.4859375 0
1700677911113 23.953125 0
1700677998779 23.0703125 0
1700678086170 23.85625 0
1700678173643 23.896875 0
1700678260951 24.4328125 0
1700678348728 25.6671875 0
1700678439624 23.3515625 0
1700678527383 23.15 0
1700678614784 23.8265625 0
1700678705098 24.9875 0
1700678794087 23.9421875 0
1700678881383 23.71875 0
1700678969052 22.678125 0
1700679056460 23.2359375 0
1700679143933 23.55625 0
1700679231459 22.6234375 0
1700679322322 27.484375 0
1700679409655 23.571875 0
1700679497588 22.59375 0
1700679584980 22.496875 0
1700679672208 22.484375 0
1700679759631 23.1328125 0
1700679847335 24.0671875 0
1700679935534 24.2171875 0
1700680025867 23.528125 0
1700680114961 23.0390625 0
1700680202579 22.984375 0
1700680289891 22.6671875 0
1700680376969 22.6609375 0
1700680464406 22.6109375 0
1700680551804 22.934375 0
1700680639271 22.953125 0
1700680726516 22.51875 0
1700680813907 23.059375 0
1700680901291 22.1296875 0
1700680988473 22.9734375 0
1700681075748 23.50625 0
1700681163107 23.4328125 0
1700681250485 21.9359375 0
1700681337560 21.9515625 0
1700681424607 23.5921875 0
1700681512205 22.334375 0
1700681599756 23.4171875 0
1700681686815 22.665625 0
1700681774312 22.15 0
1700681861759 21.903125 0
1700681949110 22.3140625 0
1700682037174 22.4296875 0
1700682127557 21.7234375 0
1700682216155 27.5 0
1700682303391 22.45 0
1700682390999 21.565625 0
1700682478520 22.1078125 0
1700682566035 22.409375 0
1700682653376 22.66875 0
1700682744268 22.9578125 0
1700682832027 23.8234375 0
1700682919355 22.215625 0
1700683052468 22.3640625 0
1700683140160 23.89375 0
1700683227751 22.5890625 0
1700683315552 22.4921875 0
1700683403092 21.6171875 0
1700683490547 21.0859375 0
1700683577926 22.203125 0
1700683669047 22.165234375 0
1700683757763 23.359375 0
1700683847510 22.7421875 0
1700683935823 22.390625 0
1700684023043 22.396875 0
1700684110495 21.484375 0
1700684197831 22.8421875 0
1700684285784 20.9078125 0
1700684373587 20.7640625 0
1700684460779 21.8640625 0
1700684548040 22.1265625 0
1700684634488 22.4125 0
1700684722247 22.0 0
1700684810291 21.421875 0
1700684897583 21.1109375 0
1700684985119 21.5875 0
1700685072260 22.959375 0
1700685159582 24.0203125 0
1700685247360 22.1234375 0
1700685335140 22.6765625 0
1700685421591 21.3234375 0
1700685511428 21.471875 0
1700685600548 21.878125 0
1700685687856 22.7578125 0
1700685775056 21.2328125 0
1700685862082 21.39375 0
1700685953039 23.80625 0
1700686040947 22.525 0
1700686128047 22.309375 0
1700686215599 21.5140625 0
1700686302988 22.7078125 0
1700686390107 21.9875 0
1700686477874 21.8421875 0
1700686565388 23.1703125 0
1700686652874 21.1140625 0
1700686741006 22.425 0
1700686831758 22.4140625 0
1700686919350 21.55625 0
1700687006743 21.86875 0
1700687094483 23.24375 0
1700687185464 21.265625 0
1700687272411 21.0890625 0
1700687360240 22.6953125 0
1700687448936 21.825 0
1700687539004 21.5375 0
1700687626404 22.20625 0
1700687713656 21.1109375 0
1700687800805 21.0140625 0
1700687888575 22.4625 0
1700687976006 21.8953125 0
1700688063690 21.6109375 0
1700688154631 22.659375 0
1700688241904 22.4078125 0
1700688329267 22.5375 0
1700688416891 21.5453125 0
1700688507963 20.7125 0
1700688595455 22.071875 0
1700688682517 21.1453125 0
1700688770283 21.80625 0
