1700660075722 0.003290119566447994 0
1700660148091 0.0033488261267311213 0
1700660228700 0.0037100097367182916 0
1700660312322 0.003772488529818046 0
1700660392807 0.0038349673229178 0
1700660473590 0.004175241747050706 0
1700660557216 0.004734566792305269 0
1700660639915 0.004577917138529565 0
1700660720709 0.004413738769570781 0
1700660801176 0.004498916277613664 0
1700660881700 0.004616271955361638 0
1700660965650 0.004716592131501034 0
1700661046146 0.004809340973592175 0
1700661126686 0.004868018812466162 0
1700661206963 0.004938053652412533 0
1700661287222 0.005009981325870968 0
1700661367635 0.005421988086996918 0
1700661448550 0.005488237259919162 0
1700661528814 0.005278921652334342 0
1700661609305 0.0053338272583917015 0
1700661689830 0.005651020941956673 0
1700661770244 0.006380392788605369 0
1700661850990 0.0064598917961120605 0
1700661931610 0.006828363386460537 0
1700662012110 0.007202513477345205 0
1700662092815 0.007331886439743437 0
1700662173441 0.007365965781434212 0
1700662253956 0.007386792045800797 0
1700662334311 0.007411404903688579 0
1700662414681 0.008095516133184877 0
1700662496643 0.009711129368895694 0
1700662583573 0.009728169039741082 0
1700662663948 0.011037699299155122 0
1700662744334 0.012018427021145204 0
1700662825162 0.012018427021145204 0
1700662908789 0.012343442965047965 0
1700662989158 0.012978328478768699 0
1700663069446 0.013301451125910862 0
1700663149829 0.013312810906474454 0
1700663230454 0.014620447869127896 0
1700663310746 0.01464316743025508 0
1700663394611 0.01562768174576636 0
1700663475190 0.017572097518901132 0
1700663556002 0.018244848967833842 0
1700663636453 0.020871482673704315 0
1700663716742 0.023235579228771782 0
1700663797071 0.02427310585357982 0
1700663877310 0.025263300059372898 0
1700663957663 0.027228542096874257 0
1700664041322 0.03057837640683268 0
1700664121702 0.032057941268762775 0
1700664202226 0.033501542293963654 0
1700664282628 0.03455395772667129 0
1700664365301 0.036560361249459224 0
1700664447255 0.0379093205990569 0
1700664527478 0.03924503011407012 0
1700664607777 0.040575061128547155 0
1700664687977 0.04189752080897593 0
1700664768820 0.04384335365937782 0
1700664848848 0.04589392376069578 0
1700664928902 0.04753036326077318 0
1700665008980 0.04884936000399021 0
1700665089031 0.05047633302026462 0
1700665168990 0.052451041541568974 0
1700665252568 0.055083355137721245 0
1700665332920 0.05803689808425508 0
1700665449535 0.060979081250225324 0
1700665537184 0.06392568627787377 0
1700665625093 0.06499135154516586 0
1700665712998 0.06700911206902617 0
1700665800850 0.06867165083712247 0
1700665888730 0.07063641202264499 0
1700665977642 0.0729374666288109 0
1700666067687 0.07361573197063387 0
1700666155649 0.07530477040789905 0
1700666243162 0.0769748805100436 0
1700666330854 0.07833141119368954 0
1700666418993 0.07974851254972151 0
1700666507189 0.08213663749744238 0
1700666595095 0.08350831084918482 0
1700666682654 0.08423389702880939 0
1700666770267 0.0862573360532059 0
1700666857558 0.08794258882344695 0
1700666945196 0.08931804784221353 0
1700667033623 0.09162856661593975 0
1700667121454 0.09478013441352647 0
1700667209482 0.10018947396253675 0
1700667302951 0.10614935227626346 0
1700667394475 0.11370144992912372 0
1700667482502 0.1254302911807836 0
1700667570521 0.1393357981671941 0
1700667658444 0.15759152760777448 0
1700667746096 0.17402854144882043 0
1700667833943 0.17827411297071782 0
1700667921460 0.1859941803729596 0
1700668009135 0.19457212661832107 0
1700668096633 0.20217212494173198 0
1700668184224 0.20892821692432145 0
1700668272130 0.21623572460110324 0
1700668360180 0.2250631192187571 0
1700668447727 0.23093572644989724 0
1700668535921 0.2378012896201771 0
1700668626699 0.2458333641753913 0
1700668714291 0.25187376805537726 0
1700668802310 0.2587048050035467 0
1700668892036 0.2651058565149653 0
1700668982342 0.27174215119119755 0
1700669069988 0.2780909181567671 0
1700669157632 0.28397591697737345 0
1700669245325 0.29093442123788626 0
1700669333180 0.29739732414947273 0
1700669420508 0.3035161705214743 0
1700669507979 0.30971885144401706 0
1700669595610 0.3162265829162894 0
1700669683288 0.3214382536979537 0
1700669770902 0.3272632403694904 0
1700669858527 0.33290016589387095 0
1700669946126 0.3387773688593059 0
1700670033791 0.34477194850308907 0
1700670121372 0.35069256634909873 0
1700670208712 0.35633497040506473 0
1700670296298 0.36215900571852766 0
1700670383773 0.368386975224154 0
1700670471475 0.3736579483037168 0
1700670558487 0.37881999003454814 0
1700670645775 0.38460318535720744 0
1700670736972 0.3892781187833282 0
1700670824521 0.39523595772258974 0
1700670911698 0.4006678174814412 0
1700670998866 0.4057873339233003 0
1700671086440 0.4113546872386043 0
1700671174982 0.41652595379191976 0
1700671264286 0.42220370988771705 0
1700671386793 0.4275193293168755 0
1700671473595 0.43131193039948457 0
1700671560888 0.43143316809995186 0
1700671648278 0.4327530604570023 0
1700671735741 0.43400908705484065 0
1700671823171 0.43542341339773466 0
1700671910773 0.4368410149077677 0
1700671998040 0.4380839408370497 0
1700672085374 0.43931649540372464 0
1700672173314 0.44055568616007273 0
1700672260824 0.4420168239217966 0
1700672348849 0.44336712051549726 0
1700672436331 0.44488122179100553 0
1700672523666 0.44596888487820796 0
1700672610909 0.4467584234445206 0
1700672698662 0.44827853089169517 0
1700672786209 0.4495310906919173 0
1700672873831 0.4505302992509437 0
1700672961793 0.4514459674222482 0
1700673050676 0.4522946938640713 0
1700673140570 0.453120502937643 0
1700673228124 0.45439580993948825 0
1700673315483 0.4554619338228295 0
1700673402981 0.45663237618041164 0
1700673490443 0.4574811243949159 0
1700673578434 0.45822173094502383 0
1700673665720 0.4595035919871355 0
1700673752903 0.46051564503827863 0
1700673840563 0.4618493922324996 0
1700673927761 0.46244744840681246 0
1700674015376 0.46333661320295977 0
1700674102943 0.4642519941601729 0
1700674190584 0.46518212170798545 0
1700674277917 0.46603250843255634 0
1700674365223 0.4667567298819982 0
1700674454177 0.4675871671172621 0
1700674544082 0.46828427169607095 0
1700674630733 0.4686706322462448 0
1700674718424 0.4694389815157559 0
1700674805502 0.4700953426138725 0
1700674892789 0.47056026471093526 0
1700674980285 0.4718279185381578 0
1700675067444 0.4724942459652461 0
1700675154620 0.47311032575029166 0
1700675241815 0.47377883785746877 0
1700675329268 0.47444898847471245 0
1700675419787 0.47503557507855904 0
1700675507776 0.47586247649217517 0
1700675595520 0.4763605835524248 0
1700675682834 0.47694225462607154 0
1700675770056 0.4772197089973509 0
1700675857519 0.4777096235072675 0
1700675944979 0.4780455180709226 0
1700676032374 0.47928233436969897 0
1700676119878 0.47992761996743594 0
1700676210952 0.4803601866250211 0
1700676298496 0.48085993219533735 0
1700676386126 0.48129905289318897 0
1700676473642 0.4820817145350066 0
1700676560814 0.4825962066959223 0
1700676648134 0.48288862198745647 0
1700676735804 0.48333462856594145 0
1700676823506 0.48428387206453116 0
1700676913626 0.4847492089234485 0
1700677005391 0.4848988595095323 0
1700677092726 0.4853101255362516 0
1700677214693 0.48591746660094187 0
1700677302017 0.48620912139279854 0
1700677389656 0.4866253029497176 0
1700677477115 0.4868636786011217 0
1700677564218 0.48709969075850257 0
1700677651383 0.4876744240676801 0
1700677738940 0.4881147615650157 0
1700677826234 0.48851740267610305 0
1700677913456 0.4890027810563695 0
1700678001149 0.489261665646894 0
1700678088499 0.48960411425081557 0
1700678176004 0.48989249202253904 0
1700678263407 0.49017103873386286 0
1700678351117 0.4905233183981841 0
1700678442009 0.4905087552540043 0
1700678529763 0.49110424889184034 0
1700678617203 0.4913255102893849 0
1700678707678 0.491507436327366 0
1700678796412 0.4917215955072116 0
1700678883809 0.49218979555090475 0
1700678971444 0.4923913892686676 0
1700679058824 0.49296885420003705 0
1700679146309 0.4932245340371997 0
1700679233812 0.49341957186170193 0
1700679324651 0.4936796905463224 0
1700679411977 0.4940444441039328 0
1700679499951 0.49419367498684424 0
1700679587351 0.4942855093763282 0
1700679674580 0.49457427643123686 0
1700679762016 0.4946595271325482 0
1700679849668 0.4947103496660223 0
1700679938197 0.4951032679624508 0
1700680028816 0.49485072817827136 0
1700680117315 0.49526015649805416 0
1700680204940 0.49515684280988465 0
1700680292274 0.4950650084204007 0
1700680379351 0.49532356595745974 0
1700680466867 0.4955772037950822 0
1700680554177 0.4958863721610351 0
1700680641660 0.4960290031420752 0
1700680728886 0.4961027777874408 0
1700680816285 0.4965071721398151 0
1700680903686 0.49656127354641655 0
1700680990806 0.4969132059287531 0
1700681078152 0.49694599466002665 0
1700681165446 0.49701157212257385 0
1700681252854 0.49712141437234036 0
1700681339968 0.4971935495811423 0
1700681426964 0.49750449604938685 0
1700681514566 0.49747006788154957 0
1700681602142 0.49760941998946234 0
1700681689293 0.49763401153791753 0
1700681776743 0.49795479462554415 0
1700681864144 0.49817775799820463 0
1700681951478 0.4981712002519499 0
1700682039835 0.49834989883739095 0
1700682130417 0.4982613692629523 0
1700682218516 0.4980832171563657 0
1700682305729 0.4981660589652976 0
1700682393372 0.49854924888808494 0
1700682480868 0.4980828042475053 0
1700682568393 0.49849562895112703 0
1700682655763 0.4989505563066413 0
1700682746613 0.4992190290609172 0
1700682834369 0.49894282484301633 0
1700682921695 0.4990406721984784 0
1700683054886 0.49905379139697614 0
1700683142725 0.4990029545027975 0
1700683230135 0.499129226788338 0
1700683317926 0.49937138532727493 0
1700683405483 0.49935990602858943 0
1700683492889 0.49927135143872986 0
1700683580276 0.49959058526884087 0
1700683671412 0.4995348286752256 0
1700683760578 0.4996660206602027 0
1700683850095 0.5000103996207677 0
1700683938260 0.49996120262640126 0
1700684025455 0.4996774999588882 0
1700684112880 0.5001944982943757 0
1700684200189 0.5000222601729971 0
1700684288150 0.49994188238302045 0
1700684375983 0.5000552235489683 0
1700684463185 0.5001142599422079 0
1700684550418 0.5003350997835861 0
1700684636827 0.5002465451937266 0
1700684724997 0.5003514987817083 0
1700684812653 0.5000971700861047 0
1700684899959 0.5003443181205908 0
1700684987513 0.5003213530377403 0
1700685074595 0.5004837840332268 0
1700685161981 0.5006390366838386 0
1700685249684 0.5009419570623902 0
1700685337594 0.5008693877897115 0
1700685423977 0.5008053955636493 0
1700685513881 0.5007249950744945 0
1700685602944 0.5008216637712686 0
1700685690258 0.5004132380757307 0
1700685777446 0.5007194144738153 0
1700685864472 0.5007505813719695 0
1700685955410 0.5006488788622031 0
1700686043323 0.5007915904484882 0
1700686130434 0.5005816239767124 0
1700686217971 0.5006242734162919 0
1700686305369 0.5006915283017825 0
1700686392472 0.5009189919795397 0
1700686480230 0.5009517992407547 0
1700686567787 0.5005438956263152 0
1700686655383 0.5006144312379274 0
1700686743354 0.500910790164236 0
1700686834120 0.5009403166993295 0
1700686921690 0.5009485185146332 0
1700687009241 0.500871421450778 0
1700687096850 0.5005881854289554 0
1700687187841 0.5009452377885116 0
1700687274796 0.5008681407246565 0
1700687362640 0.5009189919795397 0
1700687451389 0.5006406770468993 0
1700687541371 0.5008718936554508 0
1700687628764 0.5007636602678447 0
1700687716046 0.5008177769616478 0
1700687803192 0.5005209305434647 0
1700687890945 0.5006849450768585 0
1700687978343 0.5006652662791119 0
1700688066037 0.5009303834154198 0
1700688157017 0.500863147523119 0
1700688244286 0.5008270697272503 0
1700688331615 0.5007106368405831 0
1700688419281 0.500959354978769 0
1700688510385 0.500844561991914 0
1700688597804 0.500844561991914 0
1700688684927 0.5006576134133215 0
1700688772722 0.5006854917101292 0
