1700660075720 21306832.0 0
1700660148090 21687016.0 0
1700660228699 24026043.0 0
1700660312320 24430656.0 0
1700660392805 24835269.0 0
1700660473589 27038888.0 0
1700660557215 30661080.0 0
1700660639914 29646616.0 0
1700660720708 28583396.0 0
1700660801174 29135006.0 0
1700660881699 29895002.0 0
1700660965649 30544676.0 0
1700661046145 31145318.0 0
1700661126685 31525316.0 0
1700661206961 31978862.0 0
1700661287221 32444666.0 0
1700661367633 35112824.0 0
1700661448549 35541854.0 0
1700661528812 34186325.0 0
1700661609304 34541894.0 0
1700661689829 36596042.0 0
1700661770243 41319458.0 0
1700661850988 41834294.0 0
1700661931609 44220518.0 0
1700662012108 46643516.0 0
1700662092814 47481336.0 0
1700662173440 47702034.0 0
1700662253955 47836905.0 0
1700662334310 47996298.0 0
1700662414680 52426606.0 0
1700662496642 62889326.0 0
1700662583572 62999675.0 0
1700662663947 71480200.0 0
1700662744333 77831398.0 0
1700662825161 77831398.0 0
1700662908788 79936203.0 0
1700662989157 84047725.0 0
1700663069444 86140269.0 0
1700663149828 86213835.0 0
1700663230453 94682099.0 0
1700663310744 94829231.0 0
1700663394610 101204951.0 0
1700663475188 113796998.0 0
1700663556001 118153740.0 0
1700663636451 135163834.0 0
1700663716740 150473736.0 0
1700663797070 157192764.0 0
1700663877309 163605267.0 0
1700663957662 176332185.0 0
1700664041320 198025730.0 0
1700664121701 207607400.0 0
1700664202225 216956168.0 0
1700664282627 223771616.0 0
1700664365299 236765096.0 0
1700664447253 245500964.0 0
1700664527476 254151026.0 0
1700664607776 262764314.0 0
1700664687976 271328570.0 0
1700664768819 283929794.0 0
1700664848847 297209297.0 0
1700664928900 307806888.0 0
1700665008978 316348718.0 0
1700665089029 326885004.0 0
1700665168989 339673227.0 0
1700665252567 356720104.0 0
1700665332919 375847264.0 0
1700665449534 394900858.0 0
1700665537183 413983088.0 0
1700665625091 420884342.0 0
1700665712996 433951370.0 0
1700665800849 444717980.0 0
1700665888729 457441784.0 0
1700665977641 472343426.0 0
1700666067685 476735876.0 0
1700666155648 487674098.0 0
1700666243160 498489740.0 0
1700666330852 507274640.0 0
1700666418991 516451796.0 0
1700666507188 531917306.0 0
1700666595093 540800270.0 0
1700666682652 545499170.0 0
1700666770265 558602972.0 0
1700666857557 569516678.0 0
1700666945195 578424158.0 0
1700667033622 593387090.0 0
1700667121453 613796660.0 0
1700667209481 648827572.0 0
1700667302949 687423776.0 0
1700667394474 736331201.0 0
1700667482500 812287240.0 0
1700667570520 902339378.0 0
1700667658443 1020563580.0 0
1700667746095 1127009770.0 0
1700667833942 1154504114.0 0
1700667921459 1204499312.0 0
1700668009134 1260050138.0 0
1700668096631 1309267768.0 0
1700668184223 1353020256.0 0
1700668272128 1400343715.0 0
1700668360179 1457509970.0 0
1700668447726 1495541006.0 0
1700668535920 1540002430.0 0
1700668626698 1592018188.0 0
1700668714289 1631135876.0 0
1700668802308 1675373708.0 0
1700668892035 1716826952.0 0
1700668982340 1759803632.0 0
1700669069987 1800918281.0 0
1700669157631 1839029565.0 0
1700669245324 1884092876.0 0
1700669333179 1925946670.0 0
1700669420507 1965572352.0 0
1700669507978 2005740947.0 0
1700669595608 2047885051.0 0
1700669683286 2081635859.0 0
1700669770901 2119358504.0 0
1700669858526 2155863264.0 0
1700669946125 2193924062.0 0
1700670033790 2232744992.0 0
1700670121370 2271086945.0 0
1700670208711 2307627184.0 0
1700670296296 2345343668.0 0
1700670383772 2385676032.0 0
1700670471473 2419810882.0 0
1700670558486 2453240292.0 0
1700670645774 2490692296.0 0
1700670736971 2520967190.0 0
1700670824520 2559550187.0 0
1700670911697 2594726940.0 0
1700670998864 2627880956.0 0
1700671086439 2663935166.0 0
1700671174981 2697424316.0 0
1700671264285 2734193495.0 0
1700671386792 2768617475.0 0
1700671473594 2793178380.0 0
1700671560886 2793963516.0 0
1700671648277 2802511146.0 0
1700671735740 2810645181.0 0
1700671823170 2819804366.0 0
1700671910772 2828984761.0 0
1700671998039 2837033956.0 0
1700672085373 2845015986.0 0
1700672173313 2853040992.0 0
1700672260823 2862503328.0 0
1700672348848 2871247856.0 0
1700672436330 2881053184.0 0
1700672523665 2888096896.0 0
1700672610908 2893209952.0 0
1700672698661 2903054176.0 0
1700672786208 2911165760.0 0
1700672873830 2917636640.0 0
1700672961792 2923566512.0 0
1700673050675 2929062869.0 0
1700673140569 2934410813.0 0
1700673228122 2942669708.0 0
1700673315482 2949573932.0 0
1700673402980 2957153723.0 0
1700673490442 2962650221.0 0
1700673578433 2967446393.0 0
1700673665719 2975747732.0 0
1700673752901 2982301793.0 0
1700673840562 2990939147.0 0
1700673927759 2994812162.0 0
1700674015375 3000570398.0 0
1700674102942 3006498410.0 0
1700674190583 3012521921.0 0
1700674277916 3018029030.0 0
1700674365222 3022719092.0 0
1700674454176 3028097008.0 0
1700674544081 3032611461.0 0
1700674630732 3035113534.0 0
1700674718423 3040089368.0 0
1700674805501 3044339966.0 0
1700674892788 3047350804.0 0
1700674980283 3055560137.0 0
1700675067443 3059875277.0 0
1700675154619 3063865013.0 0
1700675241814 3068194301.0 0
1700675329267 3072534200.0 0
1700675419786 3076332938.0 0
1700675507775 3081687956.0 0
1700675595519 3084913700.0 0
1700675682833 3088680605.0 0
1700675770055 3090477401.0 0
1700675857518 3093650090.0 0
1700675944978 3095825345.0 0
1700676032372 3103834974.0 0
1700676119877 3108013847.0 0
1700676210951 3110815151.0 0
1700676298495 3114051506.0 0
1700676386125 3116895254.0 0
1700676473640 3121963775.0 0
1700676560812 3125295629.0 0
1700676648133 3127189312.0 0
1700676735803 3130077653.0 0
1700676823505 3136224959.0 0
1700676913625 3139238483.0 0
1700677005390 3140207621.0 0
1700677092724 3142870982.0 0
1700677214692 3146804126.0 0
1700677302015 3148692884.0 0
1700677389654 3151388078.0 0
1700677477113 3152931800.0 0
1700677564217 3154460216.0 0
1700677651382 3158182192.0 0
1700677738939 3161033820.0 0
1700677826233 3163641326.0 0
1700677913454 3166784639.0 0
1700678001148 3168461177.0 0
1700678088498 3170678876.0 0
1700678176003 3172546412.0 0
1700678263406 3174350282.0 0
1700678351116 3176631647.0 0
1700678442008 3176537336.0 0
1700678529762 3180393756.0 0
1700678617201 3181826646.0 0
1700678707677 3183004800.0 0
1700678796411 3184391696.0 0
1700678883808 3187423762.0 0
1700678971443 3188729284.0 0
1700679058823 3192468950.0 0
1700679146308 3194124734.0 0
1700679233811 3195387800.0 0
1700679324650 3197072330.0 0
1700679411976 3199434476.0 0
1700679499950 3200400896.0 0
1700679587349 3200995616.0 0
1700679674579 3202865673.0 0
1700679762015 3203417757.0 0
1700679849666 3203746884.0 0
1700679938196 3206291425.0 0
1700680028815 3204655976.0 0
1700680117314 3207307436.0 0
1700680204939 3206638376.0 0
1700680292273 3206043656.0 0
1700680379349 3207718076.0 0
1700680466866 3209360636.0 0
1700680554175 3211362812.0 0
1700680641659 3212286491.0 0
1700680728884 3212764256.0 0
1700680816284 3215383116.0 0
1700680903685 3215733477.0 0
1700680990805 3218012593.0 0
1700681078151 3218224933.0 0
1700681165445 3218649613.0 0
1700681252852 3219360952.0 0
1700681339967 3219828100.0 0
1700681426963 3221841791.0 0
1700681514565 3221618834.0 0
1700681602141 3222521279.0 0
1700681689291 3222680534.0 0
1700681776741 3224757927.0 0
1700681864142 3226201839.0 0
1700681951477 3226159371.0 0
1700682039834 3227316624.0 0
1700682130416 3226743306.0 0
1700682218515 3225589592.0 0
1700682305728 3226126076.0 0
1700682393371 3228607616.0 0
1700682480867 3225586918.0 0
1700682568391 3228260373.0 0
1700682655762 3231206485.0 0
1700682746612 3232945116.0 0
1700682834368 3231156416.0 0
1700682921694 3231790076.0 0
1700683054885 3231875036.0 0
1700683142724 3231545816.0 0
1700683230134 3232363556.0 0
1700683317925 3233931776.0 0
1700683405482 3233857436.0 0
1700683492888 3233283956.0 0
1700683580274 3235351316.0 0
1700683671411 3234990236.0 0
1700683760577 3235839836.0 0
1700683850094 3238070036.0 0
1700683938258 3237751436.0 0
1700684025453 3235914176.0 0
1700684112878 3239262260.0 0
1700684200187 3238146845.0 0
1700684288149 3237626318.0 0
1700684375982 3238360316.0 0
1700684463184 3238742636.0 0
1700684550417 3240172796.0 0
1700684636825 3239599316.0 0
1700684724995 3240278996.0 0
1700684812651 3238631962.0 0
1700684899958 3240232494.0 0
1700684987512 3240083772.0 0
1700685074594 3241135676.0 0
1700685161979 3242141093.0 0
1700685249683 3244102807.0 0
1700685337593 3243632848.0 0
1700685423975 3243218434.0 0
1700685513880 3242697760.0 0
1700685602943 3243323787.0 0
1700685690257 3240678820.0 0
1700685777445 3242661620.0 0
1700685864471 3242863457.0 0
1700685955409 3242204831.0 0
1700686043321 3243129032.0 0
1700686130433 3241769288.0 0
1700686217969 3242045486.0 0
1700686305367 3242481029.0 0
1700686392471 3243954085.0 0
1700686480228 3244166545.0 0
1700686567786 3241524959.0 0
1700686655382 3241981748.0 0
1700686743353 3243900970.0 0
1700686834119 3244092184.0 0
1700686921688 3244145299.0 0
1700687009240 3243646018.0 0
1700687096848 3241811780.0 0
1700687187839 3244124053.0 0
1700687274795 3243624772.0 0
1700687362639 3243954085.0 0
1700687451387 3242151716.0 0
1700687541369 3243649076.0 0
1700687628763 3242948156.0 0
1700687716045 3243298616.0 0
1700687803191 3241376237.0 0
1700687890944 3242438396.0 0
1700687978342 3242310956.0 0
1700688066035 3244027856.0 0
1700688157016 3243592436.0 0
1700688244285 3243358796.0 0
1700688331613 3242604776.0 0
1700688419280 3244215476.0 0
1700688510384 3243472076.0 0
1700688597803 3243472076.0 0
1700688684926 3242261396.0 0
1700688772721 3242441936.0 0
