1700660075721 6454698544.0 0
1700660148090 6454318360.0 0
1700660228699 6451979333.0 0
1700660312321 6451574720.0 0
1700660392806 6451170107.0 0
1700660473589 6448966488.0 0
1700660557216 6445344296.0 0
1700660639915 6446358760.0 0
1700660720709 6447421980.0 0
1700660801175 6446870370.0 0
1700660881700 6446110374.0 0
1700660965650 6445460700.0 0
1700661046145 6444860058.0 0
1700661126686 6444480060.0 0
1700661206962 6444026514.0 0
1700661287222 6443560710.0 0
1700661367634 6440892552.0 0
1700661448549 6440463522.0 0
1700661528813 6441819051.0 0
1700661609305 6441463482.0 0
1700661689830 6439409334.0 0
1700661770244 6434685918.0 0
1700661850989 6434171082.0 0
1700661931610 6431784858.0 0
1700662012109 6429361860.0 0
1700662092815 6428524040.0 0
1700662173441 6428303342.0 0
1700662253956 6428168471.0 0
1700662334311 6428009078.0 0
1700662414681 6423578770.0 0
1700662496643 6413116050.0 0
1700662583572 6413005701.0 0
1700662663948 6404525176.0 0
1700662744333 6398173978.0 0
1700662825162 6398173978.0 0
1700662908789 6396069173.0 0
1700662989157 6391957651.0 0
1700663069445 6389865107.0 0
1700663149829 6389791541.0 0
1700663230454 6381323277.0 0
1700663310745 6381176145.0 0
1700663394611 6374800425.0 0
1700663475189 6362208378.0 0
1700663556002 6357851636.0 0
1700663636452 6340841542.0 0
1700663716741 6325531640.0 0
1700663797071 6318812612.0 0
1700663877309 6312400109.0 0
1700663957663 6299673191.0 0
1700664041321 6277979646.0 0
1700664121701 6268397976.0 0
1700664202226 6259049208.0 0
1700664282628 6252233760.0 0
1700664365300 6239240280.0 0
1700664447254 6230504412.0 0
1700664527477 6221854350.0 0
1700664607777 6213241062.0 0
1700664687976 6204676806.0 0
1700664768819 6192075582.0 0
1700664848848 6178796079.0 0
1700664928901 6168198488.0 0
1700665008979 6159656658.0 0
1700665089030 6149120372.0 0
1700665168990 6136332149.0 0
1700665252567 6119285272.0 0
1700665332920 6100158112.0 0
1700665449534 6081104518.0 0
1700665537184 6062022288.0 0
1700665625092 6055121034.0 0
1700665712997 6042054006.0 0
1700665800849 6031287396.0 0
1700665888730 6018563592.0 0
1700665977642 6003661950.0 0
1700666067686 5999269500.0 0
1700666155649 5988331278.0 0
1700666243161 5977515636.0 0
1700666330853 5968730736.0 0
1700666418992 5959553580.0 0
1700666507188 5944088070.0 0
1700666595094 5935205106.0 0
1700666682653 5930506206.0 0
1700666770266 5917402404.0 0
1700666857557 5906488698.0 0
1700666945195 5897581218.0 0
1700667033623 5882618286.0 0
1700667121453 5862208716.0 0
1700667209481 5827177804.0 0
1700667302950 5788581600.0 0
1700667394475 5739674175.0 0
1700667482501 5663718136.0 0
1700667570521 5573665998.0 0
1700667658444 5455441796.0 0
1700667746096 5348995606.0 0
1700667833943 5321501262.0 0
1700667921460 5271506064.0 0
1700668009134 5215955238.0 0
1700668096632 5166737608.0 0
1700668184223 5122985120.0 0
1700668272129 5075661661.0 0
1700668360179 5018495406.0 0
1700668447727 4980464370.0 0
1700668535920 4936002946.0 0
1700668626699 4883987188.0 0
1700668714290 4844869500.0 0
1700668802309 4800631668.0 0
1700668892035 4759178424.0 0
1700668982341 4716201744.0 0
1700669069988 4675087095.0 0
1700669157632 4636975811.0 0
1700669245325 4591912500.0 0
1700669333180 4550058706.0 0
1700669420507 4510433024.0 0
1700669507978 4470264429.0 0
1700669595609 4428120325.0 0
1700669683287 4394369517.0 0
1700669770901 4356646872.0 0
1700669858527 4320142112.0 0
1700669946126 4282081314.0 0
1700670033791 4243260384.0 0
1700670121371 4204918431.0 0
1700670208712 4168378192.0 0
1700670296297 4130661708.0 0
1700670383773 4090329344.0 0
1700670471474 4056194494.0 0
1700670558486 4022765084.0 0
1700670645775 3985313080.0 0
1700670736972 3955038186.0 0
1700670824520 3916455189.0 0
1700670911698 3881278436.0 0
1700670998865 3848124420.0 0
1700671086440 3812070210.0 0
1700671174981 3778581060.0 0
1700671264285 3741811881.0 0
1700671386793 3707387901.0 0
1700671473595 3682826996.0 0
1700671560887 3682041860.0 0
1700671648278 3673494230.0 0
1700671735741 3665360195.0 0
1700671823171 3656201010.0 0
1700671910773 3647020615.0 0
1700671998040 3638971420.0 0
1700672085374 3630989390.0 0
1700672173314 3622964384.0 0
1700672260823 3613502048.0 0
1700672348849 3604757520.0 0
1700672436330 3594952192.0 0
1700672523666 3587908480.0 0
1700672610908 3582795424.0 0
1700672698662 3572951200.0 0
1700672786208 3564839616.0 0
1700672873831 3558368736.0 0
1700672961793 3552438864.0 0
1700673050676 3546942507.0 0
1700673140569 3541594563.0 0
1700673228123 3533335668.0 0
1700673315482 3526431444.0 0
1700673402980 3518851653.0 0
1700673490442 3513355155.0 0
1700673578433 3508558983.0 0
1700673665719 3500257644.0 0
1700673752902 3493703583.0 0
1700673840562 3485066229.0 0
1700673927760 3481193214.0 0
1700674015375 3475434978.0 0
1700674102943 3469506966.0 0
1700674190584 3463483455.0 0
1700674277917 3457976346.0 0
1700674365223 3453286284.0 0
1700674454177 3447908368.0 0
1700674544081 3443393915.0 0
1700674630732 3440891842.0 0
1700674718423 3435916008.0 0
1700674805501 3431665410.0 0
1700674892789 3428654572.0 0
1700674980284 3420445239.0 0
1700675067444 3416130099.0 0
1700675154619 3412140363.0 0
1700675241814 3407811075.0 0
1700675329267 3403471176.0 0
1700675419786 3399672438.0 0
1700675507776 3394317420.0 0
1700675595519 3391091676.0 0
1700675682833 3387324771.0 0
1700675770056 3385527975.0 0
1700675857518 3382355286.0 0
1700675944978 3380180031.0 0
1700676032373 3372170402.0 0
1700676119877 3367991529.0 0
1700676210951 3365190225.0 0
1700676298495 3361953870.0 0
1700676386125 3359110122.0 0
1700676473641 3354041601.0 0
1700676560813 3350709747.0 0
1700676648133 3348816064.0 0
1700676735804 3345927723.0 0
1700676823506 3339780417.0 0
1700676913626 3336766893.0 0
1700677005390 3335797755.0 0
1700677092725 3333134394.0 0
1700677214693 3329201250.0 0
1700677302016 3327312492.0 0
1700677389655 3324617298.0 0
1700677477114 3323073576.0 0
1700677564217 3321545160.0 0
1700677651383 3317823184.0 0
1700677738940 3314971556.0 0
1700677826233 3312364050.0 0
1700677913455 3309220737.0 0
1700678001149 3307544199.0 0
1700678088498 3305326500.0 0
1700678176004 3303458964.0 0
1700678263406 3301655094.0 0
1700678351116 3299373729.0 0
1700678442009 3299468040.0 0
1700678529762 3295611620.0 0
1700678617202 3294178730.0 0
1700678707677 3293000576.0 0
1700678796411 3291613680.0 0
1700678883808 3288581614.0 0
1700678971444 3287276092.0 0
1700679058824 3283536426.0 0
1700679146308 3281880642.0 0
1700679233812 3280617576.0 0
1700679324651 3278933046.0 0
1700679411977 3276570900.0 0
1700679499951 3275604480.0 0
1700679587350 3275009760.0 0
1700679674579 3273139703.0 0
1700679762016 3272587619.0 0
1700679849667 3272258492.0 0
1700679938196 3269713951.0 0
1700680028815 3271349400.0 0
1700680117315 3268697940.0 0
1700680204940 3269367000.0 0
1700680292273 3269961720.0 0
1700680379350 3268287300.0 0
1700680466867 3266644740.0 0
1700680554176 3264642564.0 0
1700680641660 3263718885.0 0
1700680728885 3263241120.0 0
1700680816285 3260622260.0 0
1700680903685 3260271899.0 0
1700680990806 3257992783.0 0
1700681078152 3257780443.0 0
1700681165446 3257355763.0 0
1700681252853 3256644424.0 0
1700681339968 3256177276.0 0
1700681426964 3254163585.0 0
1700681514566 3254386542.0 0
1700681602141 3253484097.0 0
1700681689292 3253324842.0 0
1700681776742 3251247449.0 0
1700681864143 3249803537.0 0
1700681951477 3249846005.0 0
1700682039835 3248688752.0 0
1700682130417 3249262070.0 0
1700682218516 3250415784.0 0
1700682305728 3249879300.0 0
1700682393371 3247397760.0 0
1700682480867 3250418458.0 0
1700682568392 3247745003.0 0
1700682655762 3244798891.0 0
1700682746613 3243060260.0 0
1700682834368 3244848960.0 0
1700682921695 3244215300.0 0
1700683054885 3244130340.0 0
1700683142724 3244459560.0 0
1700683230134 3243641820.0 0
1700683317926 3242073600.0 0
1700683405483 3242147940.0 0
1700683492888 3242721420.0 0
1700683580275 3240654060.0 0
1700683671412 3241015140.0 0
1700683760577 3240165540.0 0
1700683850094 3237935340.0 0
1700683938259 3238253940.0 0
1700684025454 3240091200.0 0
1700684112879 3236743116.0 0
1700684200188 3237858531.0 0
1700684288149 3238379058.0 0
1700684375982 3237645060.0 0
1700684463185 3237262740.0 0
1700684550418 3235832580.0 0
1700684636826 3236406060.0 0
1700684724996 3235726380.0 0
1700684812652 3237373414.0 0
1700684899959 3235772882.0 0
1700684987512 3235921604.0 0
1700685074595 3234869700.0 0
1700685161980 3233864283.0 0
1700685249683 3231902569.0 0
1700685337593 3232372528.0 0
1700685423976 3232786942.0 0
1700685513881 3233307616.0 0
1700685602944 3232681589.0 0
1700685690257 3235326556.0 0
1700685777446 3233343756.0 0
1700685864472 3233141919.0 0
1700685955410 3233800545.0 0
1700686043322 3232876344.0 0
1700686130434 3234236088.0 0
1700686217970 3233959890.0 0
1700686305368 3233524347.0 0
1700686392471 3232051291.0 0
1700686480229 3231838831.0 0
1700686567786 3234480417.0 0
1700686655383 3234023628.0 0
1700686743353 3232104406.0 0
1700686834119 3231913192.0 0
1700686921689 3231860077.0 0
1700687009241 3232359358.0 0
1700687096849 3234193596.0 0
1700687187840 3231881323.0 0
1700687274796 3232380604.0 0
1700687362640 3232051291.0 0
1700687451388 3233853660.0 0
1700687541370 3232356300.0 0
1700687628763 3233057220.0 0
1700687716045 3232706760.0 0
1700687803192 3234629139.0 0
1700687890945 3233566980.0 0
1700687978342 3233694420.0 0
1700688066036 3231977520.0 0
1700688157016 3232412940.0 0
1700688244285 3232646580.0 0
1700688331614 3233400600.0 0
1700688419281 3231789900.0 0
1700688510384 3232533300.0 0
1700688597803 3232533300.0 0
1700688684927 3233743980.0 0
1700688772721 3233563440.0 0
