1700660073251 0.0 0
1700660145706 0.0033783783783783786 0
1700660226287 0.007132132132132132 0
1700660309887 0.010885885885885885 0
1700660390423 0.01463963963963964 0
1700660471083 0.01839339339339339 0
1700660554720 0.022147147147147148 0
1700660637559 0.0259009009009009 0
1700660718290 0.029654654654654656 0
1700660798797 0.03340840840840841 0
1700660879258 0.037162162162162164 0
1700660963218 0.04091591591591592 0
1700661043705 0.04466966966966967 0
1700661124279 0.04842342342342342 0
1700661204584 0.052177177177177174 0
1700661284794 0.05593093093093093 0
1700661365208 0.059684684684684686 0
1700661446126 0.06343843843843844 0
1700661526425 0.06719219219219219 0
1700661606875 0.07094594594594594 0
1700661687425 0.0746996996996997 0
1700661767791 0.07845345345345345 0
1700661848570 0.08220720720720721 0
1700661929235 0.08596096096096097 0
1700662009582 0.08971471471471472 0
1700662090411 0.09346846846846847 0
1700662171023 0.09722222222222222 0
1700662251509 0.10097597597597598 0
1700662331933 0.10472972972972973 0
1700662412286 0.10848348348348348 0
1700662494197 0.11223723723723723 0
1700662581142 0.11599099099099099 0
1700662661550 0.11974474474474474 0
1700662741909 0.1234984984984985 0
1700662822781 0.12725225225225226 0
1700662906387 0.131006006006006 0
1700662986763 0.13475975975975976 0
1700663067032 0.13851351351351351 0
1700663147440 0.14226726726726727 0
1700663228076 0.14602102102102102 0
1700663308380 0.14977477477477477 0
1700663392182 0.15352852852852852 0
1700663472687 0.15728228228228228 0
1700663553634 0.16103603603603603 0
1700663634063 0.16478978978978978 0
1700663714367 0.16854354354354353 0
1700663794682 0.17229729729729729 0
1700663874940 0.17605105105105104 0
1700663955290 0.17980480480480482 0
1700664038934 0.18355855855855857 0
1700664119277 0.18731231231231232 0
1700664199821 0.19106606606606608 0
1700664280182 0.19481981981981983 0
1700664362826 0.19857357357357358 0
1700664444865 0.20232732732732733 0
1700664525116 0.20608108108108109 0
1700664605364 0.20983483483483484 0
1700664685592 0.2135885885885886 0
1700664766436 0.21734234234234234 0
1700664846449 0.2210960960960961 0
1700664926539 0.22484984984984985 0
1700665006573 0.2286036036036036 0
1700665086653 0.23235735735735735 0
1700665166613 0.2361111111111111 0
1700665250179 0.23986486486486486 0
1700665330495 0.2436186186186186 0
1700665447156 0.24737237237237236 0
1700665534781 0.2511261261261261 0
1700665622662 0.25487987987987987 0
1700665710639 0.2586336336336336 0
1700665798396 0.26238738738738737 0
1700665886342 0.2661411411411411 0
1700665975134 0.2698948948948949 0
1700666065230 0.27364864864864863 0
1700666153283 0.2774024024024024 0
1700666240799 0.28115615615615613 0
1700666328448 0.2849099099099099 0
1700666416597 0.28866366366366364 0
1700666504790 0.2924174174174174 0
1700666592698 0.29617117117117114 0
1700666680270 0.29992492492492495 0
1700666767901 0.3036786786786787 0
1700666855170 0.30743243243243246 0
1700666942823 0.3111861861861862 0
1700667031193 0.31493993993993996 0
1700667119036 0.3186936936936937 0
1700667206960 0.32244744744744747 0
1700667300445 0.3262012012012012 0
1700667391990 0.32995495495495497 0
1700667479994 0.3337087087087087 0
1700667568125 0.3374624624624625 0
1700667656047 0.34121621621621623 0
1700667743674 0.34496996996997 0
1700667831545 0.34872372372372373 0
1700667919077 0.3524774774774775 0
1700668006736 0.35623123123123124 0
1700668094257 0.359984984984985 0
1700668181805 0.36373873873873874 0
1700668269749 0.3674924924924925 0
1700668357802 0.37124624624624625 0
1700668445358 0.375 0
1700668533526 0.37875375375375375 0
1700668624341 0.3825075075075075 0
1700668711933 0.38626126126126126 0
1700668799898 0.390015015015015 0
1700668889516 0.39376876876876876 0
1700668979948 0.3975225225225225 0
1700669067596 0.40127627627627627 0
1700669155186 0.40503003003003 0
1700669242841 0.40878378378378377 0
1700669330849 0.4125375375375375 0
1700669418097 0.4162912912912913 0
1700669505591 0.42004504504504503 0
1700669593209 0.4237987987987988 0
1700669680954 0.42755255255255253 0
1700669768556 0.4313063063063063 0
1700669856137 0.43506006006006004 0
1700669943741 0.4388138138138138 0
1700670031419 0.44256756756756754 0
1700670118957 0.4463213213213213 0
1700670206350 0.45007507507507505 0
1700670293913 0.45382882882882886 0
1700670381416 0.4575825825825826 0
1700670469133 0.46133633633633636 0
1700670556107 0.4650900900900901 0
1700670643446 0.46884384384384387 0
1700670734533 0.4725975975975976 0
1700670822143 0.47635135135135137 0
1700670909331 0.4801051051051051 0
1700670996509 0.4838588588588589 0
1700671084078 0.48761261261261263 0
1700671172368 0.4913663663663664 0
1700671261799 0.49512012012012013 0
1700671384432 0.4988738738738739 0
1700671471217 0.5 0
1700671558511 0.5 0
1700671645936 0.5 0
1700671733372 0.5 0
1700671820764 0.5 0
1700671908409 0.5 0
1700671995677 0.5 0
1700672083035 0.5 0
1700672170904 0.5 0
1700672258448 0.5 0
1700672346463 0.5 0
1700672433960 0.5 0
1700672521289 0.5 0
1700672608508 0.5 0
1700672696292 0.5 0
1700672783804 0.5 0
1700672871437 0.5 0
1700672959424 0.5 0
1700673047911 0.5 0
1700673138144 0.5 0
1700673225699 0.5 0
1700673313115 0.5 0
1700673400653 0.5 0
1700673488091 0.5 0
1700673576073 0.5 0
1700673663391 0.5 0
1700673750537 0.5 0
1700673838233 0.5 0
1700673925412 0.5 0
1700674012980 0.5 0
1700674100552 0.5 0
1700674188227 0.5 0
1700674275533 0.5 0
1700674362886 0.5 0
1700674451557 0.5 0
1700674541604 0.5 0
1700674628265 0.5 0
1700674716029 0.5 0
1700674803152 0.5 0
1700674890423 0.5 0
1700674977905 0.5 0
1700675065091 0.5 0
1700675152245 0.5 0
1700675239475 0.5 0
1700675326924 0.5 0
1700675417412 0.5 0
1700675505444 0.5 0
1700675593155 0.5 0
1700675680483 0.5 0
1700675767732 0.5 0
1700675855183 0.5 0
1700675942604 0.5 0
1700676030007 0.5 0
1700676117506 0.5 0
1700676208570 0.5 0
1700676296109 0.5 0
1700676383753 0.5 0
1700676471308 0.5 0
1700676558477 0.5 0
1700676645788 0.5 0
1700676733472 0.5 0
1700676821137 0.5 0
1700676910664 0.5 0
1700677003061 0.5 0
1700677090388 0.5 0
1700677212300 0.5 0
1700677299644 0.5 0
1700677387320 0.5 0
1700677474731 0.5 0
1700677561789 0.5 0
1700677649016 0.5 0
1700677736568 0.5 0
1700677823855 0.5 0
1700677911118 0.5 0
1700677998783 0.5 0
1700678086175 0.5 0
1700678173648 0.5 0
1700678260955 0.5 0
1700678348732 0.5 0
1700678439629 0.5 0
1700678527388 0.5 0
1700678614789 0.5 0
1700678705102 0.5 0
1700678794091 0.5 0
1700678881388 0.5 0
1700678969056 0.5 0
1700679056464 0.5 0
1700679143937 0.5 0
1700679231463 0.5 0
1700679322327 0.5 0
1700679409660 0.5 0
1700679497593 0.5 0
1700679584985 0.5 0
1700679672212 0.5 0
1700679759636 0.5 0
1700679847340 0.5 0
1700679935539 0.5 0
1700680025872 0.5 0
1700680114965 0.5 0
1700680202583 0.5 0
1700680289896 0.5 0
1700680376973 0.5 0
1700680464410 0.5 0
1700680551809 0.5 0
1700680639276 0.5 0
1700680726521 0.5 0
1700680813912 0.5 0
1700680901295 0.5 0
1700680988477 0.5 0
1700681075752 0.5 0
1700681163112 0.5 0
1700681250489 0.5 0
1700681337564 0.5 0
1700681424611 0.5 0
1700681512210 0.5 0
1700681599761 0.5 0
1700681686820 0.5 0
1700681774316 0.5 0
1700681861763 0.5 0
1700681949115 0.5 0
1700682037179 0.5 0
1700682127561 0.5 0
1700682216160 0.5 0
1700682303395 0.5 0
1700682391003 0.5 0
1700682478524 0.5 0
1700682566040 0.5 0
1700682653381 0.5 0
1700682744273 0.5 0
1700682832032 0.5 0
1700682919360 0.5 0
1700683052473 0.5 0
1700683140165 0.5 0
1700683227756 0.5 0
1700683315556 0.5 0
1700683403097 0.5 0
1700683490551 0.5 0
1700683577930 0.5 0
1700683669052 0.5 0
1700683757767 0.5 0
1700683847514 0.5 0
1700683935827 0.5 0
1700684023048 0.5 0
1700684110500 0.5 0
1700684197836 0.5 0
1700684285789 0.5 0
1700684373592 0.5 0
1700684460785 0.5 0
1700684548044 0.5 0
1700684634492 0.5 0
1700684722251 0.5 0
1700684810295 0.5 0
1700684897588 0.5 0
1700684985124 0.5 0
1700685072264 0.5 0
1700685159587 0.5 0
1700685247364 0.5 0
1700685335145 0.5 0
1700685421595 0.5 0
1700685511432 0.5 0
1700685600553 0.5 0
1700685687861 0.5 0
1700685775061 0.5 0
1700685862087 0.5 0
1700685953044 0.5 0
1700686040952 0.5 0
1700686128052 0.5 0
1700686215603 0.5 0
1700686302992 0.5 0
1700686390112 0.5 0
1700686477878 0.5 0
1700686565393 0.5 0
1700686652879 0.5 0
1700686741011 0.5 0
1700686831762 0.5 0
1700686919354 0.5 0
1700687006747 0.5 0
1700687094488 0.5 0
1700687185469 0.5 0
1700687272416 0.5 0
1700687360244 0.5 0
1700687448940 0.5 0
1700687539008 0.5 0
1700687626409 0.5 0
1700687713661 0.5 0
1700687800809 0.5 0
1700687888579 0.5 0
1700687976011 0.5 0
1700688063695 0.5 0
1700688154636 0.5 0
1700688241909 0.5 0
1700688329271 0.5 0
1700688416896 0.5 0
1700688507967 0.5 0
1700688595460 0.5 0
1700688682521 0.5 0
1700688770288 0.5 0
