1700633304373 0.325390625 0
1700633344209 1.41494140625 0
1700633388969 1.31318359375 0
1700633437427 1.5337890625 0
1700633485294 1.41845703125 0
1700633533522 8.5330078125 0
1700633578025 2.3419921875 0
1700633622277 1.63515625 0
1700633667370 1.55498046875 0
1700633712736 10.3275390625 0
1700633758131 7.008203125 0
1700633804277 1.85556640625 0
1700633849530 2.31787109375 0
1700633894620 1.50126953125 0
1700633939684 2.356640625 0
1700633983932 2.4287109375 0
1700634029208 1.71181640625 0
1700634074093 1.83701171875 0
1700634118758 2.56123046875 0
1700634163493 1.90537109375 0
1700634208129 5.8037109375 0
1700634253080 2.1841796875 0
1700634298580 2.13330078125 0
1700634343545 1.82119140625 0
1700634388656 2.6646484375 0
1700634432956 1.7037109375 0
1700634477609 1.71630859375 0
1700634522644 1.72080078125 0
1700634567165 2.02109375 0
1700634612079 1.66015625 0
1700634658404 2.0595703125 0
1700634705688 17.48837890625 0
1700634753642 1.814453125 0
1700634799432 2.15205078125 0
1700634843812 1.9865234375 0
1700634888619 1.9673828125 0
1700634933682 17.99775390625 0
1700634978388 2.47802734375 0
1700635023200 2.44716796875 0
1700635067306 2.12041015625 0
1700635111541 2.28056640625 0
1700635155842 16.6958984375 0
1700635200830 2.37197265625 0
1700635245901 2.7833984375 0
1700635291014 2.1822265625 0
1700635336056 2.371484375 0
1700635381574 2.51796875 0
1700635426814 2.42255859375 0
1700635471959 2.61259765625 0
1700635516882 6.869140625 0
1700635562109 15.7712890625 0
1700635607039 2.5953125 0
1700635651835 3.321875 0
1700635696723 3.384375 0
1700635741888 3.08828125 0
1700635786184 3.1888671875 0
1700635830261 3.625 0
1700635875054 2.869140625 0
1700635920310 2.9953125 0
1700635965299 3.08515625 0
1700636010284 3.559765625 0
1700636055416 3.1091796875 0
1700636100147 3.0724609375 0
1700636145081 3.085546875 0
1700636190059 17.8697265625 0
1700636234664 3.1970703125 0
1700636279500 3.18984375 0
1700636324246 3.2611328125 0
1700636369096 3.3455078125 0
1700636414064 17.151171875 0
1700636458772 3.4275390625 0
1700636503049 3.4501953125 0
1700636547996 4.999609375 0
1700636591969 3.583203125 0
1700636636445 3.99921875 0
1700636681536 3.862890625 0
1700636725932 4.342578125 0
1700636770274 3.9302734375 0
1700636817222 3.71640625 0
1700636864678 4.65859375 0
1700636912140 4.25703125 0
1700636956408 4.445703125 0
1700637001650 4.0013671875 0
1700637046879 4.5255859375 0
1700637092042 4.3201171875 0
1700637137285 4.675 0
1700637182353 4.5400390625 0
1700637227691 7.744921875 0
1700637272883 5.67265625 0
1700637318205 5.89453125 0
1700637363331 8.223046875 0
1700637408232 8.1125 0
1700637452132 9.503515625 0
1700637496464 10.934375 0
1700637541722 10.69609375 0
1700637586600 10.3390625 0
1700637630628 10.64765625 0
1700637675029 13.665625 0
1700637720152 11.37578125 0
1700637765364 10.8296875 0
1700637810565 11.246875 0
1700637855728 12.08515625 0
1700637900861 15.28984375 0
1700637945599 14.2015625 0
1700637989432 14.303125 0
1700638033679 14.8140625 0
1700638078875 14.22890625 0
1700638124111 29.58828125 0
1700638168552 14.6734375 0
1700638212560 15.01328125 0
1700638256863 14.8515625 0
1700638300641 14.59375 0
1700638344548 16.3328125 0
1700638388652 20.8359375 0
1700638433275 15.940625 0
1700638478492 19.98671875 0
1700638523695 17.9828125 0
1700638568859 18.31953125 0
1700638614115 17.66171875 0
1700638659272 19.334375 0
1700638706353 18.021875 0
1700638754158 18.834375 0
1700638802318 34.7078125 0
1700638846675 20.1859375 0
1700638891032 20.4109375 0
1700638935982 19.6203125 0
1700638981016 20.4859375 0
1700639026432 20.43125 0
1700639071500 20.5375 0
1700639116649 22.1703125 0
1700639161742 21.6984375 0
1700639206105 20.9546875 0
1700639249860 21.6921875 0
1700639333977 22.5546875 0
1700639378219 21.5125 0
1700639422728 21.9609375 0
1700639467474 22.134375 0
1700639512069 23.6359375 0
1700639557357 34.1796875 0
1700639601869 22.6734375 0
1700639646233 21.3203125 0
1700639690803 22.6484375 0
1700639735569 22.128125 0
1700639780683 33.2984375 0
1700639825621 22.36875 0
1700639870373 22.365625 0
1700639914589 23.540625 0
1700639958885 22.475 0
1700640003677 23.4796875 0
1700640048430 23.025 0
1700640092923 22.7734375 0
1700640137905 23.771875 0
1700640182973 23.115625 0
1700640229542 23.2625 0
1700640277370 23.840625 0
1700640325868 22.5328125 0
1700640371830 23.07021484375 0
1700640416198 23.1640625 0
1700640460545 22.3703125 0
1700640505429 23.6875 0
1700640549635 21.7890625 0
1700640594181 23.2140625 0
1700640639463 22.696875 0
1700640684843 22.2234375 0
1700640730248 22.3359375 0
1700640775570 22.5765625 0
1700640820778 22.6140625 0
1700640866038 23.321875 0
1700640910973 23.3734375 0
1700640955945 23.2828125 0
1700641001249 23.240625 0
1700641046239 21.8859375 0
1700641090793 23.884375 0
1700641135481 22.5203125 0
1700641180198 22.7125 0
1700641225435 22.70625 0
1700641270795 23.153125 0
1700641315829 23.5453125 0
1700641360715 21.834375 0
1700641405780 23.028125 0
1700641450555 23.9140625 0
1700641494782 22.6140625 0
1700641539202 23.19375 0
1700641583564 22.6921875 0
1700641628146 22.478125 0
1700641672570 23.128125 0
1700641717025 22.3625 0
1700641761412 22.8703125 0
1700641805713 23.971875 0
1700641850465 23.1640625 0
1700641895096 22.8765625 0
1700641940299 23.18125 0
1700641985523 24.2875 0
1700642030713 21.403125 0
1700642075701 22.70625 0
1700642120580 23.565625 0
1700642166085 22.65625 0
1700642214206 23.2390625 0
1700642262007 24.3578125 0
1700642308984 22.96875 0
1700642353463 24.0359375 0
1700642397712 23.4296875 0
1700642442325 23.19375 0
1700642487267 23.8640625 0
1700642532193 23.6703125 0
1700642576765 22.4734375 0
1700642621085 22.5359375 0
1700642665165 23.0859375 0
1700642710183 22.7671875 0
1700642755474 23.6609375 0
1700642800441 23.7359375 0
1700642845365 24.1046875 0
1700642890125 22.975 0
1700642934681 22.8375 0
1700642979298 22.678125 0
1700643024088 25.20625 0
1700643068848 22.9875 0
1700643113489 23.1390625 0
1700643158773 22.44375 0
1700643203979 24.0140625 0
1700643248377 23.56875 0
1700643292562 23.028125 0
1700643336992 24.8328125 0
1700643381633 23.1328125 0
1700643426335 23.50625 0
1700643471345 23.4703125 0
1700643516324 22.3953125 0
1700643560956 23.2453125 0
1700643605589 23.2015625 0
1700643650199 23.3328125 0
1700643694829 25.803125 0
1700643739630 23.328125 0
1700643784421 23.3578125 0
1700643828994 24.2265625 0
1700643873828 22.9890625 0
1700643918573 23.54375 0
1700643962937 23.4234375 0
1700644007605 23.5859375 0
1700644052218 24.73125 0
1700644096916 24.3234375 0
1700644141699 35.109375 0
1700644187294 23.2359375 0
1700644231755 23.528125 0
1700644275982 22.959375 0
1700644320173 24.615625 0
1700644364505 23.0078125 0
1700644410409 23.88125 0
1700644458762 22.721875 0
1700644507627 22.5953125 0
1700644553530 24.6828125 0
1700644598479 23.175 0
1700644643809 24.009375 0
1700644689122 23.6546875 0
1700644733988 23.0453125 0
1700644778566 23.8921875 0
1700644823370 23.515625 0
1700644868271 22.4890625 0
1700644913566 24.25 0
1700644958217 23.7046875 0
1700645002445 22.69375 0
1700645046861 23.98125 0
1700645091081 23.11875 0
1700645135596 23.7484375 0
1700645179685 24.215625 0
1700645224244 24.734375 0
1700645268945 23.4515625 0
1700645313913 24.325 0
