1700633304377 0.0013113617897033691 0
1700633344213 0.004052519798278809 0
1700633388973 0.004194974899291992 0
1700633437431 0.004312336444854736 0
1700633485298 0.004419505596160889 0
1700633533526 0.005034446716308594 0
1700633578029 0.005838751792907715 0
1700633622280 0.005941927433013916 0
1700633667374 0.0055394768714904785 0
1700633712740 0.0055536627769470215 0
1700633758135 0.005666851997375488 0
1700633804281 0.0057964324951171875 0
1700633849533 0.0059021711349487305 0
1700633894624 0.005993008613586426 0
1700633939688 0.006081283092498779 0
1700633983937 0.006190478801727295 0
1700634029212 0.006309211254119873 0
1700634074096 0.006404101848602295 0
1700634118762 0.006494879722595215 0
1700634163497 0.006622493267059326 0
1700634208132 0.006793498992919922 0
1700634253084 0.007027685642242432 0
1700634298584 0.0072754621505737305 0
1700634343549 0.007580459117889404 0
1700634388660 0.007880568504333496 0
1700634432960 0.008211970329284668 0
1700634477612 0.0084647536277771 0
1700634522648 0.009158730506896973 0
1700634567169 0.009824216365814209 0
1700634612083 0.010279178619384766 0
1700634658408 0.010762810707092285 0
1700634705692 0.011555314064025879 0
1700634753646 0.01259845495223999 0
1700634799436 0.013368725776672363 0
1700634843816 0.0143013596534729 0
1700634888623 0.014793992042541504 0
1700634933686 0.015669286251068115 0
1700634978392 0.016479551792144775 0
1700635023204 0.017403066158294678 0
1700635067310 0.018358290195465088 0
1700635111544 0.019690096378326416 0
1700635155845 0.02051699161529541 0
1700635200832 0.02129596471786499 0
1700635245905 0.022296786308288574 0
1700635291023 0.023751676082611084 0
1700635336060 0.02517235279083252 0
1700635381577 0.026433944702148438 0
1700635426818 0.027551591396331787 0
1700635471963 0.028501272201538086 0
1700635516886 0.02951681613922119 0
1700635562113 0.031423091888427734 0
1700635607043 0.034348249435424805 0
1700635651838 0.03622359037399292 0
1700635696726 0.03830909729003906 0
1700635741892 0.03993004560470581 0
1700635786188 0.0413590669631958 0
1700635830265 0.042312681674957275 0
1700635875058 0.04351973533630371 0
1700635920313 0.04505389928817749 0
1700635965303 0.046441733837127686 0
1700636010288 0.04729980230331421 0
1700636055420 0.048097431659698486 0
1700636100151 0.049003779888153076 0
1700636145084 0.05027741193771362 0
1700636190063 0.05174809694290161 0
1700636234668 0.05470496416091919 0
1700636279504 0.05652707815170288 0
1700636324249 0.058204472064971924 0
1700636369101 0.0596160888671875 0
1700636414068 0.0612255334854126 0
1700636458776 0.06315970420837402 0
1700636503053 0.0652880072593689 0
1700636548000 0.06684732437133789 0
1700636591972 0.0690116286277771 0
1700636636448 0.07093995809555054 0
1700636681540 0.07258105278015137 0
1700636725936 0.07383453845977783 0
1700636770278 0.0750228762626648 0
1700636817226 0.07633459568023682 0
1700636864681 0.07750660181045532 0
1700636912144 0.07901978492736816 0
1700636956412 0.08113962411880493 0
1700637001654 0.08385860919952393 0
1700637046882 0.08565104007720947 0
1700637092046 0.08798891305923462 0
1700637137289 0.09315472841262817 0
1700637182357 0.09904062747955322 0
1700637227695 0.10645252466201782 0
1700637272887 0.11508524417877197 0
1700637318209 0.1257038712501526 0
1700637363334 0.13948333263397217 0
1700637408236 0.1567528247833252 0
1700637452136 0.17535239458084106 0
1700637496468 0.1798272728919983 0
1700637541726 0.1887701153755188 0
1700637586604 0.19654440879821777 0
1700637630632 0.20350182056427002 0
1700637675033 0.210976243019104 0
1700637720156 0.21811401844024658 0
1700637765368 0.22487705945968628 0
1700637810568 0.23215126991271973 0
1700637855732 0.2388298511505127 0
1700637900864 0.24553251266479492 0
1700637945602 0.2523195147514343 0
1700637989436 0.2590913772583008 0
1700638033683 0.265669584274292 0
1700638078879 0.27214759588241577 0
1700638124115 0.27848291397094727 0
1700638168556 0.2846541404724121 0
1700638212565 0.2908012866973877 0
1700638256867 0.29724395275115967 0
1700638300645 0.30330806970596313 0
1700638344552 0.3092191815376282 0
1700638388656 0.3155243396759033 0
1700638433279 0.3213847279548645 0
1700638478496 0.327282190322876 0
1700638523699 0.3334397077560425 0
1700638568862 0.3386980891227722 0
1700638614119 0.3444370627403259 0
1700638659276 0.3502925634384155 0
1700638706356 0.3555186986923218 0
1700638754162 0.3619052767753601 0
1700638802320 0.3668357729911804 0
1700638846679 0.3727184534072876 0
1700638891036 0.3782511353492737 0
1700638935986 0.3832463026046753 0
1700638981020 0.3886033892631531 0
1700639026436 0.394361674785614 0
1700639071504 0.39950162172317505 0
1700639116652 0.40449202060699463 0
1700639161746 0.4092748165130615 0
1700639206108 0.41433531045913696 0
1700639249864 0.41914302110671997 0
1700639333981 0.4239209294319153 0
1700639378223 0.4280967116355896 0
1700639422732 0.4315704107284546 0
1700639467477 0.4323045015335083 0
1700639512073 0.4336186647415161 0
1700639557361 0.4349241852760315 0
1700639601873 0.4363108277320862 0
1700639646237 0.4376220107078552 0
1700639690807 0.43879497051239014 0
1700639735573 0.43999719619750977 0
1700639780687 0.4411885142326355 0
1700639825624 0.4426577091217041 0
1700639870376 0.44376951456069946 0
1700639914593 0.44488525390625 0
1700639958889 0.4461444020271301 0
1700640003681 0.4469475746154785 0
1700640048434 0.4481961131095886 0
1700640092926 0.4492954611778259 0
1700640137909 0.4503694772720337 0
1700640182977 0.45139163732528687 0
1700640229546 0.45247066020965576 0
1700640277374 0.45344239473342896 0
1700640325871 0.4544900059700012 0
1700640371833 0.4553842544555664 0
1700640416202 0.4564823508262634 0
1700640460548 0.45730316638946533 0
1700640505432 0.458284854888916 0
1700640549639 0.4591529369354248 0
1700640594184 0.460061252117157 0
1700640639467 0.460987389087677 0
1700640684846 0.4617709517478943 0
1700640730251 0.4626386761665344 0
1700640775574 0.46362733840942383 0
1700640820781 0.46440809965133667 0
1700640866042 0.4651315212249756 0
1700640910977 0.4658969044685364 0
1700640955948 0.466714084148407 0
1700641001252 0.46746504306793213 0
1700641046243 0.4681941270828247 0
1700641090797 0.4689284563064575 0
1700641135485 0.46970832347869873 0
1700641180202 0.47049379348754883 0
1700641225439 0.4711633324623108 0
1700641270799 0.4718717336654663 0
1700641315833 0.47254323959350586 0
1700641360719 0.4730856418609619 0
1700641405783 0.4738903045654297 0
1700641450559 0.4743068218231201 0
1700641494785 0.4749443531036377 0
1700641539205 0.4756423830986023 0
1700641583568 0.47618991136550903 0
1700641628150 0.47679227590560913 0
1700641672573 0.477384090423584 0
1700641717029 0.4779242277145386 0
1700641761416 0.47846829891204834 0
1700641805716 0.4789847135543823 0
1700641850469 0.4795492887496948 0
1700641895100 0.48007023334503174 0
1700641940302 0.4805949926376343 0
1700641985527 0.4811522960662842 0
1700642030716 0.48150527477264404 0
1700642075704 0.482074499130249 0
1700642120583 0.4824705123901367 0
1700642166088 0.4829499125480652 0
1700642214210 0.4833739995956421 0
1700642262011 0.4838337302207947 0
1700642308987 0.48424047231674194 0
1700642353467 0.48472321033477783 0
1700642397716 0.4851521849632263 0
1700642442329 0.48555654287338257 0
1700642487272 0.4859600067138672 0
1700642532197 0.48633652925491333 0
1700642576768 0.4867985248565674 0
1700642621089 0.4869934320449829 0
1700642665169 0.4874988794326782 0
1700642710187 0.4877207279205322 0
1700642755477 0.48816871643066406 0
1700642800444 0.4884037971496582 0
1700642845369 0.4888014793395996 0
1700642890129 0.4890996217727661 0
1700642934684 0.4893949031829834 0
1700642979301 0.489671528339386 0
1700643024092 0.49008041620254517 0
1700643068852 0.4904104471206665 0
1700643113493 0.4906556010246277 0
1700643158777 0.4909704327583313 0
1700643203982 0.49113065004348755 0
1700643248381 0.491355299949646 0
1700643292566 0.4916788339614868 0
1700643336996 0.49193668365478516 0
1700643381637 0.4922693371772766 0
1700643426338 0.4923688769340515 0
1700643471348 0.4926609396934509 0
1700643516328 0.492950439453125 0
1700643560960 0.49314600229263306 0
1700643605593 0.4932856559753418 0
1700643650203 0.49347805976867676 0
1700643694833 0.4937688112258911 0
1700643739634 0.4941076636314392 0
1700643784425 0.4940803647041321 0
1700643828998 0.49434512853622437 0
1700643873830 0.4944763779640198 0
1700643918577 0.494661808013916 0
1700643962941 0.4948185682296753 0
1700644007609 0.4949992895126343 0
1700644052222 0.4951513409614563 0
1700644096920 0.49536705017089844 0
1700644141703 0.4955056309700012 0
1700644187297 0.49581509828567505 0
1700644231759 0.4959062933921814 0
1700644275985 0.496013879776001 0
1700644320176 0.4961053729057312 0
1700644364508 0.49619150161743164 0
1700644410413 0.4963110089302063 0
1700644458766 0.49649304151535034 0
1700644507631 0.49670839309692383 0
1700644553533 0.4969031810760498 0
1700644598483 0.4967353940010071 0
1700644643813 0.497128427028656 0
1700644689126 0.497012734413147 0
1700644733992 0.4972327947616577 0
1700644778569 0.4972441792488098 0
1700644823373 0.49727892875671387 0
1700644868275 0.49741512537002563 0
1700644913570 0.4975409507751465 0
1700644958221 0.49759161472320557 0
1700645002449 0.4977185130119324 0
1700645046865 0.4977704882621765 0
1700645091084 0.4978742003440857 0
1700645135600 0.49792206287384033 0
1700645179689 0.4979616403579712 0
1700645224248 0.49812382459640503 0
1700645268948 0.4981500506401062 0
1700645313917 0.498277485370636 0
