1700633306789 4088.0 0
1700633346632 4088.0 0
1700633391375 4087.0 0
1700633439955 4087.0 0
1700633487806 4087.0 0
1700633535999 4086.0 0
1700633580447 4084.0 0
1700633624706 4084.0 0
1700633669820 4085.0 0
1700633715189 4086.0 0
1700633760636 4086.0 0
1700633806647 4085.0 0
1700633851916 4086.0 0
1700633897032 4086.0 0
1700633942103 4086.0 0
1700633986356 4086.0 0
1700634031646 4086.0 0
1700634076518 4086.0 0
1700634121197 4086.0 0
1700634165913 4086.0 0
1700634210558 4086.0 0
1700634255498 4086.0 0
1700634301032 4086.0 0
1700634345946 4086.0 0
1700634391074 4086.0 0
1700634435331 4086.0 0
1700634480074 4086.0 0
1700634525053 4086.0 0
1700634569647 4086.0 0
1700634614502 4086.0 0
1700634660955 4086.0 0
1700634708217 4086.0 0
1700634756170 4086.0 0
1700634801824 4086.0 0
1700634846249 4086.0 0
1700634891078 4086.0 0
1700634936184 4086.0 0
1700634980848 4085.0 0
1700635025563 4085.0 0
1700635069715 4085.0 0
1700635113947 4086.0 0
1700635158302 4086.0 0
1700635203276 4085.0 0
1700635248339 4085.0 0
1700635293387 4085.0 0
1700635338461 4085.0 0
1700635383994 4085.0 0
1700635429241 4085.0 0
1700635474380 4085.0 0
1700635519265 4085.0 0
1700635564528 4084.0 0
1700635609410 4084.0 0
1700635654246 4084.0 0
1700635699154 4084.0 0
1700635744313 4084.0 0
1700635788589 4084.0 0
1700635832652 4084.0 0
1700635877507 4084.0 0
1700635922774 4084.0 0
1700635967793 4085.0 0
1700636012744 4085.0 0
1700636057847 4085.0 0
1700636102655 4085.0 0
1700636147555 4085.0 0
1700636192497 4085.0 0
1700636237096 4085.0 0
1700636282001 4085.0 0
1700636326677 4085.0 0
1700636371555 4085.0 0
1700636416542 4084.0 0
1700636461267 4084.0 0
1700636505431 4084.0 0
1700636550398 4084.0 0
1700636594363 4084.0 0
1700636638916 4084.0 0
1700636684037 4085.0 0
1700636728451 4085.0 0
1700636772752 4085.0 0
1700636819719 4085.0 0
1700636867153 4085.0 0
1700636914544 4085.0 0
1700636958795 4085.0 0
1700637004065 4085.0 0
1700637049315 4085.0 0
1700637094415 4085.0 0
1700637139725 4084.0 0
1700637184718 4082.0 0
1700637230103 4075.0 0
1700637275278 4064.0 0
1700637320625 4043.0 0
1700637365716 4006.0 0
1700637410640 3955.0 0
1700637454528 3901.0 0
1700637498859 3896.0 0
1700637544150 3875.0 0
1700637589029 3858.0 0
1700637633072 3845.0 0
1700637677465 3830.0 0
1700637722584 3818.0 0
1700637767729 3807.0 0
1700637813006 3797.0 0
1700637858181 3788.0 0
1700637903322 3778.0 0
1700637947969 3768.0 0
1700637991872 3758.0 0
1700638036077 3749.0 0
1700638081284 3738.0 0
1700638126482 3727.0 0
1700638170993 3718.0 0
1700638214957 3707.0 0
1700638259241 3695.0 0
1700638303055 3685.0 0
1700638346945 3674.0 0
1700638391046 3661.0 0
1700638435663 3648.0 0
1700638480861 3636.0 0
1700638526123 3622.0 0
1700638571233 3611.0 0
1700638616519 3599.0 0
1700638661664 3589.0 0
1700638708889 3579.0 0
1700638756637 3566.0 0
1700638804816 3558.0 0
1700638849068 3548.0 0
1700638893463 3538.0 0
1700638938418 3530.0 0
1700638983404 3521.0 0
1700639028874 3509.0 0
1700639073952 3501.0 0
1700639119153 3492.0 0
1700639164110 3484.0 0
1700639208523 3475.0 0
1700639252236 3466.0 0
1700639336350 3458.0 0
1700639380583 3451.0 0
1700639425168 3447.0 0
1700639469862 3448.0 0
1700639514464 3448.0 0
1700639559786 3448.0 0
1700639604271 3449.0 0
1700639648636 3449.0 0
1700639693219 3449.0 0
1700639738077 3449.0 0
1700639783108 3450.0 0
1700639827980 3449.0 0
1700639872769 3449.0 0
1700639917026 3448.0 0
1700639961259 3447.0 0
1700640006025 3448.0 0
1700640050900 3447.0 0
1700640095349 3447.0 0
1700640140345 3447.0 0
1700640185468 3447.0 0
1700640232364 3447.0 0
1700640280083 3447.0 0
1700640328461 3447.0 0
1700640374203 3447.0 0
1700640418599 3447.0 0
1700640462958 3448.0 0
1700640507831 3448.0 0
1700640551996 3448.0 0
1700640596559 3448.0 0
1700640641924 3447.0 0
1700640687206 3448.0 0
1700640732627 3448.0 0
1700640777917 3448.0 0
1700640823138 3448.0 0
1700640868441 3448.0 0
1700640913328 3448.0 0
1700640958294 3448.0 0
1700641003643 3448.0 0
1700641048620 3448.0 0
1700641093184 3448.0 0
1700641137831 3448.0 0
1700641182564 3448.0 0
1700641227812 3448.0 0
1700641273187 3448.0 0
1700641318231 3448.0 0
1700641363080 3448.0 0
1700641408172 3448.0 0
1700641452941 3448.0 0
1700641497138 3448.0 0
1700641541570 3448.0 0
1700641585965 3448.0 0
1700641630560 3448.0 0
1700641674987 3448.0 0
1700641719403 3448.0 0
1700641763876 3449.0 0
1700641808070 3449.0 0
1700641852913 3449.0 0
1700641897477 3449.0 0
1700641942797 3449.0 0
1700641988006 3449.0 0
1700642033167 3449.0 0
1700642078040 3449.0 0
1700642122932 3449.0 0
1700642168875 3449.0 0
1700642216952 3449.0 0
1700642264473 3449.0 0
1700642311384 3449.0 0
1700642355862 3449.0 0
1700642400079 3449.0 0
1700642444706 3449.0 0
1700642489671 3449.0 0
1700642534547 3449.0 0
1700642579185 3449.0 0
1700642623486 3449.0 0
1700642667551 3449.0 0
1700642712554 3449.0 0
1700642757890 3449.0 0
1700642802838 3449.0 0
1700642847757 3449.0 0
1700642892501 3449.0 0
1700642937019 3449.0 0
1700642981724 3449.0 0
1700643026532 3449.0 0
1700643071256 3449.0 0
1700643115860 3449.0 0
1700643161137 3449.0 0
1700643206410 3449.0 0
1700643250782 3449.0 0
1700643294923 3449.0 0
1700643339370 3449.0 0
1700643384031 3449.0 0
1700643428756 3449.0 0
1700643473739 3449.0 0
1700643518801 3450.0 0
1700643563368 3450.0 0
1700643607934 3450.0 0
1700643652567 3450.0 0
1700643697179 3450.0 0
1700643742044 3450.0 0
1700643786841 3450.0 0
1700643831398 3450.0 0
1700643876204 3450.0 0
1700643920946 3450.0 0
1700643965332 3450.0 0
1700644009955 3450.0 0
1700644054651 3450.0 0
1700644099378 3451.0 0
1700644144143 3452.0 0
1700644189672 3453.0 0
1700644234135 3453.0 0
1700644278414 3454.0 0
1700644322555 3454.0 0
1700644366920 3454.0 0
1700644413026 3454.0 0
1700644461617 3454.0 0
1700644510213 3454.0 0
1700644555934 3454.0 0
1700644600872 3454.0 0
1700644646299 3454.0 0
1700644691514 3454.0 0
1700644736347 3454.0 0
1700644780951 3454.0 0
1700644825802 3454.0 0
1700644870660 3454.0 0
1700644915987 3454.0 0
1700644960665 3454.0 0
1700645004866 3454.0 0
1700645049271 3454.0 0
1700645093468 3454.0 0
1700645137983 3454.0 0
1700645182065 3454.0 0
1700645226630 3454.0 0
1700645271326 3453.0 0
1700645316296 3453.0 0
