1700633304374 0.0 0
1700633344210 0.0007104184478521347 0
1700633388970 -0.001600479893386364 0
1700633437427 -0.0038414446637034414 0
1700633485295 0.0028394408524036407 0
1700633533523 0.020371992141008377 0
1700633578026 0.04822219461202622 0
1700633622277 0.08712742924690246 0
1700633667370 0.14219024181365966 0
1700633712737 0.210914945602417 0
1700633758132 0.2917651176452637 0
1700633804277 0.38563051223754885 0
1700633849530 0.4932090759277344 0
1700633894621 0.6147085189819336 0
1700633939685 0.7503353118896484 0
1700633983933 0.8998109817504882 0
1700634029209 1.0631855010986329 0
1700634074093 1.2411571502685548 0
1700634118759 1.4339103698730469 0
1700634163493 1.640892791748047 0
1700634208129 1.861669921875 0
1700634253081 2.0946189880371096 0
1700634298581 2.341810607910156 0
1700634343546 2.600921630859375 0
1700634388657 2.8754898071289063 0
1700634432956 3.160664367675781 0
1700634477610 3.4649978637695313 0
1700634522645 3.7736785888671873 0
1700634567165 4.083831787109375 0
1700634612080 4.41585693359375 0
1700634658405 4.7676025390625 0
1700634705689 5.121783447265625 0
1700634753643 5.470166015625 0
1700634799433 5.834808349609375 0
1700634843813 6.213165283203125 0
1700634888620 6.614013671875 0
1700634933683 7.0318603515625 0
1700634978389 7.446368408203125 0
1700635023201 7.876654052734375 0
1700635067307 8.313409423828125 0
1700635111542 8.74256591796875 0
1700635155842 9.18961181640625 0
1700635200830 9.67763671875 0
1700635245902 10.16649169921875 0
1700635291021 10.63951416015625 0
1700635336057 11.09288330078125 0
1700635381574 11.5837158203125 0
1700635426815 12.086865234375 0
1700635471960 12.62567138671875 0
1700635516883 13.1784423828125 0
1700635562110 13.697509765625 0
1700635607040 14.1076171875 0
1700635651836 14.5340087890625 0
1700635696723 15.0245361328125 0
1700635741889 15.51875 0
1700635786185 16.0633056640625 0
1700635830262 16.6645263671875 0
1700635875055 17.2904052734375 0
1700635920310 17.875 0
1700635965299 18.47509765625 0
1700636010284 19.1285888671875 0
1700636055417 19.84990234375 0
1700636100148 20.547802734375 0
1700636145081 21.2453125 0
1700636190060 21.92177734375 0
1700636234665 22.475 0
1700636279501 23.0068359375 0
1700636324247 23.658154296875 0
1700636369097 24.339794921875 0
1700636414065 25.0685546875 0
1700636458773 25.7048828125 0
1700636503050 26.32607421875 0
1700636547997 27.0162109375 0
1700636591969 27.699267578125 0
1700636636445 28.324658203125 0
1700636681536 29.054052734375 0
1700636725933 29.826513671875 0
1700636770275 30.671630859375 0
1700636817223 31.47548828125 0
1700636864678 32.3384765625 0
1700636912141 33.18427734375 0
1700636956409 33.93984375 0
1700637001651 34.583984375 0
1700637046879 35.28896484375 0
1700637092042 36.07236328125 0
1700637137286 36.4642578125 0
1700637182354 36.50947265625 0
1700637227692 36.32685546875 0
1700637272884 35.83837890625 0
1700637318206 34.97705078125 0
1700637363332 33.65615234375 0
1700637408233 31.6412109375 0
1700637452133 28.85458984375 0
1700637496465 27.8240234375 0
1700637541723 27.4796875 0
1700637586601 26.8974609375 0
1700637630629 26.3494140625 0
1700637675030 25.818359375 0
1700637720153 25.300390625 0
1700637765365 24.81328125 0
1700637810565 24.31904296875 0
1700637855729 23.8484375 0
1700637900861 23.40576171875 0
1700637945599 22.9609375 0
1700637989433 22.51416015625 0
1700638033680 22.0927734375 0
1700638078876 21.6787109375 0
1700638124112 21.2654296875 0
1700638168553 20.887890625 0
1700638212561 20.49453125 0
1700638256864 20.136328125 0
1700638300642 19.7505859375 0
1700638344548 19.3830078125 0
1700638388653 19.0181640625 0
1700638433276 18.67109375 0
1700638478493 18.32890625 0
1700638523696 17.9888671875 0
1700638568860 17.694921875 0
1700638614116 17.359375 0
1700638659273 17.040234375 0
1700638706354 16.8138671875 0
1700638754159 16.465625 0
1700638802318 16.15703125 0
1700638846676 15.8984375 0
1700638891033 15.5439453125 0
1700638935983 15.3533203125 0
1700638981017 15.1169921875 0
1700639026433 14.8255859375 0
1700639071501 14.5287109375 0
1700639116649 14.3486328125 0
1700639161743 14.1755859375 0
1700639206105 13.9890625 0
1700639249861 13.8046875 0
1700639333978 13.6333984375 0
1700639378220 13.280078125 0
1700639422729 12.5654296875 0
1700639467475 12.2224609375 0
1700639512070 12.12109375 0
1700639557358 11.8703125 0
1700639601870 11.6169921875 0
1700639646234 11.4232421875 0
1700639690804 11.2095703125 0
1700639735570 10.994921875 0
1700639780684 10.758203125 0
1700639825622 10.5533203125 0
1700639870373 10.36171875 0
1700639914590 10.1595703125 0
1700639958886 9.9591796875 0
1700640003678 9.7548828125 0
1700640048431 9.57890625 0
1700640092923 9.3853515625 0
1700640137906 9.1939453125 0
1700640182974 9.01484375 0
1700640229543 8.8326171875 0
1700640277371 8.6509765625 0
1700640325868 8.4736328125 0
1700640371830 8.30078125 0
1700640416199 8.129296875 0
1700640460545 7.9505859375 0
1700640505429 7.7828125 0
1700640549636 7.62890625 0
1700640594181 7.4564453125 0
1700640639464 7.3107421875 0
1700640684843 7.16171875 0
1700640730248 6.9890625 0
1700640775571 6.8447265625 0
1700640820778 6.70859375 0
1700640866039 6.56015625 0
1700640910974 6.4130859375 0
1700640955946 6.2736328125 0
1700641001249 6.13984375 0
1700641046240 5.9947265625 0
1700641090794 5.8623046875 0
1700641135482 5.7287109375 0
1700641180199 5.6 0
1700641225436 5.4720703125 0
1700641270796 5.3220703125 0
1700641315830 5.2353515625 0
1700641360716 5.084375 0
1700641405781 4.984375 0
1700641450556 4.8646484375 0
1700641494782 4.7541015625 0
1700641539202 4.639453125 0
1700641583565 4.53515625 0
1700641628147 4.4283203125 0
1700641672570 4.318359375 0
1700641717026 4.2138671875 0
1700641761413 4.1123046875 0
1700641805713 4.0111328125 0
1700641850466 3.90234375 0
1700641895097 3.8162109375 0
1700641940299 3.7166015625 0
1700641985524 3.623828125 0
1700642030713 3.526953125 0
1700642075701 3.4328125 0
1700642120580 3.357421875 0
1700642166086 3.263671875 0
1700642214207 3.1865234375 0
1700642262008 3.1013671875 0
1700642308985 3.0150390625 0
1700642353463 2.9421875 0
1700642397713 2.8638671875 0
1700642442326 2.786328125 0
1700642487268 2.709765625 0
1700642532194 2.638671875 0
1700642576765 2.559765625 0
1700642621086 2.4869140625 0
1700642665166 2.4107421875 0
1700642710184 2.36328125 0
1700642755475 2.28046875 0
1700642800441 2.234765625 0
1700642845366 2.1583984375 0
1700642890126 2.106640625 0
1700642934681 2.049609375 0
1700642979298 1.9935546875 0
1700643024089 1.91875 0
1700643068849 1.8666015625 0
1700643113490 1.8208984375 0
1700643158774 1.765625 0
1700643203980 1.7048828125 0
1700643248378 1.6697265625 0
1700643292563 1.6076171875 0
1700643336993 1.5669921875 0
1700643381634 1.5162109375 0
1700643426336 1.4744140625 0
1700643471345 1.4220703125 0
1700643516325 1.378125 0
1700643560957 1.3435546875 0
1700643605590 1.3001953125 0
1700643650200 1.2630859375 0
1700643694830 1.2060546875 0
1700643739631 1.1744140625 0
1700643784422 1.1236328125 0
1700643828995 1.10625 0
1700643873828 1.07890625 0
1700643918574 1.0380859375 0
1700643962938 1.0099609375 0
1700644007606 0.976953125 0
1700644052219 0.942578125 0
1700644096917 0.91015625 0
1700644141700 0.8796875 0
1700644187295 0.8185546875 0
1700644231756 0.8177734375 0
1700644275982 0.758984375 0
1700644320173 0.76640625 0
1700644364505 0.741015625 0
1700644410410 0.7154296875 0
1700644458763 0.6916015625 0
1700644507628 0.662109375 0
1700644553530 0.6349609375 0
1700644598480 0.6048828125 0
1700644643810 0.5677734375 0
1700644689123 0.5689453125 0
1700644733989 0.556640625 0
1700644778567 0.5357421875 0
1700644823370 0.515234375 0
1700644868272 0.504296875 0
1700644913567 0.474609375 0
1700644958218 0.4673828125 0
1700645002445 0.4423828125 0
1700645046862 0.4328125 0
1700645091081 0.4009765625 0
1700645135597 0.40234375 0
1700645179686 0.387890625 0
1700645224245 0.3583984375 0
1700645268945 0.360546875 0
1700645313914 0.336328125 0
