1700633304375 0.09999923408031464 0
1700633344211 0.9335607886314392 0
1700633388971 1.172890543937683 0
1700633437429 0.30164045095443726 0
1700633485297 -0.9832019805908203 0
1700633533524 -2.4129669666290283 0
1700633578027 -3.9072818756103516 0
1700633622279 -5.438205718994141 0
1700633667372 -7.010573387145996 0
1700633712739 -8.619941711425781 0
1700633758133 -10.248686790466309 0
1700633804279 -11.887228965759277 0
1700633849532 -13.531669616699219 0
1700633894623 -15.180407524108887 0
1700633939686 -16.83250617980957 0
1700633983935 -18.48701286315918 0
1700634029211 -20.14292335510254 0
1700634074095 -21.799680709838867 0
1700634118761 -23.45713233947754 0
1700634163495 -25.114904403686523 0
1700634208131 -26.772319793701172 0
1700634253083 -28.428314208984375 0
1700634298582 -30.08224868774414 0
1700634343548 -31.733612060546875 0
1700634388658 -33.382362365722656 0
1700634432958 -35.02812957763672 0
1700634477611 -36.671478271484375 0
1700634522647 -38.31208038330078 0
1700634567167 -39.94679641723633 0
1700634612081 -41.57592010498047 0
1700634658406 -43.2016487121582 0
1700634705690 -44.8239631652832 0
1700634753645 -46.440391540527344 0
1700634799434 -48.04984664916992 0
1700634843815 -49.653656005859375 0
1700634888621 -51.2528076171875 0
1700634933684 -52.849727630615234 0
1700634978391 -54.44322967529297 0
1700635023202 -56.03328323364258 0
1700635067309 -57.61957931518555 0
1700635111543 -59.2011604309082 0
1700635155844 -60.77708053588867 0
1700635200831 -62.3499870300293 0
1700635245904 -63.920963287353516 0
1700635291022 -65.4886703491211 0
1700635336058 -67.05021667480469 0
1700635381576 -68.60592651367188 0
1700635426817 -70.15693664550781 0
1700635471961 -71.7049789428711 0
1700635516884 -73.25141906738281 0
1700635562111 -74.79540252685547 0
1700635607042 -76.33102416992188 0
1700635651837 -77.85408020019531 0
1700635696725 -79.36788940429688 0
1700635741891 -80.8738784790039 0
1700635786186 -82.3747787475586 0
1700635830264 -83.87358093261719 0
1700635875056 -85.37289428710938 0
1700635920311 -86.87187957763672 0
1700635965301 -88.36937713623047 0
1700636010286 -89.8662109375 0
1700636055418 -91.36518859863281 0
1700636100149 -92.86634063720703 0
1700636145083 -94.36910247802734 0
1700636190062 -95.87186431884766 0
1700636234667 -97.37137603759766 0
1700636279503 -98.86280822753906 0
1700636324248 -100.34861755371094 0
1700636369099 -101.83103942871094 0
1700636414067 -103.3122787475586 0
1700636458775 -104.79088592529297 0
1700636503052 -106.26538848876953 0
1700636547998 -107.73592376708984 0
1700636591971 -109.2037353515625 0
1700636636447 -110.667236328125 0
1700636681538 -112.12754821777344 0
1700636725935 -113.58633422851562 0
1700636770276 -115.04568481445312 0
1700636817224 -116.50584411621094 0
1700636864680 -117.96698760986328 0
1700636912143 -119.42921447753906 0
1700636956411 -120.8907241821289 0
1700637001652 -122.34844207763672 0
1700637046881 -123.80081939697266 0
1700637092044 -125.2498779296875 0
1700637137287 -126.6920166015625 0
1700637182355 -128.11758422851562 0
1700637227693 -129.52012634277344 0
1700637272886 -130.89244079589844 0
1700637318207 -132.2272186279297 0
1700637363333 -133.5154266357422 0
1700637408235 -134.7432861328125 0
1700637452134 -135.8920440673828 0
1700637496467 -136.96926879882812 0
1700637541724 -138.01126098632812 0
1700637586603 -139.02476501464844 0
1700637630631 -140.0131378173828 0
1700637675031 -140.97927856445312 0
1700637720155 -141.9240264892578 0
1700637765366 -142.84841918945312 0
1700637810567 -143.75347900390625 0
1700637855730 -144.6400909423828 0
1700637900863 -145.50912475585938 0
1700637945601 -146.3614959716797 0
1700637989434 -147.19735717773438 0
1700638033682 -148.0175323486328 0
1700638078877 -148.82249450683594 0
1700638124113 -149.61265563964844 0
1700638168554 -150.38880920410156 0
1700638212563 -151.15151977539062 0
1700638256865 -151.90130615234375 0
1700638300643 -152.63809204101562 0
1700638344550 -153.3621826171875 0
1700638388654 -154.07403564453125 0
1700638433278 -154.77386474609375 0
1700638478494 -155.46214294433594 0
1700638523698 -156.13926696777344 0
1700638568861 -156.80551147460938 0
1700638614117 -157.46153259277344 0
1700638659274 -158.10719299316406 0
1700638706355 -158.74359130859375 0
1700638754160 -159.37095642089844 0
1700638802319 -159.9875030517578 0
1700638846677 -160.59539794921875 0
1700638891034 -161.19320678710938 0
1700638935985 -161.78237915039062 0
1700638981019 -162.3643341064453 0
1700639026434 -162.93824768066406 0
1700639071502 -163.50279235839844 0
1700639116651 -164.0599365234375 0
1700639161744 -164.61097717285156 0
1700639206107 -165.15658569335938 0
1700639249863 -165.69647216796875 0
1700639333979 -166.2310028076172 0
1700639378222 -166.75872802734375 0
1700639422731 -167.2698516845703 0
1700639467476 -167.76380920410156 0
1700639512071 -168.2493133544922 0
1700639557360 -168.72752380371094 0
1700639601872 -169.19802856445312 0
1700639646236 -169.66152954101562 0
1700639690805 -170.1181182861328 0
1700639735571 -170.56802368164062 0
1700639780685 -171.01068115234375 0
1700639825623 -171.44662475585938 0
1700639870375 -171.8757781982422 0
1700639914592 -172.29855346679688 0
1700639958888 -172.7149658203125 0
1700640003679 -173.12464904785156 0
1700640048432 -173.5283966064453 0
1700640092925 -173.9259490966797 0
1700640137908 -174.31727600097656 0
1700640182976 -174.70252990722656 0
1700640229545 -175.08175659179688 0
1700640277373 -175.45492553710938 0
1700640325870 -175.8221435546875 0
1700640371832 -176.18348693847656 0
1700640416201 -176.53907775878906 0
1700640460547 -176.88864135742188 0
1700640505431 -177.23251342773438 0
1700640549638 -177.57080078125 0
1700640594183 -177.9033966064453 0
1700640639466 -178.23068237304688 0
1700640684845 -178.55270385742188 0
1700640730250 -178.86915588378906 0
1700640775572 -179.18035888671875 0
1700640820780 -179.48635864257812 0
1700640866041 -179.78724670410156 0
1700640910975 -180.08306884765625 0
1700640955947 -180.37388610839844 0
1700641001251 -180.65975952148438 0
1700641046241 -180.94058227539062 0
1700641090796 -181.21644592285156 0
1700641135484 -181.48744201660156 0
1700641180200 -181.75364685058594 0
1700641225437 -182.01499938964844 0
1700641270797 -182.27122497558594 0
1700641315831 -182.5231475830078 0
1700641360718 -182.77024841308594 0
1700641405782 -183.01312255859375 0
1700641450557 -183.25128173828125 0
1700641494783 -183.48538208007812 0
1700641539204 -183.7152099609375 0
1700641583567 -183.94073486328125 0
1700641628149 -184.1621551513672 0
1700641672572 -184.37936401367188 0
1700641717028 -184.59239196777344 0
1700641761414 -184.80136108398438 0
1700641805715 -185.00628662109375 0
1700641850468 -185.20703125 0
1700641895098 -185.40383911132812 0
1700641940301 -185.59677124023438 0
1700641985525 -185.785888671875 0
1700642030715 -185.9709930419922 0
1700642075703 -186.1522979736328 0
1700642120582 -186.32998657226562 0
1700642166087 -186.50405883789062 0
1700642214208 -186.67465209960938 0
1700642262009 -186.8417205810547 0
1700642308986 -187.00514221191406 0
1700642353465 -187.1652374267578 0
1700642397715 -187.3219757080078 0
1700642442328 -187.47537231445312 0
1700642487270 -187.62542724609375 0
1700642532195 -187.77220153808594 0
1700642576767 -187.91567993164062 0
1700642621088 -188.0555419921875 0
1700642665168 -188.19229125976562 0
1700642710186 -188.32611083984375 0
1700642755476 -188.4569091796875 0
1700642800443 -188.5848846435547 0
1700642845368 -188.70993041992188 0
1700642890128 -188.83212280273438 0
1700642934683 -188.95164489746094 0
1700642979300 -189.06857299804688 0
1700643024091 -189.18252563476562 0
1700643068851 -189.29351806640625 0
1700643113492 -189.40187072753906 0
1700643158775 -189.5078125 0
1700643203981 -189.61090087890625 0
1700643248379 -189.7118377685547 0
1700643292565 -189.81027221679688 0
1700643336994 -189.9063262939453 0
1700643381636 -190.00003051757812 0
1700643426337 -190.0912322998047 0
1700643471347 -190.18020629882812 0
1700643516327 -190.266845703125 0
1700643560958 -190.35125732421875 0
1700643605592 -190.4335479736328 0
1700643650202 -190.51394653320312 0
1700643694831 -190.59194946289062 0
1700643739632 -190.6678009033203 0
1700643784423 -190.74087524414062 0
1700643828997 -190.81259155273438 0
1700643873829 -190.88275146484375 0
1700643918575 -190.95115661621094 0
1700643962940 -191.0178985595703 0
1700644007608 -191.0829315185547 0
1700644052221 -191.1461181640625 0
1700644096918 -191.20753479003906 0
1700644141702 -191.26705932617188 0
1700644187296 -191.32420349121094 0
1700644231758 -191.3794403076172 0
1700644275984 -191.43275451660156 0
1700644320175 -191.48489379882812 0
1700644364507 -191.53607177734375 0
1700644410411 -191.5860137939453 0
1700644458764 -191.63467407226562 0
1700644507629 -191.68179321289062 0
1700644553532 -191.72731018066406 0
1700644598482 -191.77072143554688 0
1700644643812 -191.812744140625 0
1700644689124 -191.85299682617188 0
1700644733991 -191.89312744140625 0
1700644778568 -191.93202209472656 0
1700644823372 -191.96987915039062 0
1700644868273 -192.00686645507812 0
1700644913569 -192.04258728027344 0
1700644958219 -192.07730102539062 0
1700645002447 -192.11085510253906 0
1700645046863 -192.1433563232422 0
1700645091083 -192.17453002929688 0
1700645135599 -192.2047119140625 0
1700645179688 -192.2342529296875 0
1700645224247 -192.2625732421875 0
1700645268947 -192.2901153564453 0
1700645313916 -192.31674194335938 0
