1700633304376 0.09942184388637543 0
1700633344212 0.8399556875228882 0
1700633388972 1.3661285638809204 0
1700633437431 2.431196451187134 0
1700633485298 3.7985172271728516 0
1700633533525 5.324906826019287 0
1700633578028 6.955667495727539 0
1700633622280 8.661903381347656 0
1700633667373 10.451652526855469 0
1700633712740 12.310569763183594 0
1700633758134 14.20820426940918 0
1700633804280 16.13042449951172 0
1700633849533 18.07189178466797 0
1700633894623 20.02997398376465 0
1700633939687 22.002534866333008 0
1700633983936 23.987098693847656 0
1700634029211 25.981096267700195 0
1700634074095 27.98296356201172 0
1700634118761 29.99195098876953 0
1700634163496 32.00679016113281 0
1700634208132 34.025665283203125 0
1700634253084 36.04604721069336 0
1700634298583 38.06648635864258 0
1700634343548 40.08578872680664 0
1700634388659 42.103851318359375 0
1700634432959 44.1197624206543 0
1700634477612 46.134674072265625 0
1700634522648 48.147613525390625 0
1700634567168 50.15141296386719 0
1700634612082 52.147151947021484 0
1700634658407 54.139923095703125 0
1700634705691 56.12937545776367 0
1700634753645 58.10966110229492 0
1700634799435 60.07855224609375 0
1700634843815 62.039306640625 0
1700634888622 63.99416732788086 0
1700634933685 65.94851684570312 0
1700634978392 67.89920043945312 0
1700635023203 69.84599304199219 0
1700635067309 71.78800964355469 0
1700635111544 73.72290802001953 0
1700635155845 75.6485366821289 0
1700635200832 77.57115173339844 0
1700635245904 79.49302673339844 0
1700635291023 81.41071319580078 0
1700635336059 83.31739807128906 0
1700635381577 85.21409606933594 0
1700635426817 87.10350799560547 0
1700635471962 88.98966979980469 0
1700635516885 90.87559509277344 0
1700635562112 92.75894927978516 0
1700635607043 94.62579345703125 0
1700635651838 96.46672058105469 0
1700635696726 98.29008483886719 0
1700635741891 100.09944152832031 0
1700635786187 101.90128326416016 0
1700635830264 103.70237731933594 0
1700635875057 105.50852966308594 0
1700635920312 107.31733703613281 0
1700635965302 109.12589263916016 0
1700636010287 110.93594360351562 0
1700636055419 112.75389862060547 0
1700636100150 114.57942962646484 0
1700636145084 116.41089630126953 0
1700636190063 118.24427032470703 0
1700636234667 120.07164764404297 0
1700636279503 121.88182067871094 0
1700636324249 123.68092346191406 0
1700636369100 125.47434997558594 0
1700636414068 127.26734161376953 0
1700636458776 129.05628967285156 0
1700636503052 130.83766174316406 0
1700636547999 132.61196899414062 0
1700636591972 134.382080078125 0
1700636636447 136.14427185058594 0
1700636681539 137.90121459960938 0
1700636725936 139.65682983398438 0
1700636770277 141.4159393310547 0
1700636817225 143.17893981933594 0
1700636864681 144.94607543945312 0
1700636912143 146.7174072265625 0
1700636956411 148.4885711669922 0
1700637001653 150.252197265625 0
1700637046881 152.0047149658203 0
1700637092045 153.75112915039062 0
1700637137288 155.48291015625 0
1700637182356 157.17779541015625 0
1700637227694 158.82177734375 0
1700637272886 160.3997802734375 0
1700637318208 161.89727783203125 0
1700637363334 163.2971649169922 0
1700637408236 164.57437133789062 0
1700637452135 165.6981658935547 0
1700637496467 166.68911743164062 0
1700637541725 167.61688232421875 0
1700637586604 168.49583435058594 0
1700637630632 169.33306884765625 0
1700637675032 170.13424682617188 0
1700637720155 170.9014129638672 0
1700637765367 171.63674926757812 0
1700637810568 172.3423614501953 0
1700637855731 173.02003479003906 0
1700637900863 173.67149353027344 0
1700637945602 174.29840087890625 0
1700637989435 174.9013671875 0
1700638033682 175.48182678222656 0
1700638078878 176.0408477783203 0
1700638124114 176.57923889160156 0
1700638168555 177.09841918945312 0
1700638212564 177.59934997558594 0
1700638256866 178.08302307128906 0
1700638300644 178.54953002929688 0
1700638344551 178.99952697753906 0
1700638388655 179.43385314941406 0
1700638433278 179.8529815673828 0
1700638478495 180.2576904296875 0
1700638523698 180.64865112304688 0
1700638568862 181.02642822265625 0
1700638614118 181.3919219970703 0
1700638659275 181.74520874023438 0
1700638706356 182.08763122558594 0
1700638754161 182.41961669921875 0
1700638802320 182.7394256591797 0
1700638846678 183.0495147705078 0
1700638891035 183.3485565185547 0
1700638935985 183.63819885253906 0
1700638981019 183.9199676513672 0
1700639026435 184.1931915283203 0
1700639071503 184.456787109375 0
1700639116651 184.71267700195312 0
1700639161745 184.96217346191406 0
1700639206108 185.2059783935547 0
1700639249863 185.4438934326172 0
1700639333980 185.67633056640625 0
1700639378223 185.9021759033203 0
1700639422732 186.11341857910156 0
1700639467477 186.30996704101562 0
1700639512072 186.49905395507812 0
1700639557360 186.6817169189453 0
1700639601872 186.8578338623047 0
1700639646236 187.0280303955078 0
1700639690806 187.19252014160156 0
1700639735572 187.35154724121094 0
1700639780686 187.5048370361328 0
1700639825624 187.65289306640625 0
1700639870376 187.7957763671875 0
1700639914592 187.93380737304688 0
1700639958889 188.06710815429688 0
1700640003680 188.19558715820312 0
1700640048433 188.3197784423828 0
1700640092926 188.43968200683594 0
1700640137908 188.55531311035156 0
1700640182976 188.66685485839844 0
1700640229545 188.77444458007812 0
1700640277373 188.87814331054688 0
1700640325870 188.9781036376953 0
1700640371833 189.0744171142578 0
1700640416202 189.167236328125 0
1700640460548 189.25648498535156 0
1700640505432 189.3424072265625 0
1700640549639 189.4251708984375 0
1700640594184 189.50479125976562 0
1700640639466 189.58151245117188 0
1700640684845 189.6553955078125 0
1700640730250 189.7263946533203 0
1700640775573 189.7947235107422 0
1700640820781 189.86045837402344 0
1700640866041 189.92369079589844 0
1700640910976 189.9844970703125 0
1700640955948 190.04295349121094 0
1700641001252 190.09915161132812 0
1700641046242 190.15309143066406 0
1700641090796 190.2048797607422 0
1700641135484 190.25460815429688 0
1700641180201 190.3023223876953 0
1700641225438 190.34805297851562 0
1700641270798 190.39181518554688 0
1700641315832 190.43386840820312 0
1700641360719 190.47413635253906 0
1700641405783 190.51280212402344 0
1700641450558 190.5498046875 0
1700641494784 190.58535766601562 0
1700641539205 190.6194610595703 0
1700641583567 190.65211486816406 0
1700641628149 190.68341064453125 0
1700641672572 190.71336364746094 0
1700641717029 190.74203491210938 0
1700641761415 190.76947021484375 0
1700641805716 190.79571533203125 0
1700641850469 190.8207550048828 0
1700641895099 190.84469604492188 0
1700641940302 190.86758422851562 0
1700641985526 190.8894500732422 0
1700642030716 190.9102783203125 0
1700642075704 190.93016052246094 0
1700642120582 190.9491424560547 0
1700642166088 190.96725463867188 0
1700642214209 190.9845733642578 0
1700642262010 191.00108337402344 0
1700642308987 191.0167999267578 0
1700642353466 191.0317840576172 0
1700642397716 191.0460968017578 0
1700642442329 191.05970764160156 0
1700642487271 191.07266235351562 0
1700642532196 191.08499145507812 0
1700642576768 191.0967254638672 0
1700642621089 191.1077880859375 0
1700642665168 191.1183319091797 0
1700642710187 191.12835693359375 0
1700642755477 191.13787841796875 0
1700642800444 191.14694213867188 0
1700642845368 191.1555633544922 0
1700642890129 191.1637420654297 0
1700642934684 191.17152404785156 0
1700642979301 191.17892456054688 0
1700643024091 191.1859130859375 0
1700643068852 191.1925048828125 0
1700643113492 191.19876098632812 0
1700643158776 191.2047119140625 0
1700643203981 191.21031188964844 0
1700643248380 191.2156524658203 0
1700643292565 191.220703125 0
1700643336995 191.22549438476562 0
1700643381636 191.23001098632812 0
1700643426338 191.23426818847656 0
1700643471347 191.23831176757812 0
1700643516328 191.24212646484375 0
1700643560959 191.2457275390625 0
1700643605592 191.24913024902344 0
1700643650202 191.2523651123047 0
1700643694832 191.25537109375 0
1700643739633 191.25820922851562 0
1700643784424 191.26083374023438 0
1700643828997 191.2633514404297 0
1700643873830 191.2657470703125 0
1700643918576 191.2680206298828 0
1700643962940 191.27015686035156 0
1700644007608 191.2721710205078 0
1700644052222 191.27406311035156 0
1700644096919 191.27584838867188 0
1700644141702 191.27752685546875 0
1700644187296 191.27906799316406 0
1700644231758 191.2804412841797 0
1700644275985 191.28175354003906 0
1700644320176 191.28297424316406 0
1700644364508 191.28419494628906 0
1700644410412 191.28530883789062 0
1700644458765 191.286376953125 0
1700644507630 191.28738403320312 0
1700644553533 191.28829956054688 0
1700644598482 191.28912353515625 0
1700644643812 191.28988647460938 0
1700644689125 191.2906494140625 0
1700644733991 191.29139709472656 0
1700644778569 191.29200744628906 0
1700644823372 191.29261779785156 0
1700644868274 191.29322814941406 0
1700644913569 191.29379272460938 0
1700644958220 191.29425048828125 0
1700645002448 191.29470825195312 0
1700645046864 191.295166015625 0
1700645091084 191.29562377929688 0
1700645135600 191.29600524902344 0
1700645179688 191.2963104248047 0
1700645224248 191.29661560058594 0
1700645268947 191.2969207763672 0
1700645313916 191.29722595214844 0
