1700633304375 4.9981217129977465e-05 0
1700633344211 4.981217129977461e-05 0
1700633388971 4.962434259954921e-05 0
1700633437428 4.943651389932382e-05 0
1700633485296 4.924868519909843e-05 0
1700633533524 4.9060856498873034e-05 0
1700633578027 4.887302779864764e-05 0
1700633622278 4.8685199098422243e-05 0
1700633667371 4.849737039819685e-05 0
1700633712738 4.830954169797145e-05 0
1700633758133 4.812171299774606e-05 0
1700633804278 4.793388429752066e-05 0
1700633849531 4.774605559729527e-05 0
1700633894622 4.755822689706987e-05 0
1700633939686 4.737039819684448e-05 0
1700633983934 4.718256949661908e-05 0
1700634029210 4.6994740796393694e-05 0
1700634074094 4.68069120961683e-05 0
1700634118760 4.6619083395942904e-05 0
1700634163494 4.643125469571751e-05 0
1700634208130 4.6243425995492114e-05 0
1700634253082 4.605559729526672e-05 0
1700634298582 4.586776859504133e-05 0
1700634343547 4.567993989481593e-05 0
1700634388658 4.5492111194590534e-05 0
1700634432957 4.530428249436514e-05 0
1700634477610 4.511645379413974e-05 0
1700634522646 4.492862509391435e-05 0
1700634567166 4.474079639368895e-05 0
1700634612081 4.4552967693463565e-05 0
1700634658406 4.436513899323817e-05 0
1700634705690 4.4177310293012775e-05 0
1700634753644 4.398948159278738e-05 0
1700634799433 4.3801652892561984e-05 0
1700634843814 4.361382419233659e-05 0
1700634888620 4.34259954921112e-05 0
1700634933683 4.3238166791885806e-05 0
1700634978390 4.305033809166041e-05 0
1700635023201 4.2862509391435016e-05 0
1700635067308 4.267468069120962e-05 0
1700635111542 4.2486851990984225e-05 0
1700635155843 4.229902329075883e-05 0
1700635200831 4.2111194590533435e-05 0
1700635245903 4.192336589030804e-05 0
1700635291021 4.1735537190082645e-05 0
1700635336057 4.154770848985725e-05 0
1700635381575 4.1359879789631855e-05 0
1700635426816 4.1172051089406467e-05 0
1700635471961 4.098422238918107e-05 0
1700635516883 4.0796393688955676e-05 0
1700635562110 4.060856498873028e-05 0
1700635607041 4.0420736288504886e-05 0
1700635651836 4.023290758827949e-05 0
1700635696724 4.0045078888054096e-05 0
1700635741890 3.98572501878287e-05 0
1700635786185 3.9669421487603306e-05 0
1700635830263 3.948159278737791e-05 0
1700635875056 3.9293764087152516e-05 0
1700635920311 3.910593538692712e-05 0
1700635965300 3.8918106686701725e-05 0
1700636010285 3.873027798647634e-05 0
1700636055418 3.854244928625094e-05 0
1700636100149 3.835462058602555e-05 0
1700636145082 3.816679188580015e-05 0
1700636190061 3.7978963185574757e-05 0
1700636234666 3.779113448534936e-05 0
1700636279502 3.760330578512397e-05 0
1700636324247 3.741547708489858e-05 0
1700636369098 3.722764838467318e-05 0
1700636414066 3.703981968444779e-05 0
1700636458774 3.685199098422239e-05 0
1700636503051 3.6664162283997e-05 0
1700636547998 3.64763335837716e-05 0
1700636591970 3.628850488354621e-05 0
1700636636446 3.610067618332081e-05 0
1700636681537 3.591284748309542e-05 0
1700636725934 3.572501878287002e-05 0
1700636770275 3.553719008264463e-05 0
1700636817224 3.534936138241923e-05 0
1700636864679 3.5161532682193844e-05 0
1700636912142 3.497370398196845e-05 0
1700636956410 3.4785875281743053e-05 0
1700637001652 3.459804658151766e-05 0
1700637046880 3.441021788129226e-05 0
1700637092043 3.422238918106687e-05 0
1700637137287 3.403456048084147e-05 0
1700637182354 3.384673178061608e-05 0
1700637227693 3.365890308039068e-05 0
1700637272885 3.347107438016529e-05 0
1700637318206 3.328324567993989e-05 0
1700637363332 3.30954169797145e-05 0
1700637408234 3.290758827948911e-05 0
1700637452134 3.2719759579263714e-05 0
1700637496466 3.253193087903832e-05 0
1700637541723 3.2344102178812924e-05 0
1700637586602 3.215627347858753e-05 0
1700637630630 3.1968444778362134e-05 0
1700637675030 3.1780616078136745e-05 0
1700637720154 3.159278737791135e-05 0
1700637765366 3.1404958677685955e-05 0
1700637810566 3.121712997746056e-05 0
1700637855729 3.1029301277235165e-05 0
1700637900862 3.084147257700977e-05 0
1700637945600 3.0653643876784375e-05 0
1700637989434 3.0465815176558983e-05 0
1700638033681 3.0277986476333588e-05 0
1700638078876 3.009015777610819e-05 0
1700638124113 2.9902329075882794e-05 0
1700638168553 2.97145003756574e-05 0
1700638212562 2.9526671675432004e-05 0
1700638256864 2.9338842975206616e-05 0
1700638300642 2.915101427498122e-05 0
1700638344550 2.8963185574755826e-05 0
1700638388653 2.877535687453043e-05 0
1700638433277 2.8587528174305035e-05 0
1700638478494 2.8399699474079637e-05 0
1700638523697 2.821187077385425e-05 0
1700638568860 2.8024042073628854e-05 0
1700638614116 2.783621337340346e-05 0
1700638659273 2.7648384673178063e-05 0
1700638706354 2.7460555972952668e-05 0
1700638754160 2.7272727272727273e-05 0
1700638802319 2.708489857250188e-05 0
1700638846677 2.6897069872276486e-05 0
1700638891033 2.670924117205109e-05 0
1700638935984 2.6521412471825696e-05 0
1700638981018 2.63335837716003e-05 0
1700639026434 2.6145755071374906e-05 0
1700639071502 2.595792637114951e-05 0
1700639116650 2.577009767092412e-05 0
1700639161743 2.5582268970698724e-05 0
1700639206106 2.539444027047333e-05 0
1700639249862 2.5206611570247934e-05 0
1700639333978 2.501878287002254e-05 0
1700639378221 2.4830954169797147e-05 0
1700639422730 2.4643125469571752e-05 0
1700639467475 2.445529676934636e-05 0
1700639512070 2.426746806912096e-05 0
1700639557359 2.4079639368895567e-05 0
1700639601871 2.389181066867017e-05 0
1700639646235 2.370398196844478e-05 0
1700639690804 2.3516153268219385e-05 0
1700639735571 2.332832456799399e-05 0
1700639780684 2.3140495867768598e-05 0
1700639825622 2.2952667167543203e-05 0
1700639870374 2.2764838467317808e-05 0
1700639914591 2.2577009767092413e-05 0
1700639958887 2.2389181066867017e-05 0
1700640003678 2.2201352366641622e-05 0
1700640048432 2.201352366641623e-05 0
1700640092924 2.1825694966190836e-05 0
1700640137907 2.163786626596544e-05 0
1700640182975 2.145003756574005e-05 0
1700640229544 2.126220886551465e-05 0
1700640277372 2.1074380165289255e-05 0
1700640325869 2.0886551465063863e-05 0
1700640371831 2.0698722764838468e-05 0
1700640416200 2.0510894064613073e-05 0
1700640460546 2.032306536438768e-05 0
1700640505430 2.0135236664162286e-05 0
1700640549637 1.994740796393689e-05 0
1700640594182 1.9759579263711496e-05 0
1700640639465 1.95717505634861e-05 0
1700640684844 1.9383921863260706e-05 0
1700640730249 1.919609316303531e-05 0
1700640775572 1.900826446280992e-05 0
1700640820779 1.8820435762584524e-05 0
1700640866040 1.863260706235913e-05 0
1700640910974 1.8444778362133737e-05 0
1700640955946 1.825694966190834e-05 0
1700641001250 1.8069120961682944e-05 0
1700641046241 1.7881292261457552e-05 0
1700641090795 1.7693463561232157e-05 0
1700641135483 1.7505634861006762e-05 0
1700641180200 1.731780616078137e-05 0
1700641225436 1.7129977460555975e-05 0
1700641270797 1.694214876033058e-05 0
1700641315831 1.6754320060105185e-05 0
1700641360717 1.656649135987979e-05 0
1700641405781 1.6378662659654395e-05 0
1700641450557 1.6190833959429003e-05 0
1700641494783 1.6003005259203608e-05 0
1700641539203 1.5815176558978213e-05 0
1700641583566 1.562734785875282e-05 0
1700641628148 1.5439519158527422e-05 0
1700641672571 1.5251690458302029e-05 0
1700641717027 1.5063861758076636e-05 0
1700641761414 1.487603305785124e-05 0
1700641805714 1.4688204357625845e-05 0
1700641850467 1.450037565740045e-05 0
1700641895098 1.4312546957175057e-05 0
1700641940300 1.4124718256949662e-05 0
1700641985525 1.3936889556724267e-05 0
1700642030714 1.3749060856498875e-05 0
1700642075702 1.3561232156273478e-05 0
1700642120581 1.3373403456048083e-05 0
1700642166086 1.3185574755822691e-05 0
1700642214208 1.2997746055597296e-05 0
1700642262009 1.2809917355371901e-05 0
1700642308985 1.2622088655146508e-05 0
1700642353464 1.2434259954921113e-05 0
1700642397714 1.224643125469572e-05 0
1700642442327 1.2058602554470322e-05 0
1700642487269 1.1870773854244929e-05 0
1700642532194 1.1682945154019536e-05 0
1700642576766 1.149511645379414e-05 0
1700642621087 1.1307287753568745e-05 0
1700642665167 1.1119459053343352e-05 0
1700642710185 1.0931630353117957e-05 0
1700642755476 1.0743801652892564e-05 0
1700642800442 1.0555972952667167e-05 0
1700642845367 1.0368144252441773e-05 0
1700642890127 1.018031555221638e-05 0
1700642934682 9.992486851990985e-06 0
1700642979299 9.80465815176559e-06 0
1700643024090 9.616829451540196e-06 0
1700643068850 9.429000751314801e-06 0
1700643113491 9.241172051089408e-06 0
1700643158775 9.053343350864013e-06 0
1700643203980 8.865514650638618e-06 0
1700643248379 8.677685950413224e-06 0
1700643292564 8.489857250187829e-06 0
1700643336994 8.302028549962434e-06 0
1700643381635 8.11419984973704e-06 0
1700643426336 7.926371149511645e-06 0
1700643471346 7.738542449286252e-06 0
1700643516326 7.550713749060857e-06 0
1700643560958 7.362885048835462e-06 0
1700643605591 7.175056348610068e-06 0
1700643650201 6.987227648384674e-06 0
1700643694830 6.799398948159279e-06 0
1700643739632 6.611570247933885e-06 0
1700643784423 6.423741547708491e-06 0
1700643828996 6.2359128474830955e-06 0
1700643873829 6.048084147257701e-06 0
1700643918575 5.860255447032307e-06 0
1700643962939 5.672426746806912e-06 0
1700644007607 5.484598046581518e-06 0
1700644052220 5.296769346356123e-06 0
1700644096918 5.108940646130729e-06 0
1700644141701 4.921111945905334e-06 0
1700644187295 4.733283245679941e-06 0
1700644231757 4.5454545454545455e-06 0
1700644275983 4.357625845229151e-06 0
1700644320174 4.169797145003756e-06 0
1700644364506 3.981968444778363e-06 0
1700644410411 3.794139744552968e-06 0
1700644458764 3.6063110443275734e-06 0
1700644507628 3.4184823441021787e-06 0
1700644553531 3.2306536438767845e-06 0
1700644598481 3.0428249436513902e-06 0
1700644643811 2.8549962434259955e-06 0
1700644689123 2.6671675432006013e-06 0
1700644733990 2.4793388429752066e-06 0
1700644778567 2.2915101427498124e-06 0
1700644823371 2.1036814425244177e-06 0
1700644868272 1.9158527422990234e-06 0
1700644913568 1.728024042073629e-06 0
1700644958219 1.5401953418482345e-06 0
1700645002446 1.35236664162284e-06 0
1700645046863 1.1645379413974456e-06 0
1700645091082 9.767092411720513e-07 0
1700645135598 7.888805409466567e-07 0
1700645179687 6.010518407212623e-07 0
1700645224246 4.132231404958678e-07 0
1700645268946 2.2539444027047334e-07 0
1700645313915 3.756574004507889e-08 0
