1700633304372 0.325390625 0
1700633344208 1.415771484375 0
1700633388967 1.311669921875 0
1700633437425 1.530029296875 0
1700633485293 1.42138671875 0
1700633533521 8.55224609375 0
1700633578024 2.390234375 0
1700633622275 1.722265625 0
1700633667369 1.6970703125 0
1700633712735 10.53642578125 0
1700633758130 7.29921875 0
1700633804275 2.24111328125 0
1700633849529 2.811328125 0
1700633894619 2.116015625 0
1700633939683 3.1068359375 0
1700633983931 3.328515625 0
1700634029207 2.775 0
1700634074092 3.0783203125 0
1700634118757 3.9947265625 0
1700634163491 3.5458984375 0
1700634208127 7.6646484375 0
1700634253079 4.27890625 0
1700634298579 4.4748046875 0
1700634343544 4.422265625 0
1700634388654 5.540234375 0
1700634432954 4.864453125 0
1700634477608 5.18125 0
1700634522643 5.494921875 0
1700634567163 6.104296875 0
1700634612077 6.07578125 0
1700634658403 6.826953125 0
1700634705688 22.605859375 0
1700634753641 7.283984375 0
1700634799431 7.986328125 0
1700634843811 8.199609375 0
1700634888618 8.58046875 0
1700634933681 25.03203125 0
1700634978387 9.9234375 0
1700635023199 10.3234375 0
1700635067305 10.4328125 0
1700635111540 11.0234375 0
1700635155841 25.88046875 0
1700635200829 12.05 0
1700635245900 12.95 0
1700635291013 12.82109375 0
1700635336054 13.4640625 0
1700635381573 14.10234375 0
1700635426813 14.509375 0
1700635471958 15.23828125 0
1700635516881 20.04609375 0
1700635562108 29.46640625 0
1700635607038 16.703125 0
1700635651834 17.853125 0
1700635696722 18.409375 0
1700635741887 18.609375 0
1700635786183 19.2515625 0
1700635830260 20.2890625 0
1700635875053 20.159375 0
1700635920309 20.8703125 0
1700635965297 21.5578125 0
1700636010283 22.6875 0
1700636055415 22.959375 0
1700636100146 23.621875 0
1700636145080 24.33125 0
1700636190058 39.7890625 0
1700636234663 25.671875 0
1700636279499 26.1984375 0
1700636324245 26.9171875 0
1700636369095 27.687451171875 0
1700636414063 42.2203125 0
1700636458771 29.1328125 0
1700636503048 29.7765625 0
1700636547995 32.0140625 0
1700636591967 31.2828125 0
1700636636444 32.3234375 0
1700636681535 32.915625 0
1700636725931 34.165625 0
1700636770272 34.603125 0
1700636817221 35.190625 0
1700636864677 36.996875 0
1700636912139 37.446875 0
1700636956407 38.384375 0
1700637001649 38.58125 0
1700637046878 39.8125 0
1700637092041 40.39375 0
1700637137284 41.134375 0
1700637182352 41.053125 0
1700637227690 44.071875 0
1700637272882 41.509375 0
1700637318204 40.86875 0
1700637363331 41.88125 0
1700637408231 39.753125 0
1700637452131 38.359375 0
1700637496463 38.7625 0
1700637541721 38.18125 0
1700637586599 37.234375 0
1700637630627 37.0 0
1700637675028 39.484375 0
1700637720151 36.671875 0
1700637765363 35.6375 0
1700637810564 35.565625 0
1700637855727 35.934375 0
1700637900860 38.69375 0
1700637945597 37.1625 0
1700637989431 36.81875 0
1700638033678 36.909375 0
1700638078874 35.90625 0
1700638124110 50.853125 0
1700638168551 35.559375 0
1700638212559 35.50625 0
1700638256862 34.99375 0
1700638300640 34.3453125 0
1700638344547 35.71875 0
1700638388651 39.853125 0
1700638433274 34.6125 0
1700638478491 38.315625 0
1700638523695 35.971875 0
1700638568858 36.015625 0
1700638614114 35.021875 0
1700638659271 36.375 0
1700638706352 34.83125 0
1700638754157 35.303125 0
1700638802317 50.865625 0
1700638846674 36.0875 0
1700638891031 35.95 0
1700638935981 34.971875 0
1700638981015 35.6 0
1700639026431 35.259375 0
1700639071499 35.065625 0
1700639116648 36.51875 0
1700639161741 35.871875 0
1700639206103 34.946875 0
1700639249859 35.49375 0
1700639333976 36.1875 0
1700639378218 34.79375 0
1700639422727 34.5283203125 0
1700639467473 34.359375 0
1700639512068 35.7625 0
1700639557357 46.053125 0
1700639601868 34.2859375 0
1700639646232 32.7421875 0
1700639690802 33.85625 0
1700639735568 33.1203125 0
1700639780682 44.053125 0
1700639825620 32.921875 0
1700639870371 32.725 0
1700639914588 33.696875 0
1700639958884 32.434375 0
1700640003676 33.2359375 0
1700640048429 32.6046875 0
1700640092921 32.1578125 0
1700640137904 32.9640625 0
1700640182972 32.1296875 0
1700640229541 32.0953125 0
1700640277369 32.4890625 0
1700640325867 31.0046875 0
1700640371829 31.3703125 0
1700640416197 31.29375 0
1700640460543 30.3171875 0
1700640505427 31.4671875 0
1700640549634 29.415625 0
1700640594180 30.6671875 0
1700640639462 30.0078125 0
1700640684842 29.3859375 0
1700640730247 29.3265625 0
1700640775569 29.421875 0
1700640820777 29.321875 0
1700640866037 29.88125 0
1700640910972 29.7828125 0
1700640955944 29.559375 0
1700641001247 29.378125 0
1700641046238 27.884375 0
1700641090792 29.746875 0
1700641135480 28.2484375 0
1700641180197 28.315625 0
1700641225434 28.178125 0
1700641270794 28.475 0
1700641315828 28.78125 0
1700641360715 26.921875 0
1700641405779 28.0125 0
1700641450553 28.778125 0
1700641494781 27.3671875 0
1700641539201 27.8328125 0
1700641583563 27.2265625 0
1700641628146 26.90625 0
1700641672569 27.446875 0
1700641717024 26.578125 0
1700641761411 26.9828125 0
1700641805712 27.984375 0
1700641850464 27.0640625 0
1700641895095 26.6921875 0
1700641940298 26.8984375 0
1700641985522 27.909375 0
1700642030712 24.9296875 0
1700642075699 26.1375 0
1700642120579 26.9234375 0
1700642166079 25.91875 0
1700642214205 26.4234375 0
1700642262006 27.4578125 0
1700642308983 25.9828125 0
1700642353461 26.978125 0
1700642397711 26.29375 0
1700642442324 25.9796875 0
1700642487267 26.5734375 0
1700642532192 26.3078125 0
1700642576763 25.0328125 0
1700642621084 25.0234375 0
1700642665164 25.496875 0
1700642710182 25.13125 0
1700642755474 25.9421875 0
1700642800439 25.9734375 0
1700642845364 26.2625 0
1700642890124 25.08125 0
1700642934680 24.8859375 0
1700642979297 24.671875 0
1700643024087 27.1265625 0
1700643068847 24.8515625 0
1700643113488 24.9578125 0
1700643158772 24.2109375 0
1700643203978 25.7203125 0
1700643248376 25.2359375 0
1700643292561 24.6359375 0
1700643336991 26.4 0
1700643381633 24.65 0
1700643426334 24.984375 0
1700643471344 24.8921875 0
1700643516323 23.771875 0
1700643560955 24.5890625 0
1700643605589 24.4984375 0
1700643650198 24.59375 0
1700643694827 27.0078125 0
1700643739629 24.5015625 0
1700643784420 24.484375 0
1700643828993 25.334375 0
1700643873827 24.0703125 0
1700643918572 24.5796875 0
1700643962936 24.4328125 0
1700644007604 24.5625 0
1700644052217 25.6765625 0
1700644096915 25.234375 0
1700644141698 35.9890625 0
1700644187293 24.0546875 0
1700644231754 24.3453125 0
1700644275981 23.7203125 0
1700644320171 25.3796875 0
1700644364504 23.7484375 0
1700644410408 24.5984375 0
1700644458761 23.4125 0
1700644507626 23.2609375 0
1700644553529 25.3171875 0
1700644598478 23.778125 0
1700644643808 24.5765625 0
1700644689121 24.225 0
1700644733987 23.6015625 0
1700644778565 24.4265625 0
1700644823369 24.034375 0
1700644868270 22.99375 0
1700644913565 24.7234375 0
1700644958216 24.1734375 0
1700645002444 23.1375 0
1700645046860 24.4109375 0
1700645091079 23.521875 0
1700645135595 24.1484375 0
1700645179685 24.6015625 0
1700645224243 25.090625 0
1700645268944 23.815625 0
1700645313912 24.659375 0
