1700633306790 21331360.0 0
1700633346633 21687016.0 0
1700633391376 24038304.0 0
1700633439956 24442917.0 0
1700633487807 25080489.0 0
1700633536000 27185984.0 0
1700633580448 30991884.0 0
1700633624921 31628988.0 0
1700633669821 30651526.0 0
1700633715190 29698874.0 0
1700633760637 30373064.0 0
1700633806648 32673601.0 0
1700633851917 31819508.0 0
1700633897033 32371118.0 0
1700633942104 32996276.0 0
1700633986357 33682724.0 0
1700634031647 34369172.0 0
1700634076519 35018846.0 0
1700634121198 35693036.0 0
1700634165914 36416258.0 0
1700634210559 37151738.0 0
1700634255499 38022056.0 0
1700634301033 42941600.0 0
1700634345947 43395146.0 0
1700634391075 45940724.0 0
1700634435332 46394270.0 0
1700634480075 46749752.0 0
1700634525054 55314008.0 0
1700634569648 55632716.0 0
1700634614503 62435906.0 0
1700634660956 64834388.0 0
1700634708218 69962318.0 0
1700634756171 78236468.0 0
1700634801825 81615590.0 0
1700634846250 86510618.0 0
1700634891079 91111454.0 0
1700634936185 95507990.0 0
1700634980849 102931516.0 0
1700635025564 108021426.0 0
1700635069716 116988001.0 0
1700635113948 121915808.0 0
1700635158303 128768030.0 0
1700635203277 133091071.0 0
1700635248340 139014321.0 0
1700635293388 150280751.0 0
1700635338462 160958941.0 0
1700635383995 169435316.0 0
1700635429242 175869191.0 0
1700635474381 182548166.0 0
1700635519266 185644596.0 0
1700635564529 199955132.0 0
1700635609411 219464400.0 0
1700635654246 233419428.0 0
1700635699155 244940392.0 0
1700635744315 254076300.0 0
1700635788590 265058176.0 0
1700635832653 269914052.0 0
1700635877508 281116464.0 0
1700635922775 289750040.0 0
1700635967794 300735386.0 0
1700636012745 304930681.0 0
1700636057848 311192986.0 0
1700636102656 317259211.0 0
1700636147556 325441466.0 0
1700636192498 334604121.0 0
1700636237097 348529886.0 0
1700636282002 360482596.0 0
1700636326678 377472111.0 0
1700636371556 383673141.0 0
1700636416543 393777688.0 0
1700636461268 407197712.0 0
1700636505432 425040708.0 0
1700636550398 431497512.0 0
1700636594364 448274584.0 0
1700636638917 456516096.0 0
1700636684038 471737571.0 0
1700636728452 475920611.0 0
1700636772753 482305466.0 0
1700636819720 492603751.0 0
1700636867154 509090811.0 0
1700636914545 517322086.0 0
1700636958796 523608901.0 0
1700637004066 548707141.0 0
1700637049316 552743121.0 0
1700637094416 571726116.0 0
1700637139726 602286308.0 0
1700637184719 652852768.0 0
1700637230104 697313076.0 0
1700637275279 753722688.0 0
1700637320626 821437275.0 0
1700637365717 912400468.0 0
1700637410641 1027502456.0 0
1700637454529 1145144539.0 0
1700637498860 1172228632.0 0
1700637544151 1223795501.0 0
1700637589030 1282508522.0 0
1700637633073 1324216761.0 0
1700637677466 1368612286.0 0
1700637722585 1415639630.0 0
1700637767730 1463758667.0 0
1700637813007 1507680237.0 0
1700637858182 1551139452.0 0
1700637903323 1592981934.0 0
1700637947970 1636518056.0 0
1700637991872 1680654572.0 0
1700638036078 1722693264.0 0
1700638081285 1766188922.0 0
1700638126483 1810994016.0 0
1700638170994 1847976542.0 0
1700638214958 1891261916.0 0
1700638259242 1932936366.0 0
1700638303056 1970138461.0 0
1700638346945 2008748362.0 0
1700638391047 2047857470.0 0
1700638435664 2085071936.0 0
1700638480862 2122557128.0 0
1700638526124 2165959390.0 0
1700638571234 2200837757.0 0
1700638616520 2234706242.0 0
1700638661665 2274546115.0 0
1700638708890 2308725146.0 0
1700638756638 2347194294.0 0
1700638804817 2380740260.0 0
1700638849069 2421691584.0 0
1700638893464 2456009484.0 0
1700638938419 2489290446.0 0
1700638983405 2522436442.0 0
1700639028875 2560431582.0 0
1700639073953 2593623941.0 0
1700639119154 2627545508.0 0
1700639164111 2656565856.0 0
1700639208524 2686542201.0 0
1700639252237 2719610032.0 0
1700639336351 2752825188.0 0
1700639380584 2779163038.0 0
1700639425401 2798339030.0 0
1700639469863 2803599192.0 0
1700639514465 2812595024.0 0
1700639559787 2822197704.0 0
1700639604272 2828977592.0 0
1700639648637 2838303688.0 0
1700639693220 2845601772.0 0
1700639738078 2854500192.0 0
1700639783109 2860263926.0 0
1700639827981 2872207358.0 0
1700639872770 2880084874.0 0
1700639917026 2887754528.0 0
1700639961260 2895968411.0 0
1700640006026 2898726064.0 0
1700640050901 2908753334.0 0
1700640095350 2915626652.0 0
1700640140346 2921138405.0 0
1700640185469 2928994118.0 0
1700640232365 2934629963.0 0
1700640280084 2940358877.0 0
1700640328462 2947459697.0 0
1700640374204 2953619486.0 0
1700640418600 2958696917.0 0
1700640462959 2964806984.0 0
1700640507832 2972009856.0 0
1700640551996 2978502440.0 0
1700640596560 2982888296.0 0
1700640641925 2990795381.0 0
1700640687207 2996090688.0 0
1700640732628 3001300616.0 0
1700640777918 3007865608.0 0
1700640823140 3012592816.0 0
1700640868442 3017826880.0 0
1700640913329 3024857352.0 0
1700640958295 3030408632.0 0
1700641003644 3033935936.0 0
1700641048621 3038308000.0 0
1700641093185 3043404144.0 0
1700641137832 3047965848.0 0
1700641182565 3052662024.0 0
1700641227813 3055837632.0 0
1700641273188 3062695704.0 0
1700641318232 3067174656.0 0
1700641363081 3069988224.0 0
1700641408173 3074901624.0 0
1700641452942 3078984056.0 0
1700641497139 3082449296.0 0
1700641541571 3086700680.0 0
1700641585966 3090207296.0 0
1700641630560 3095531008.0 0
1700641674988 3098965216.0 0
1700641719404 3101675344.0 0
1700641763877 3102942009.0 0
1700641808071 3108315551.0 0
1700641852914 3112068063.0 0
1700641897478 3114810018.0 0
1700641942798 3116900112.0 0
1700641988007 3122563370.0 0
1700642033168 3124456871.0 0
1700642078041 3127229867.0 0
1700642122933 3131127237.0 0
1700642168876 3133186290.0 0
1700642216953 3135317772.0 0
1700642264474 3139546246.0 0
1700642311385 3143443616.0 0
1700642355863 3146082101.0 0
1700642400080 3148523993.0 0
1700642444707 3150914150.0 0
1700642489672 3153283613.0 0
1700642534803 3155373707.0 0
1700642579186 3157691435.0 0
1700642623487 3159809121.0 0
1700642667552 3162157890.0 0
1700642712555 3164082432.0 0
1700642757891 3166296690.0 0
1700642802839 3168262620.0 0
1700642847758 3170249244.0 0
1700642892502 3171997887.0 0
1700642937020 3174501861.0 0
1700642981725 3176250504.0 0
1700643026533 3178123311.0 0
1700643071257 3179727096.0 0
1700643115861 3181061859.0 0
1700643161138 3182613909.0 0
1700643206411 3184990270.0 0
1700643250783 3186335380.0 0
1700643294924 3188270269.0 0
1700643339371 3189956830.0 0
1700643384032 3191736514.0 0
1700643428757 3192398722.0 0
1700643473740 3194526755.0 0
1700643518802 3196770026.0 0
1700643563369 3198146576.0 0
1700643607935 3198664076.0 0
1700643652568 3200585726.0 0
1700643697180 3203314676.0 0
1700643742045 3204598076.0 0
1700643786842 3204173726.0 0
1700643831399 3205891826.0 0
1700643876205 3206885426.0 0
1700643920947 3207816926.0 0
1700643965620 3208717376.0 0
1700644009956 3209907626.0 0
1700644054652 3210880526.0 0
1700644099379 3213440329.0 0
1700644144144 3212757284.0 0
1700644189673 3214204892.0 0
1700644234136 3214992176.0 0
1700644278415 3214265378.0 0
1700644322556 3217356708.0 0
1700644366921 3219836680.0 0
1700644413027 3223228508.0 0
1700644461618 3222133590.0 0
1700644510214 3222579156.0 0
1700644556121 3223045446.0 0
1700644600873 3222216486.0 0
1700644646300 3224205990.0 0
1700644691515 3223667166.0 0
1700644736348 3226202402.0 0
1700644780951 3227659990.0 0
1700644825803 3227048632.0 0
1700644870661 3227483836.0 0
1700644915988 3227069356.0 0
1700644960666 3228775632.0 0
1700645004867 3229190112.0 0
1700645049271 3229500972.0 0
1700645093469 3230091606.0 0
1700645137984 3230433552.0 0
1700645182066 3231283236.0 0
1700645226630 3231241788.0 0
1700645271327 3232243364.0 0
1700645316297 3232802750.0 0
