1700633306792 0.0032939070864662604 0
1700633346634 0.0033488261267311213 0
1700633391377 0.00371190303347889 0
1700633439957 0.0037743818265786443 0
1700633487808 0.0038728332581297723 0
1700633536002 0.0041979557491954745 0
1700633580449 0.004785648281710135 0
1700633624923 0.004884027446489878 0
1700633669822 0.004733091500138989 0
1700633715191 0.0045859866191686124 0
1700633760639 0.004690092462332138 0
1700633806649 0.005045332593621368 0
1700633851918 0.0049134468167557 0
1700633897034 0.004998624324798584 0
1700633942106 0.005095158833913853 0
1700633986359 0.005201157510589442 0
1700634031649 0.00530715618726503 0
1700634076520 0.005407476363404427 0
1700634121200 0.005511582206567952 0
1700634165916 0.005623259383779733 0
1700634210560 0.005736829394503579 0
1700634255500 0.005871220573860129 0
1700634301035 0.00663087775670185 0
1700634345948 0.006700912596648221 0
1700634391077 0.00709399102265353 0
1700634435333 0.007164025862599901 0
1700634480076 0.00721891803444976 0
1700634525055 0.008541377714878538 0
1700634569650 0.008590591386192203 0
1700634614504 0.009641113985387773 0
1700634660957 0.010011478409248313 0
1700634708219 0.010803313761795124 0
1700634756172 0.012080976382438383 0
1700634801826 0.01260276748726405 0
1700634846251 0.013358639003081643 0
1700634891080 0.014069082514609697 0
1700634936186 0.014747978800936683 0
1700634980850 0.015894291314436364 0
1700635025566 0.016680255763888978 0
1700635069717 0.018064840006704774 0
1700635113950 0.018825773130426753 0
1700635158304 0.01988386706367058 0
1700635203278 0.020551414532982624 0
1700635248341 0.021466060160355245 0
1700635293389 0.02320577922262676 0
1700635338463 0.024854664512248853 0
1700635383996 0.02616355394452347 0
1700635429243 0.027157048332876493 0
1700635474382 0.028188390126500106 0
1700635519267 0.02866652901308524 0
1700635564531 0.030876307289835085 0
1700635609412 0.033888853893378854 0
1700635654248 0.03604373598345821 0
1700635699156 0.03782275921322521 0
1700635744316 0.039233491210739845 0
1700635788591 0.04092927053184707 0
1700635832654 0.04167909634545677 0
1700635877509 0.043408929992833904 0
1700635922776 0.044742093802733744 0
1700635967795 0.04643840894797923 0
1700636012746 0.04708623036819418 0
1700636057850 0.04805323157285779 0
1700636102658 0.04898995485330493 0
1700636147557 0.050253427399254834 0
1700636192499 0.05166828956628711 0
1700636237098 0.053818652975744535 0
1700636282003 0.055664344772773704 0
1700636326679 0.05828780074811352 0
1700636371557 0.05924534010145948 0
1700636416544 0.06080564563138497 0
1700636461269 0.06287791444847621 0
1700636505433 0.06563316169798065 0
1700636550400 0.06663019669488304 0
1700636594365 0.06922084803408292 0
1700636638919 0.07049347081950291 0
1700636684039 0.07284391281518293 0
1700636728453 0.07348984186513437 0
1700636772754 0.07447576677243327 0
1700636819722 0.07606598858388594 0
1700636867155 0.07861185737842105 0
1700636914546 0.07988289940542508 0
1700636958797 0.08085368535061574 0
1700637004068 0.0847292596503243 0
1700637049317 0.08535248025711337 0
1700637094417 0.08828376179532066 0
1700637139728 0.09300274984824225 0
1700637184721 0.10081102934526039 0
1700637230105 0.1076764201870854 0
1700637275280 0.11638697688443674 0
1700637320627 0.1268432046156473 0
1700637365718 0.14088939323326466 0
1700637410642 0.15866300232052186 0
1700637454531 0.17682884316987943 0
1700637498861 0.1810110653002645 0
1700637544152 0.1889738241316741 0
1700637589032 0.19804006444357838 0
1700637633074 0.20448049130835064 0
1700637677467 0.21133587860690498 0
1700637722587 0.21859766133708658 0
1700637767732 0.22602801912806814 0
1700637813008 0.23281022010689573 0
1700637858183 0.2395210259936634 0
1700637903325 0.24598218214944237 0
1700637947971 0.2527048637212249 0
1700637991874 0.2595202558398864 0
1700638036080 0.26601170999398505 0
1700638081286 0.27272814326953393 0
1700638126485 0.27964677464776705 0
1700638170995 0.28535747497192937 0
1700638214959 0.292041436995867 0
1700638259243 0.2984766462923949 0
1700638303058 0.30422125162238284 0
1700638346947 0.310183244974502 0
1700638391048 0.31622232396367916 0
1700638435665 0.3219688395762073 0
1700638480864 0.3277571596629879 0
1700638526126 0.33445917108516 0
1700638571235 0.33984495521827063 0
1700638616522 0.345074797232534 0
1700638661666 0.3512267181601549 0
1700638708891 0.35650451350088563 0
1700638756639 0.3624447723126782 0
1700638804818 0.36762481217557286 0
1700638849071 0.3739483591188421 0
1700638893465 0.3792475980798198 0
1700638938420 0.3843867170378334 0
1700638983406 0.3895049950619436 0
1700639028876 0.39537205936995196 0
1700639073954 0.4004974965913308 0
1700639119155 0.405735535325164 0
1700639164112 0.4102167465526205 0
1700639208526 0.4148455791831634 0
1700639252238 0.41995178726670657 0
1700639336353 0.4250807447136993 0
1700639380586 0.42914773485203483 0
1700639425402 0.43210881824938124 0
1700639469865 0.43292107236200045 0
1700639514466 0.4343101743589411 0
1700639559788 0.43579298350477463 0
1700639604274 0.4368399078981864 0
1700639648638 0.4382800079997957 0
1700639693221 0.43940695023907284 0
1700639738079 0.4407810102472651 0
1700639783111 0.44167102402356007 0
1700639827982 0.4435152831472881 0
1700639872771 0.44473169906151727 0
1700639917028 0.4459160177201187 0
1700639961261 0.4471843741409519 0
1700640006027 0.4476102003779436 0
1700640050902 0.4491585730888683 0
1700640095351 0.4502199245858069 0
1700640140348 0.45107102841910923 0
1700640185470 0.45228407759740563 0
1700640232366 0.45315434324309 0
1700640280085 0.4540389802480609 0
1700640328464 0.45513546173436653 0
1700640374205 0.4560866328101084 0
1700640418601 0.45687067030007356 0
1700640462960 0.45781416349460424 0
1700640507833 0.458926403460725 0
1700640551998 0.45992896346848244 0
1700640596561 0.46060621059002654 0
1700640641926 0.46182719243622816 0
1700640687209 0.46264487350542927 0
1700640732630 0.46344937067575404 0
1700640777919 0.4644631116501408 0
1700640823142 0.4651930690429371 0
1700640868443 0.46600129320213834 0
1700640913330 0.46708691181914175 0
1700640958296 0.46794411926071877 0
1700641003645 0.46848879206365873 0
1700641048622 0.46916390947727343 0
1700641093187 0.4699508365571808 0
1700641137833 0.4706552374548245 0
1700641182567 0.47138040300477974 0
1700641227814 0.4718707682555204 0
1700641273189 0.4729297655234065 0
1700641318234 0.47362138817347393 0
1700641363082 0.47405584859106825 0
1700641408174 0.47481455704091124 0
1700641452943 0.4754449505880089 0
1700641497140 0.4759800397052666 0
1700641541572 0.4766365221744992 0
1700641585967 0.47717800041554503 0
1700641630562 0.4780000676762872 0
1700641674989 0.47853036495070383 0
1700641719405 0.4789488525588278 0
1700641763878 0.4791444461271553 0
1700641808072 0.4799742079460559 0
1700641852915 0.4805536565076502 0
1700641897480 0.4809770587194769 0
1700641942800 0.4812998030469825 0
1700641988009 0.4821743017033592 0
1700642033169 0.48246668889114896 0
1700642078042 0.4828948843355624 0
1700642122934 0.4834967013158947 0
1700642168877 0.48381465241081356 0
1700642216955 0.48414378771510147 0
1700642264475 0.4847967325096921 0
1700642311387 0.48539854949002437 0
1700642355864 0.48580597425989536 0
1700642400081 0.48618304189005046 0
1700642444708 0.4865521207992277 0
1700642489673 0.4869180042200138 0
1700642534805 0.4872407485475194 0
1700642579188 0.48759864324732766 0
1700642623489 0.48792564822602147 0
1700642667554 0.48828833615841644 0
1700642712556 0.4885855165787929 0
1700642757893 0.4889274338366454 0
1700642802840 0.4892310052338042 0
1700642847759 0.48953777211935406 0
1700642892503 0.4898077908884058 0
1700642937022 0.4901944449837344 0
1700642981727 0.49046446375278613 0
1700643026535 0.49075365545218474 0
1700643071258 0.49100130580249846 0
1700643115862 0.4912074148037273 0
1700643161140 0.4914470764330632 0
1700643206413 0.4918140250166463 0
1700643250784 0.49202173176207076 0
1700643294925 0.4923205099266428 0
1700643339372 0.49258094223052107 0
1700643384033 0.49285575423215955 0
1700643428759 0.49295800986067617 0
1700643473742 0.4932866125835656 0
1700643518803 0.49363300991799547 0
1700643563370 0.4938455715080617 0
1700643607937 0.493925481880267 0
1700643652569 0.4942222157290562 0
1700643697182 0.49464360975848576 0
1700643742047 0.49484178748155505 0
1700643786844 0.49477626097634664 0
1700643831401 0.4950415634120684 0
1700643876206 0.4951949913267027 0
1700643920949 0.49533882999667234 0
1700643965621 0.49547787404430965 0
1700644009957 0.4956616679003819 0
1700644054653 0.495811899400128 0
1700644099381 0.4962071743962678 0
1700644144145 0.4961017011978466 0
1700644189674 0.4963252352927015 0
1700644234137 0.4964468046791195 0
1700644278417 0.4963345753096546 0
1700644322558 0.49681192667373103 0
1700644366922 0.49719487447195104 0
1700644413028 0.4977186275887366 0
1700644461620 0.497549554535762 0
1700644510215 0.49761835713460656 0
1700644556122 0.4976903598543276 0
1700644600874 0.497562355019268 0
1700644646301 0.49786956662341103 0
1700644691516 0.4977863634806223 0
1700644736349 0.4981778449345129 0
1700644780953 0.49840292010282605 0
1700644825805 0.4983085165369696 0
1700644870662 0.49837571907537587 0
1700644915989 0.49831171665784607 0
1700644960668 0.4985751932766771 0
1700645004868 0.4986391956942069 0
1700645049273 0.49868719750735424 0
1700645093470 0.4987784009523342 0
1700645137986 0.49883120294679634 0
1700645182068 0.49896240790273244 0
1700645226632 0.4989560076609794 0
1700645271328 0.49911066719905084 0
1700645316298 0.4991970454472952 0
