1700633306791 6454674016.0 0
1700633346633 6454318360.0 0
1700633391377 6451967072.0 0
1700633439956 6451562459.0 0
1700633487807 6450924887.0 0
1700633536001 6448819392.0 0
1700633580448 6445013492.0 0
1700633624922 6444376388.0 0
1700633669821 6445353850.0 0
1700633715190 6446306502.0 0
1700633760638 6445632312.0 0
1700633806648 6443331775.0 0
1700633851917 6444185868.0 0
1700633897034 6443634258.0 0
1700633942105 6443009100.0 0
1700633986358 6442322652.0 0
1700634031648 6441636204.0 0
1700634076520 6440986530.0 0
1700634121199 6440312340.0 0
1700634165915 6439589118.0 0
1700634210559 6438853638.0 0
1700634255499 6437983320.0 0
1700634301034 6433063776.0 0
1700634345948 6432610230.0 0
1700634391076 6430064652.0 0
1700634435332 6429611106.0 0
1700634480076 6429255624.0 0
1700634525055 6420691368.0 0
1700634569649 6420372660.0 0
1700634614504 6413569470.0 0
1700634660956 6411170988.0 0
1700634708218 6406043058.0 0
1700634756171 6397768908.0 0
1700634801825 6394389786.0 0
1700634846251 6389494758.0 0
1700634891080 6384893922.0 0
1700634936186 6380497386.0 0
1700634980849 6373073860.0 0
1700635025565 6367983950.0 0
1700635069717 6359017375.0 0
1700635113949 6354089568.0 0
1700635158304 6347237346.0 0
1700635203278 6342914305.0 0
1700635248340 6336991055.0 0
1700635293389 6325724625.0 0
1700635338463 6315046435.0 0
1700635383996 6306570060.0 0
1700635429243 6300136185.0 0
1700635474381 6293457210.0 0
1700635519267 6290360780.0 0
1700635564530 6276050244.0 0
1700635609411 6256540976.0 0
1700635654247 6242585948.0 0
1700635699155 6231064984.0 0
1700635744315 6221929076.0 0
1700635788590 6210947200.0 0
1700635832653 6206091324.0 0
1700635877509 6194888912.0 0
1700635922775 6186255336.0 0
1700635967795 6175269990.0 0
1700636012745 6171074695.0 0
1700636057849 6164812390.0 0
1700636102657 6158746165.0 0
1700636147556 6150563910.0 0
1700636192498 6141401255.0 0
1700636237098 6127475490.0 0
1700636282002 6115522780.0 0
1700636326678 6098533265.0 0
1700636371556 6092332235.0 0
1700636416544 6082227688.0 0
1700636461268 6068807664.0 0
1700636505432 6050964668.0 0
1700636550399 6044507864.0 0
1700636594365 6027730792.0 0
1700636638918 6019489280.0 0
1700636684039 6004267805.0 0
1700636728452 6000084765.0 0
1700636772754 5993699910.0 0
1700636819721 5983401625.0 0
1700636867155 5966914565.0 0
1700636914546 5958683290.0 0
1700636958796 5952396475.0 0
1700637004067 5927298235.0 0
1700637049316 5923262255.0 0
1700637094417 5904279260.0 0
1700637139727 5873719068.0 0
1700637184720 5823152608.0 0
1700637230105 5778692300.0 0
1700637275279 5722282688.0 0
1700637320626 5654568101.0 0
1700637365717 5563604908.0 0
1700637410641 5448502920.0 0
1700637454530 5330860837.0 0
1700637498860 5303776744.0 0
1700637544151 5252209875.0 0
1700637589031 5193496854.0 0
1700637633074 5151788615.0 0
1700637677467 5107393090.0 0
1700637722586 5060365746.0 0
1700637767731 5012246709.0 0
1700637813008 4968325139.0 0
1700637858183 4924865924.0 0
1700637903324 4883023442.0 0
1700637947971 4839487320.0 0
1700637991873 4795350804.0 0
1700638036079 4753312112.0 0
1700638081286 4709816454.0 0
1700638126484 4665011360.0 0
1700638170995 4628028834.0 0
1700638214958 4584743460.0 0
1700638259243 4543069010.0 0
1700638303057 4505866915.0 0
1700638346946 4467257014.0 0
1700638391048 4428147906.0 0
1700638435665 4390933440.0 0
1700638480863 4353448248.0 0
1700638526125 4310045986.0 0
1700638571235 4275167619.0 0
1700638616521 4241299134.0 0
1700638661666 4201459261.0 0
1700638708891 4167280230.0 0
1700638756639 4128811082.0 0
1700638804817 4095265116.0 0
1700638849070 4054313792.0 0
1700638893464 4019995892.0 0
1700638938419 3986714930.0 0
1700638983406 3953568934.0 0
1700639028875 3915573794.0 0
1700639073954 3882381435.0 0
1700639119154 3848459868.0 0
1700639164111 3819439520.0 0
1700639208525 3789463175.0 0
1700639252237 3756395344.0 0
1700639336352 3723180188.0 0
1700639380585 3696842338.0 0
1700639425401 3677666346.0 0
1700639469864 3672406184.0 0
1700639514466 3663410352.0 0
1700639559788 3653807672.0 0
1700639604273 3647027784.0 0
1700639648637 3637701688.0 0
1700639693220 3630403604.0 0
1700639738079 3621505184.0 0
1700639783110 3615741450.0 0
1700639827982 3603798018.0 0
1700639872770 3595920502.0 0
1700639917027 3588250848.0 0
1700639961260 3580036965.0 0
1700640006026 3577279312.0 0
1700640050902 3567252042.0 0
1700640095350 3560378724.0 0
1700640140347 3554866971.0 0
1700640185470 3547011258.0 0
1700640232366 3541375413.0 0
1700640280085 3535646499.0 0
1700640328463 3528545679.0 0
1700640374204 3522385890.0 0
1700640418600 3517308459.0 0
1700640462960 3511198392.0 0
1700640507833 3503995520.0 0
1700640551997 3497502936.0 0
1700640596561 3493117080.0 0
1700640641925 3485209995.0 0
1700640687208 3479914688.0 0
1700640732629 3474704760.0 0
1700640777918 3468139768.0 0
1700640823141 3463412560.0 0
1700640868443 3458178496.0 0
1700640913329 3451148024.0 0
1700640958295 3445596744.0 0
1700641003644 3442069440.0 0
1700641048621 3437697376.0 0
1700641093186 3432601232.0 0
1700641137832 3428039528.0 0
1700641182566 3423343352.0 0
1700641227814 3420167744.0 0
1700641273189 3413309672.0 0
1700641318233 3408830720.0 0
1700641363081 3406017152.0 0
1700641408173 3401103752.0 0
1700641452942 3397021320.0 0
1700641497139 3393556080.0 0
1700641541571 3389304696.0 0
1700641585967 3385798080.0 0
1700641630561 3380474368.0 0
1700641674988 3377040160.0 0
1700641719405 3374330032.0 0
1700641763877 3373063367.0 0
1700641808072 3367689825.0 0
1700641852914 3363937313.0 0
1700641897479 3361195358.0 0
1700641942799 3359105264.0 0
1700641988008 3353442006.0 0
1700642033168 3351548505.0 0
1700642078041 3348775509.0 0
1700642122933 3344878139.0 0
1700642168877 3342819086.0 0
1700642216954 3340687604.0 0
1700642264475 3336459130.0 0
1700642311386 3332561760.0 0
1700642355863 3329923275.0 0
1700642400080 3327481383.0 0
1700642444708 3325091226.0 0
1700642489673 3322721763.0 0
1700642534804 3320631669.0 0
1700642579187 3318313941.0 0
1700642623488 3316196255.0 0
1700642667553 3313847486.0 0
1700642712555 3311922944.0 0
1700642757892 3309708686.0 0
1700642802840 3307742756.0 0
1700642847759 3305756132.0 0
1700642892503 3304007489.0 0
1700642937021 3301503515.0 0
1700642981726 3299754872.0 0
1700643026534 3297882065.0 0
1700643071257 3296278280.0 0
1700643115861 3294943517.0 0
1700643161139 3293391467.0 0
1700643206412 3291015106.0 0
1700643250784 3289669996.0 0
1700643294924 3287735107.0 0
1700643339372 3286048546.0 0
1700643384032 3284268862.0 0
1700643428758 3283606654.0 0
1700643473741 3281478621.0 0
1700643518803 3279235350.0 0
1700643563370 3277858800.0 0
1700643607936 3277341300.0 0
1700643652568 3275419650.0 0
1700643697181 3272690700.0 0
1700643742046 3271407300.0 0
1700643786843 3271831650.0 0
1700643831400 3270113550.0 0
1700643876206 3269119950.0 0
1700643920948 3268188450.0 0
1700643965621 3267288000.0 0
1700644009956 3266097750.0 0
1700644054652 3265124850.0 0
1700644099380 3262565047.0 0
1700644144144 3263248092.0 0
1700644189674 3261800484.0 0
1700644234137 3261013200.0 0
1700644278416 3261739998.0 0
1700644322557 3258648668.0 0
1700644366922 3256168696.0 0
1700644413028 3252776868.0 0
1700644461619 3253871786.0 0
1700644510214 3253426220.0 0
1700644556122 3252959930.0 0
1700644600873 3253788890.0 0
1700644646300 3251799386.0 0
1700644691515 3252338210.0 0
1700644736349 3249802974.0 0
1700644780952 3248345386.0 0
1700644825804 3248956744.0 0
1700644870662 3248521540.0 0
1700644915989 3248936020.0 0
1700644960667 3247229744.0 0
1700645004868 3246815264.0 0
1700645049272 3246504404.0 0
1700645093469 3245913770.0 0
1700645137985 3245571824.0 0
1700645182067 3244722140.0 0
1700645226631 3244763588.0 0
1700645271327 3243762012.0 0
1700645316297 3243202626.0 0
