1700633304377 0.0 0
1700633344214 0.0033809166040570998 0
1700633388974 0.007137490608564989 0
1700633437432 0.010894064613072877 0
1700633485299 0.014650638617580767 0
1700633533527 0.018407212622088654 0
1700633578029 0.022163786626596543 0
1700633622281 0.025920360631104433 0
1700633667374 0.029676934635612322 0
1700633712741 0.03343350864012021 0
1700633758136 0.0371900826446281 0
1700633804281 0.040946656649135986 0
1700633849534 0.04470323065364388 0
1700633894625 0.048459804658151764 0
1700633939689 0.05221637866265966 0
1700633983937 0.05597295266716754 0
1700634029213 0.05972952667167543 0
1700634074096 0.06348610067618332 0
1700634118763 0.06724267468069121 0
1700634163497 0.07099924868519909 0
1700634208133 0.07475582268970699 0
1700634253085 0.07851239669421488 0
1700634298585 0.08226897069872277 0
1700634343550 0.08602554470323065 0
1700634388661 0.08978211870773854 0
1700634432960 0.09353869271224644 0
1700634477613 0.09729526671675431 0
1700634522649 0.1010518407212622 0
1700634567170 0.1048084147257701 0
1700634612084 0.10856498873027799 0
1700634658409 0.11232156273478587 0
1700634705692 0.11607813673929376 0
1700634753647 0.11983471074380166 0
1700634799436 0.12359128474830954 0
1700634843817 0.12734785875281743 0
1700634888623 0.1311044327573253 0
1700634933686 0.1348610067618332 0
1700634978393 0.1386175807663411 0
1700635023204 0.142374154770849 0
1700635067311 0.14613072877535688 0
1700635111545 0.14988730277986476 0
1700635155846 0.15364387678437266 0
1700635200833 0.15740045078888054 0
1700635245906 0.16115702479338842 0
1700635291024 0.16491359879789633 0
1700635336060 0.1686701728024042 0
1700635381578 0.17242674680691208 0
1700635426819 0.17618332081142 0
1700635471964 0.17993989481592787 0
1700635516887 0.18369646882043575 0
1700635562114 0.18745304282494366 0
1700635607044 0.19120961682945153 0
1700635651839 0.19496619083395944 0
1700635696727 0.19872276483846732 0
1700635741893 0.2024793388429752 0
1700635786188 0.2062359128474831 0
1700635830266 0.20999248685199098 0
1700635875059 0.21374906085649886 0
1700635920313 0.21750563486100677 0
1700635965303 0.22126220886551465 0
1700636010288 0.22501878287002253 0
1700636055421 0.22877535687453043 0
1700636100151 0.2325319308790383 0
1700636145085 0.23628850488354622 0
1700636190064 0.2400450788880541 0
1700636234669 0.24380165289256198 0
1700636279505 0.24755822689706988 0
1700636324250 0.25131480090157776 0
1700636369101 0.25507137490608567 0
1700636414069 0.2588279489105935 0
1700636458777 0.2625845229151014 0
1700636503054 0.26634109691960933 0
1700636548000 0.2700976709241172 0
1700636591973 0.2738542449286251 0
1700636636449 0.277610818933133 0
1700636681541 0.28136739293764085 0
1700636725937 0.28512396694214875 0
1700636770278 0.28888054094665666 0
1700636817227 0.2926371149511645 0
1700636864682 0.2963936889556724 0
1700636912145 0.3001502629601803 0
1700636956413 0.30390683696468823 0
1700637001655 0.3076634109691961 0
1700637046883 0.311419984973704 0
1700637092046 0.3151765589782119 0
1700637137290 0.31893313298271975 0
1700637182357 0.32268970698722765 0
1700637227695 0.32644628099173556 0
1700637272888 0.3302028549962434 0
1700637318210 0.3339594290007513 0
1700637363335 0.3377160030052592 0
1700637408237 0.3414725770097671 0
1700637452136 0.345229151014275 0
1700637496469 0.3489857250187829 0
1700637541727 0.35274229902329074 0
1700637586605 0.35649887302779865 0
1700637630633 0.36025544703230655 0
1700637675033 0.3640120210368144 0
1700637720157 0.3677685950413223 0
1700637765368 0.3715251690458302 0
1700637810569 0.37528174305033807 0
1700637855733 0.379038317054846 0
1700637900865 0.3827948910593539 0
1700637945603 0.38655146506386173 0
1700637989436 0.39030803906836964 0
1700638033684 0.39406461307287755 0
1700638078879 0.39782118707738545 0
1700638124115 0.4015777610818933 0
1700638168556 0.4053343350864012 0
1700638212565 0.4090909090909091 0
1700638256867 0.41284748309541697 0
1700638300645 0.4166040570999249 0
1700638344552 0.4203606311044328 0
1700638388656 0.42411720510894063 0
1700638433280 0.42787377911344854 0
1700638478496 0.43163035311795644 0
1700638523700 0.4353869271224643 0
1700638568863 0.4391435011269722 0
1700638614119 0.4429000751314801 0
1700638659276 0.44665664913598796 0
1700638706357 0.45041322314049587 0
1700638754162 0.4541697971450038 0
1700638802321 0.4579263711495116 0
1700638846679 0.46168294515401953 0
1700638891037 0.46543951915852744 0
1700638935987 0.4691960931630353 0
1700638981021 0.4729526671675432 0
1700639026437 0.4767092411720511 0
1700639071505 0.48046581517655895 0
1700639116653 0.48422238918106686 0
1700639161746 0.48797896318557477 0
1700639206109 0.49173553719008267 0
1700639249865 0.4954921111945905 0
1700639333981 0.49924868519909843 0
1700639378224 0.5 0
1700639422733 0.5 0
1700639467478 0.5 0
1700639512073 0.5 0
1700639557363 0.5 0
1700639601874 0.5 0
1700639646238 0.5 0
1700639690807 0.5 0
1700639735574 0.5 0
1700639780687 0.5 0
1700639825625 0.5 0
1700639870377 0.5 0
1700639914594 0.5 0
1700639958890 0.5 0
1700640003681 0.5 0
1700640048435 0.5 0
1700640092927 0.5 0
1700640137910 0.5 0
1700640182978 0.5 0
1700640229547 0.5 0
1700640277375 0.5 0
1700640325871 0.5 0
1700640371834 0.5 0
1700640416203 0.5 0
1700640460550 0.5 0
1700640505433 0.5 0
1700640549640 0.5 0
1700640594185 0.5 0
1700640639468 0.5 0
1700640684847 0.5 0
1700640730252 0.5 0
1700640775574 0.5 0
1700640820782 0.5 0
1700640866043 0.5 0
1700640910977 0.5 0
1700640955949 0.5 0
1700641001253 0.5 0
1700641046244 0.5 0
1700641090798 0.5 0
1700641135486 0.5 0
1700641180203 0.5 0
1700641225440 0.5 0
1700641270800 0.5 0
1700641315834 0.5 0
1700641360720 0.5 0
1700641405784 0.5 0
1700641450560 0.5 0
1700641494785 0.5 0
1700641539206 0.5 0
1700641583569 0.5 0
1700641628150 0.5 0
1700641672574 0.5 0
1700641717030 0.5 0
1700641761417 0.5 0
1700641805717 0.5 0
1700641850470 0.5 0
1700641895100 0.5 0
1700641940303 0.5 0
1700641985528 0.5 0
1700642030717 0.5 0
1700642075705 0.5 0
1700642120583 0.5 0
1700642166089 0.5 0
1700642214211 0.5 0
1700642262012 0.5 0
1700642308988 0.5 0
1700642353467 0.5 0
1700642397717 0.5 0
1700642442330 0.5 0
1700642487273 0.5 0
1700642532197 0.5 0
1700642576769 0.5 0
1700642621090 0.5 0
1700642665170 0.5 0
1700642710188 0.5 0
1700642755478 0.5 0
1700642800445 0.5 0
1700642845370 0.5 0
1700642890130 0.5 0
1700642934685 0.5 0
1700642979302 0.5 0
1700643024093 0.5 0
1700643068853 0.5 0
1700643113494 0.5 0
1700643158778 0.5 0
1700643203983 0.5 0
1700643248381 0.5 0
1700643292567 0.5 0
1700643336997 0.5 0
1700643381638 0.5 0
1700643426339 0.5 0
1700643471349 0.5 0
1700643516329 0.5 0
1700643560961 0.5 0
1700643605594 0.5 0
1700643650204 0.5 0
1700643694833 0.5 0
1700643739635 0.5 0
1700643784425 0.5 0
1700643828998 0.5 0
1700643873831 0.5 0
1700643918577 0.5 0
1700643962942 0.5 0
1700644007610 0.5 0
1700644052223 0.5 0
1700644096921 0.5 0
1700644141704 0.5 0
1700644187297 0.5 0
1700644231760 0.5 0
1700644275986 0.5 0
1700644320177 0.5 0
1700644364509 0.5 0
1700644410414 0.5 0
1700644458767 0.5 0
1700644507631 0.5 0
1700644553534 0.5 0
1700644598484 0.5 0
1700644643814 0.5 0
1700644689126 0.5 0
1700644733993 0.5 0
1700644778570 0.5 0
1700644823374 0.5 0
1700644868276 0.5 0
1700644913571 0.5 0
1700644958221 0.5 0
1700645002449 0.5 0
1700645046866 0.5 0
1700645091085 0.5 0
1700645135601 0.5 0
1700645179690 0.5 0
1700645224249 0.5 0
1700645268949 0.5 0
1700645313918 0.5 0
