1701084713104 0.325390625 0
1701084747444 0.7084716796875 0
1701084785944 0.68818359375 0
1701084824373 0.6833984375 0
1701084862481 0.801611328125 0
1701084900696 0.951171875 0
1701084938846 1.087841796875 0
1701084977208 1.018408203125 0
1701085015356 1.1150390625 0
1701085053665 0.962060546875 0
1701085091881 0.986376953125 0
1701085130677 0.991845703125 0
1701085168938 1.01533203125 0
1701085207288 1.09267578125 0
1701085246190 1.137451171875 0
1701085285923 1.0513671875 0
1701085326924 1.005029296875 0
1701085366957 1.072900390625 0
1701085405233 1.1435546875 0
1701085443528 1.1701171875 0
1701085481696 1.01416015625 0
1701085519925 1.1826171875 0
1701085558024 1.1658203125 0
1701085596205 1.267138671875 0
1701085634519 1.16279296875 0
1701085672753 1.239453125 0
1701085711024 1.19716796875 0
1701085749280 1.1728515625 0
1701085787657 1.27373046875 0
1701085825953 1.21474609375 0
1701085864252 1.4078125 0
1701085902428 1.42626953125 0
1701085940604 1.47548828125 0
1701085978893 1.57763671875 0
1701086017117 1.36376953125 0
1701086055540 1.5685546875 0
1701086093821 1.44140625 0
1701086131983 2.785546875 0
1701086170221 1.7982421875 0
1701086208325 2.01416015625 0
1701086246561 1.7072265625 0
1701086285028 1.90419921875 0
1701086323231 1.91552734375 0
1701086361340 1.88115234375 0
1701086399545 2.1275390625 0
1701086438008 2.0072265625 0
1701086476333 2.03916015625 0
1701086514488 2.19189453125 0
1701086552779 2.3861328125 0
1701086591070 2.683203125 0
1701086629400 2.2595703125 0
1701086667809 2.501953125 0
1701086706147 2.67890625 0
1701086744503 2.7994140625 0
1701086782708 2.971875 0
1701086821620 2.859375 0
1701086862137 3.0828125 0
1701086902975 3.1841796875 0
1701086943177 3.1685546875 0
1701086981616 3.5451171875 0
1701087020029 4.179296875 0
1701087058200 3.652734375 0
1701087096436 3.740625 0
1701087134729 3.8125 0
1701087173040 3.76953125 0
1701087211268 3.830078125 0
1701087249516 4.6017578125 0
1701087287808 4.180078125 0
1701087326301 4.346484375 0
1701087364553 4.4052734375 0
1701087402768 7.4359375 0
1701087441109 4.5947265625 0
1701087479549 5.0759765625 0
1701087518051 5.06796875 0
1701087556288 11.796875 0
1701087595092 5.421875 0
1701087633309 5.696484375 0
1701087671672 5.44765625 0
1701087709865 5.22109375 0
1701087748064 5.98046875 0
1701087786288 5.8765625 0
1701087824528 5.79765625 0
1701087862588 6.486328125 0
1701087900980 6.619140625 0
1701087939148 6.3859375 0
1701087977340 6.791796875 0
1701088015502 6.94921875 0
1701088053716 6.483203125 0
1701088091970 7.43984375 0
1701088130232 7.48203125 0
1701088168340 7.1515625 0
1701088206524 7.6484375 0
1701088244627 7.0828125 0
1701088282889 7.1796875 0
1701088321112 7.73125 0
1701088359452 8.20625 0
1701088397800 7.649609375 0
1701088436240 8.265625 0
1701088474412 8.70546875 0
1701088512701 7.983203125 0
1701088550960 8.126953125 0
1701088589201 8.55546875 0
1701088627470 8.836328125 0
1701088666287 8.765234375 0
1701088706576 9.469921875 0
1701088746588 10.40703125 0
1701088786975 9.576171875 0
1701088825228 9.7058837890625 0
1701088863472 10.38984375 0
1701088901580 10.0 0
1701088939824 10.06015625 0
1701088978061 9.779296875 0
1701089016325 11.03046875 0
1701089054576 10.54921875 0
1701089092804 10.21484375 0
1701089130865 10.4578125 0
1701089169003 10.57734375 0
1701089207148 11.3640625 0
1701089245397 10.74140625 0
1701089283708 11.36953125 0
1701089321876 11.36875 0
1701089360251 11.63359375 0
1701089398548 11.45234375 0
1701089436756 11.75078125 0
1701089474948 12.09296875 0
1701089513183 12.2640625 0
1701089551329 11.334375 0
1701089589669 13.009375 0
1701089627699 12.05546875 0
1701089665949 13.0328125 0
1701089704112 13.0578125 0
1701089742291 12.5640625 0
1701089780645 12.41171875 0
1701089818921 13.27578125 0
1701089895472 12.4484375 0
1701089934166 12.50859375 0
1701089972695 12.69140625 0
1701090011229 13.84375 0
1701090050052 12.8921875 0
1701090088809 13.509375 0
1701090127790 13.1015625 0
1701090167895 13.16484375 0
1701090208543 13.49765625 0
1701090249455 14.67578125 0
1701090287976 13.71796875 0
1701090326438 14.62421875 0
1701090364945 14.96015625 0
1701090403432 14.2078125 0
1701090441952 15.246875 0
1701090480399 15.07890625 0
1701090518827 14.9359375 0
1701090557700 15.80859375 0
1701090596324 15.23203125 0
1701090634684 15.9203125 0
1701090673181 15.5109375 0
1701090711608 15.5578125 0
1701090750061 15.51328125 0
1701090788524 15.44140625 0
1701090827161 16.33671875 0
1701090865623 16.24921875 0
1701090904060 14.87890625 0
1701090942529 17.15625 0
1701090980917 16.3140625 0
1701091019416 16.04453125 0
1701091057801 15.8578125 0
1701091096546 16.23515625 0
1701091135024 16.78828125 0
1701091173669 17.38125 0
1701091212457 16.72421875 0
1701091251004 19.03515625 0
1701091289451 16.63671875 0
1701091327865 16.97421875 0
1701091366347 18.06484375 0
1701091404870 17.04453125 0
1701091443372 17.47734375 0
1701091482033 17.2984375 0
1701091520496 17.384375 0
1701091558844 18.0703125 0
1701091597293 16.821875 0
1701091635760 17.76953125 0
1701091674200 18.4265625 0
1701091712677 19.69375 0
1701091751203 17.95 0
1701091789713 17.89296875 0
1701091828425 17.209375 0
1701091867097 17.41875 0
1701091905536 17.9875 0
1701091943979 18.140625 0
1701091982505 18.7328125 0
1701092021137 18.9109375 0
1701092059584 18.1515625 0
1701092098173 18.82041015625 0
1701092136645 19.5421875 0
1701092175178 19.2953125 0
1701092213737 18.1234375 0
1701092252116 19.1640625 0
1701092290559 18.8328125 0
1701092329236 17.790625 0
1701092367847 20.8125 0
1701092406485 18.91875 0
1701092445214 20.9546875 0
1701092483632 19.6953125 0
1701092522133 19.378125 0
1701092560568 20.8578125 0
1701092600180 18.9921875 0
1701092639905 19.4609375 0
1701092680178 19.2515625 0
1701092720664 19.7484375 0
1701092759325 19.3359375 0
1701092797825 20.08125 0
1701092836392 20.4265625 0
1701092874865 20.1890625 0
1701092913573 20.51875 0
1701092951994 20.65 0
1701092990440 19.7546875 0
1701093028904 19.5 0
1701093067389 19.7421875 0
1701093105790 20.9046875 0
1701093144356 18.9171875 0
1701093182832 21.5875 0
1701093221201 19.6484375 0
1701093259661 21.4859375 0
1701093298110 21.21875 0
1701093336584 20.6421875 0
1701093375037 21.1125 0
1701093413484 20.9890625 0
1701093452189 20.2328125 0
1701093490642 20.196875 0
1701093529144 22.35 0
1701093567452 20.1015625 0
1701093605781 21.2828125 0
1701093644304 21.8734375 0
1701093682700 21.0515625 0
1701093721223 21.3296875 0
1701093759812 20.7 0
1701093798263 21.88125 0
1701093836755 21.90625 0
1701093875243 22.1328125 0
1701093913700 22.5421875 0
1701093952212 22.1234375 0
1701093990709 21.6234375 0
1701094029316 21.0359375 0
1701094067636 20.50625 0
1701094106021 21.2640625 0
1701094144705 22.009375 0
1701094183138 23.009375 0
1701094221657 21.63125 0
1701094260080 22.1625 0
1701094298577 20.9859375 0
1701094336984 22.303125 0
1701094375408 23.1734375 0
1701094414001 22.278125 0
1701094452448 21.8671875 0
1701094490944 21.415625 0
1701094530466 22.228125 0
1701094570350 21.6625 0
1701094610672 21.5875 0
1701094650335 22.1546875 0
1701094688765 22.753125 0
1701094727229 22.325 0
1701094765601 22.1828125 0
1701094803965 21.6828125 0
1701094842221 22.75 0
1701094880764 23.2703125 0
1701094919117 23.5296875 0
1701094957612 22.7609375 0
1701094996020 24.2375 0
1701095083652 23.1921875 0
1701095121920 21.9046875 0
1701095160373 23.1734375 0
1701095198788 22.596875 0
1701095237414 22.18125 0
1701095275760 22.384375 0
1701095314072 22.365625 0
1701095352509 22.440625 0
1701095391009 22.6578125 0
1701095429396 23.1734375 0
1701095467672 22.240625 0
1701095506148 22.478125 0
1701095544501 22.6546875 0
1701095582888 22.9796875 0
1701095621430 23.6171875 0
1701095659911 23.1515625 0
1701095699502 23.0734375 0
1701095740502 21.8078125 0
1701095781736 23.2 0
1701095821052 22.9125 0
1701095859452 23.5359375 0
1701095897845 22.93125 0
1701095936441 22.25625 0
1701095974954 22.61875 0
1701096013497 21.9 0
1701096051881 22.446875 0
1701096090280 23.428125 0
1701096132000 21.5125 0
1701096170521 24.478125 0
1701096208894 23.5859375 0
1701096247412 22.1109375 0
1701096285895 23.95 0
1701096324352 24.259375 0
1701096362902 23.153125 0
1701096401344 22.80625 0
1701096439892 23.309375 0
1701096478448 22.9921875 0
1701096516900 24.2140625 0
1701096555540 23.7875 0
1701096594059 23.175 0
1701096632499 22.6609375 0
1701096671129 23.1046875 0
1701096709530 23.5109375 0
1701096747929 23.7859375 0
1701096786417 24.70625 0
1701096824809 22.6 0
1701096863349 23.459375 0
1701096901648 23.575 0
1701096940208 23.8015625 0
1701096978709 23.5390625 0
1701097017065 23.6921875 0
1701097055371 22.578125 0
1701097094491 23.2609375 0
1701097132877 24.053125 0
1701097171377 23.2421875 0
1701097209820 23.4203125 0
1701097248184 23.9265625 0
1701097286693 22.54375 0
1701097325188 24.115625 0
1701097363857 23.009375 0
1701097402406 22.6578125 0
1701097440896 24.90625 0
1701097479271 23.565625 0
1701097517685 22.765625 0
1701097556364 23.828125 0
1701097594772 23.078125 0
1701097633236 24.6578125 0
1701097671536 23.928125 0
1701097710020 23.3515625 0
1701097748440 24.1890625 0
1701097786948 23.3125 0
1701097825233 23.303125 0
1701097863736 23.9125 0
1701097902008 22.8953125 0
1701097940325 24.153125 0
1701097982292 23.615625 0
1701098020760 23.55 0
1701098059180 22.88125 0
1701098098595 23.33125 0
1701098138565 22.98125 0
1701098179349 23.0046875 0
1701098220319 24.3796875 0
1701098258873 22.7484375 0
1701098297181 23.334375 0
1701098335704 23.1546875 0
1701098374049 23.2828125 0
1701098412608 23.9171875 0
1701098451096 23.34375 0
1701098489620 23.6484375 0
1701098528160 23.8671875 0
1701098566516 23.50625 0
1701098604921 23.5421875 0
1701098643192 22.55625 0
1701098681548 23.8046875 0
1701098719988 22.7625 0
1701098758484 25.0609375 0
1701098796897 23.959375 0
1701098835361 23.2390625 0
1701098873744 22.4171875 0
1701098912051 24.103125 0
1701098950452 23.1484375 0
1701098988785 22.8421875 0
1701099027145 25.384375 0
1701099065593 24.5625 0
1701099104054 23.5328125 0
1701099142613 24.6890625 0
1701099180947 23.7140625 0
1701099219428 23.578125 0
1701099257996 22.7671875 0
1701099296541 23.878125 0
1701099334877 23.4796875 0
1701099373319 24.0953125 0
1701099413173 24.3078125 0
1701099453086 23.3625 0
1701099493803 24.2109375 0
1701099533524 24.040625 0
1701099571896 22.4640625 0
1701099610260 23.9671875 0
1701099648560 22.459375 0
1701099686938 23.6703125 0
1701099725502 24.08125 0
1701099764060 23.446875 0
1701099802491 23.603125 0
1701099841002 23.475 0
1701099879293 23.521875 0
1701099917655 23.0640625 0
1701099956157 24.2328125 0
1701099994592 24.5578125 0
1701100033080 24.5546875 0
1701100071572 24.1359375 0
1701100110060 24.7796875 0
1701100148532 23.803125 0
1701100186929 23.0375 0
1701100263272 22.8921875 0
1701100301744 23.225 0
1701100340237 23.3015625 0
1701100378720 24.70625 0
1701100417148 22.0375 0
1701100455585 23.371875 0
1701100494043 23.825 0
1701100532436 22.81875 0
1701100570880 24.925 0
1701100609393 23.660546875 0
1701100647860 21.6296875 0
1701100686241 22.45 0
1701100724941 22.7375 0
1701100763413 24.99375 0
1701100801760 23.61875 0
1701100840217 23.028125 0
1701100878521 23.1171875 0
1701100916876 22.1140625 0
1701100955285 22.0375 0
1701100993781 22.871875 0
1701101032058 22.5796875 0
1701101070840 22.9328125 0
1701101111175 23.0828125 0
1701101152562 23.484375 0
1701101192663 23.6015625 0
1701101231190 23.234375 0
1701101269532 23.378125 0
1701101308101 22.6671875 0
1701101346472 23.021875 0
1701101384996 22.50625 0
1701101423476 22.1984375 0
1701101461841 21.765625 0
1701101500224 23.2265625 0
1701101538796 23.2 0
1701101577098 23.7203125 0
1701101615588 22.571875 0
1701101654091 22.1359375 0
1701101692568 23.2078125 0
1701101731081 22.2171875 0
1701101769405 22.559375 0
1701101807803 21.10625 0
1701101846276 21.4203125 0
1701101884805 22.225 0
1701101923249 22.2484375 0
1701101961663 22.478125 0
1701102000073 21.0484375 0
1701102039378 21.403125 0
1701102077836 22.4796875 0
1701102116219 22.159375 0
1701102154699 20.76875 0
1701102193013 21.9703125 0
1701102231481 22.296875 0
1701102269908 21.2203125 0
1701102308387 20.8609375 0
1701102346732 23.196875 0
1701102385157 21.3375 0
1701102423604 20.446875 0
1701102461838 21.9046875 0
1701102500135 21.4046875 0
1701102538500 21.8796875 0
1701102577096 21.5015625 0
1701102615521 20.5234375 0
1701102653969 21.9015625 0
1701102692408 20.775 0
1701102730991 20.790625 0
1701102769533 22.1546875 0
1701102808133 20.1171875 0
1701102846782 21.646875 0
1701102885048 21.2578125 0
1701102923659 20.6203125 0
1701102962096 21.4171875 0
1701103000485 19.59375 0
1701103038838 20.2625 0
1701103077424 20.671875 0
1701103116370 21.4 0
1701103156958 19.715625 0
1701103197651 20.61875 0
1701103237923 21.415625 0
1701103276375 21.0078125 0
1701103314836 20.6875 0
1701103353360 20.309375 0
1701103391772 19.7921875 0
1701103430180 21.9671875 0
1701103468637 20.9640625 0
1701103507082 19.596875 0
1701103545456 19.990625 0
1701103584009 20.796875 0
1701103622436 20.640625 0
1701103660877 19.0453125 0
1701103699364 21.00625 0
1701103737740 20.159375 0
1701103776488 19.9875 0
1701103814784 19.753125 0
1701103853152 19.1015625 0
1701103891800 20.5359375 0
1701103930215 18.371875 0
1701103968694 19.7140625 0
1701104007376 21.246875 0
1701104045824 19.36875 0
1701104084394 19.2890625 0
1701104123056 20.08125 0
1701104161516 18.834375 0
1701104200016 19.9578125 0
1701104238445 19.5875 0
1701104277008 20.2125 0
1701104315528 19.1203125 0
1701104353936 18.7953125 0
1701104392552 19.221875 0
1701104431145 19.84375 0
1701104469632 19.3671875 0
1701104508312 20.24375 0
1701104546886 19.5359375 0
1701104585528 19.2015625 0
1701104624297 18.7296875 0
1701104662891 18.796875 0
1701104701486 19.2140625 0
1701104739888 19.31875 0
1701104780723 19.234375 0
1701104821133 18.3890625 0
1701104862356 18.64375 0
1701104901376 18.91484375 0
1701104939828 19.390625 0
1701104978301 18.196875 0
1701105016724 19.15 0
1701105055296 18.7296875 0
1701105093845 19.0015625 0
1701105132320 19.64375 0
1701105170692 19.28125 0
1701105209243 19.5671875 0
1701105247777 18.559375 0
1701105286562 19.1265625 0
1701105325084 19.3390625 0
1701105363579 18.9734375 0
1701105606909 19.125 0
1701105645482 18.971875 0
1701105684035 19.496875 0
1701105722692 18.6546875 0
1701105761388 18.5984375 0
1701105800027 18.98125 0
1701105838536 18.984375 0
1701105877699 18.2125 0
1701105916176 18.4265625 0
1701105954780 17.62734375 0
1701105993808 18.10625 0
1701106032320 18.88671875 0
1701106070787 18.76171875 0
1701106109377 18.21875 0
1701106147920 22.25625 0
1701106186326 19.503125 0
1701106225027 18.4328125 0
1701106263600 19.3 0
1701106302031 18.5921875 0
1701106340476 18.5859375 0
1701106379080 19.5234375 0
1701106417700 17.8484375 0
1701106456176 18.8546875 0
1701106494792 17.26875 0
1701106533347 18.6546875 0
1701106571823 19.753125 0
1701106610269 18.571875 0
1701106648717 17.43671875 0
1701106687208 17.90625 0
1701106725621 17.16640625 0
1701106763976 17.85234375 0
1701106802305 18.0484375 0
1701106840577 18.07578125 0
1701106879021 18.7109375 0
1701106917577 18.33828125 0
1701106955877 18.903125 0
1701106994293 18.7890625 0
1701107032685 17.9171875 0
1701107071076 18.71328125 0
1701107109877 18.71484375 0
1701107150557 18.43984375 0
1701107191146 17.28046875 0
1701107231509 18.12578125 0
1701107269793 17.7703125 0
1701107308326 18.4421875 0
1701107346881 19.0203125 0
1701107385355 17.3 0
1701107423877 18.2890625 0
1701107462435 17.90625 0
1701107500928 18.4359375 0
1701107539345 19.55 0
1701107578061 17.8078125 0
1701107616712 19.0453125 0
1701107655128 17.3125 0
1701107693478 17.8734375 0
1701107732196 18.825 0
1701107770676 17.6953125 0
1701107809140 18.54375 0
1701107847638 18.190625 0
1701107886030 19.009375 0
1701107924716 18.225 0
1701107963328 18.38828125 0
1701108001856 18.1796875 0
1701108040317 17.5015625 0
1701108078776 17.2578125 0
1701108117249 18.184375 0
1701108155729 17.15625 0
1701108194494 18.16015625 0
1701108233211 19.0640625 0
1701108271840 18.0671875 0
1701108310276 18.79375 0
1701108348745 17.77578125 0
1701108387316 17.621875 0
1701108425885 17.93203125 0
1701108464341 18.1828125 0
1701108502751 19.20625 0
1701108541329 17.4625 0
1701108579773 18.7046875 0
1701108618333 18.34140625 0
1701108656774 18.18125 0
1701108696351 18.8265625 0
1701108736064 18.3328125 0
1701108776540 17.93359375 0
1701108816267 17.84609375 0
1701108854580 18.1890625 0
1701108892900 19.19453125 0
1701108931283 17.85390625 0
1701108969800 18.925 0
1701109008349 18.378125 0
1701109046799 18.1265625 0
1701109085141 18.128125 0
1701109123608 18.209375 0
1701109162005 18.125 0
1701109200600 17.9078125 0
1701109239517 18.7328125 0
1701109277904 18.6203125 0
1701109316329 18.4375 0
1701109354620 17.00625 0
1701109392895 19.2796875 0
1701109431053 19.565625 0
1701109469253 18.209375 0
1701109507505 18.00390625 0
1701109545638 17.42890625 0
1701109583956 18.853125 0
1701109622100 18.846875 0
1701109660348 20.1015625 0
1701109698597 18.16953125 0
1701109736851 16.7265625 0
1701109775044 18.040625 0
1701109813204 17.68125 0
1701109851328 18.403125 0
1701109889620 17.27890625 0
1701109927744 17.63203125 0
1701109966084 18.37734375 0
1701110004758 19.0453125 0
1701110043008 17.96875 0
1701110081359 18.0640625 0
1701110119597 18.39140625 0
1701110157840 18.2546875 0
1701110195907 18.74609375 0
1701110234136 19.18359375 0
1701110272308 18.490625 0
1701110310588 18.353125 0
1701110348898 17.46640625 0
1701110390491 17.32578125 0
1701110428754 17.65 0
1701110467176 17.84609375 0
1701110505416 19.275 0
1701110543740 18.89375 0
1701110582133 17.96015625 0
1701110620587 17.10625 0
1701110658985 17.94453125 0
1701110698943 18.7859375 0
