1701084713107 0.0013654828071594238 0
1701084747448 0.0020776987075805664 0
1701084785948 0.0021728873252868652 0
1701084824377 0.002293705940246582 0
1701084862485 0.002646505832672119 0
1701084900700 0.0029938220977783203 0
1701084938850 0.003185451030731201 0
1701084977213 0.003282606601715088 0
1701085015359 0.0033295750617980957 0
1701085053670 0.003379642963409424 0
1701085091885 0.003456711769104004 0
1701085130681 0.0035935044288635254 0
1701085168942 0.0037810206413269043 0
1701085207292 0.0039383769035339355 0
1701085246194 0.004049718379974365 0
1701085285928 0.004168331623077393 0
1701085326927 0.004291117191314697 0
1701085366961 0.0044220685958862305 0
1701085405237 0.004587352275848389 0
1701085443532 0.004764556884765625 0
1701085481700 0.004956185817718506 0
1701085519929 0.005131542682647705 0
1701085558029 0.00533139705657959 0
1701085596209 0.0056029558181762695 0
1701085634523 0.005870938301086426 0
1701085672757 0.006385922431945801 0
1701085711028 0.007146000862121582 0
1701085749285 0.007707357406616211 0
1701085787661 0.00843203067779541 0
1701085825957 0.00929713249206543 0
1701085864256 0.01015317440032959 0
1701085902432 0.011077344417572021 0
1701085940609 0.012447535991668701 0
1701085978897 0.013994216918945312 0
1701086017121 0.015354156494140625 0
1701086055544 0.016610443592071533 0
1701086093826 0.017944037914276123 0
1701086131987 0.01944524049758911 0
1701086170225 0.02108067274093628 0
1701086208329 0.02238297462463379 0
1701086246564 0.023775815963745117 0
1701086285032 0.026040732860565186 0
1701086323235 0.02783489227294922 0
1701086361344 0.029991507530212402 0
1701086399549 0.03246182203292847 0
1701086438012 0.03501981496810913 0
1701086476337 0.03792142868041992 0
1701086514492 0.040845632553100586 0
1701086552783 0.0438656210899353 0
1701086591074 0.04642456769943237 0
1701086629404 0.04865032434463501 0
1701086667813 0.05192399024963379 0
1701086706151 0.05615437030792236 0
1701086744507 0.05955171585083008 0
1701086782712 0.0629701018333435 0
1701086821624 0.06736969947814941 0
1701086862141 0.07137328386306763 0
1701086902979 0.07491922378540039 0
1701086943181 0.07853752374649048 0
1701086981619 0.08257430791854858 0
1701087020033 0.08612781763076782 0
1701087058205 0.08967548608779907 0
1701087096440 0.09301775693893433 0
1701087134733 0.09680414199829102 0
1701087173044 0.10075986385345459 0
1701087211273 0.10436195135116577 0
1701087249520 0.10779470205307007 0
1701087287813 0.11120069026947021 0
1701087326305 0.1150355339050293 0
1701087364557 0.11907088756561279 0
1701087402772 0.12280619144439697 0
1701087441113 0.1272646188735962 0
1701087479553 0.13131332397460938 0
1701087518055 0.13490921258926392 0
1701087556291 0.13886278867721558 0
1701087595096 0.14333677291870117 0
1701087633313 0.14709550142288208 0
1701087671675 0.1507393717765808 0
1701087709869 0.1542189121246338 0
1701087748068 0.15749460458755493 0
1701087786292 0.16110622882843018 0
1701087824532 0.16481643915176392 0
1701087862592 0.16891497373580933 0
1701087900984 0.17261743545532227 0
1701087939152 0.17664778232574463 0
1701087977345 0.17998993396759033 0
1701088015506 0.18390041589736938 0
1701088053720 0.1880396008491516 0
1701088091974 0.1915419101715088 0
1701088130236 0.19447475671768188 0
1701088168344 0.1978103518486023 0
1701088206529 0.20111209154129028 0
1701088244631 0.20484048128128052 0
1701088282893 0.20897847414016724 0
1701088321116 0.21352249383926392 0
1701088359456 0.21829062700271606 0
1701088397803 0.22194784879684448 0
1701088436243 0.22517025470733643 0
1701088474416 0.22856450080871582 0
1701088512705 0.23240047693252563 0
1701088550964 0.23605585098266602 0
1701088589205 0.2392781376838684 0
1701088627474 0.2427489161491394 0
1701088666291 0.24640274047851562 0
1701088706579 0.2501682639122009 0
1701088746592 0.2534788250923157 0
1701088786979 0.25693976879119873 0
1701088825232 0.2602148652076721 0
1701088863476 0.2635437250137329 0
1701088901584 0.26763325929641724 0
1701088939829 0.2712355852127075 0
1701088978065 0.2750489115715027 0
1701089016329 0.2789561152458191 0
1701089054580 0.2822369337081909 0
1701089092808 0.2857242226600647 0
1701089130869 0.2888535261154175 0
1701089169006 0.2921175956726074 0
1701089207152 0.29604625701904297 0
1701089245401 0.2999577522277832 0
1701089283712 0.303977370262146 0
1701089321880 0.30667644739151 0
1701089360254 0.30898749828338623 0
1701089398553 0.31171315908432007 0
1701089436761 0.31430190801620483 0
1701089474952 0.3168909549713135 0
1701089513188 0.3201708197593689 0
1701089551333 0.32335811853408813 0
1701089589673 0.3262142539024353 0
1701089627703 0.3290629982948303 0
1701089665953 0.3321029543876648 0
1701089704116 0.3350093364715576 0
1701089742295 0.3382270932197571 0
1701089780649 0.3417562246322632 0
1701089818926 0.3451825976371765 0
1701089895475 0.34838324785232544 0
1701089934170 0.3514130115509033 0
1701089972699 0.35417425632476807 0
1701090011234 0.3572204113006592 0
1701090050056 0.3598429560661316 0
1701090088813 0.36245298385620117 0
1701090127795 0.36488157510757446 0
1701090167900 0.3675774931907654 0
1701090208548 0.3700079917907715 0
1701090249460 0.3723312020301819 0
1701090287980 0.3752018213272095 0
1701090326442 0.3780163526535034 0
1701090364949 0.38094961643218994 0
1701090403436 0.3838565945625305 0
1701090441956 0.3862237334251404 0
1701090480402 0.3885841369628906 0
1701090518832 0.3909108638763428 0
1701090557704 0.3932764530181885 0
1701090596328 0.39547091722488403 0
1701090634688 0.3976091146469116 0
1701090673185 0.3995792269706726 0
1701090711612 0.40166354179382324 0
1701090750065 0.4040917158126831 0
1701090788528 0.4063246250152588 0
1701090827165 0.40814298391342163 0
1701090865627 0.41020089387893677 0
1701090904064 0.4125826954841614 0
1701090942533 0.41477257013320923 0
1701090980921 0.41779184341430664 0
1701091019420 0.42034024000167847 0
1701091057805 0.42261379957199097 0
1701091096549 0.42519479990005493 0
1701091135028 0.4271218180656433 0
1701091173673 0.4289550185203552 0
1701091212461 0.43077677488327026 0
1701091251008 0.4325481057167053 0
1701091289455 0.4340974688529968 0
1701091327869 0.43569332361221313 0
1701091366351 0.4374122619628906 0
1701091404874 0.4392485022544861 0
1701091443377 0.4409767985343933 0
1701091482037 0.44265085458755493 0
1701091520500 0.4440712332725525 0
1701091558847 0.44556862115859985 0
1701091597297 0.4469895362854004 0
1701091635764 0.448355495929718 0
1701091674204 0.4498499631881714 0
1701091712680 0.45117682218551636 0
1701091751206 0.4525071978569031 0
1701091789717 0.45388978719711304 0
1701091828429 0.4555215835571289 0
1701091867101 0.45726585388183594 0
1701091905540 0.4587252736091614 0
1701091943983 0.4600202441215515 0
1701091982509 0.4613763093948364 0
1701092021141 0.46295422315597534 0
1701092059588 0.4645377993583679 0
1701092098177 0.4658912420272827 0
1701092136649 0.46743321418762207 0
1701092175182 0.46903443336486816 0
1701092213741 0.4705902934074402 0
1701092252120 0.47209417819976807 0
1701092290563 0.47357863187789917 0
1701092329241 0.4750099778175354 0
1701092367851 0.47638994455337524 0
1701092406489 0.47766798734664917 0
1701092445218 0.47892510890960693 0
1701092483636 0.48037219047546387 0
1701092522137 0.4815882444381714 0
1701092560572 0.4826355576515198 0
1701092600184 0.483736515045166 0
1701092639909 0.48486220836639404 0
1701092680182 0.4859764575958252 0
1701092720668 0.4870903491973877 0
1701092759329 0.48825210332870483 0
1701092797829 0.4894251227378845 0
1701092836396 0.4904091954231262 0
1701092874869 0.4913483262062073 0
1701092913577 0.4924476742744446 0
1701092951997 0.49337518215179443 0
1701092990444 0.49434715509414673 0
1701093028908 0.4954203963279724 0
1701093067393 0.4965129494667053 0
1701093105794 0.49743765592575073 0
1701093144360 0.4982866048812866 0
1701093182836 0.4991993308067322 0
1701093221205 0.5000951886177063 0
1701093259665 0.5009605884552002 0
1701093298114 0.5018309354782104 0
1701093336588 0.502814531326294 0
1701093375040 0.5038635730743408 0
1701093413488 0.5049067735671997 0
1701093452193 0.5059095621109009 0
1701093490646 0.5067949891090393 0
1701093529148 0.5075796246528625 0
1701093567456 0.5083795189857483 0
1701093605785 0.5091452598571777 0
1701093644308 0.5099411010742188 0
1701093682704 0.5108901262283325 0
1701093721227 0.5118112564086914 0
1701093759815 0.5128644704818726 0
1701093798267 0.5139704942703247 0
1701093836759 0.5150972008705139 0
1701093875247 0.5159798264503479 0
1701093913705 0.5167946815490723 0
1701093952216 0.5176059007644653 0
1701093990713 0.5184226036071777 0
1701094029320 0.5191696882247925 0
1701094067640 0.5199202299118042 0
1701094106025 0.5206465125083923 0
1701094144709 0.5214554071426392 0
1701094183142 0.5222362279891968 0
1701094221661 0.5229200720787048 0
1701094260084 0.5236660242080688 0
1701094298581 0.524329423904419 0
1701094336988 0.5249263644218445 0
1701094375412 0.5255304574966431 0
1701094414005 0.5261720418930054 0
1701094452452 0.526829183101654 0
1701094490948 0.527513325214386 0
1701094530470 0.52826327085495 0
1701094570354 0.5291597843170166 0
1701094610676 0.5302050113677979 0
1701094650339 0.5310385823249817 0
1701094688769 0.5317486524581909 0
1701094727232 0.5323663949966431 0
1701094765606 0.5329410433769226 0
1701094803969 0.5335688591003418 0
1701094842226 0.5342060327529907 0
1701094880768 0.5347633361816406 0
1701094919121 0.535327672958374 0
1701094957616 0.535844087600708 0
1701094996024 0.5363671779632568 0
1701095083656 0.536892831325531 0
1701095121923 0.5374267101287842 0
1701095160377 0.5379222631454468 0
1701095198792 0.5384560823440552 0
1701095237418 0.5389834642410278 0
1701095275764 0.5395610928535461 0
1701095314076 0.5402257442474365 0
1701095352513 0.5408922433853149 0
1701095391013 0.541588544845581 0
1701095429400 0.5422449111938477 0
1701095467676 0.5427649021148682 0
1701095506152 0.5432451963424683 0
1701095544505 0.5437308549880981 0
1701095582891 0.5442367792129517 0
1701095621434 0.5447238683700562 0
1701095659915 0.5451444387435913 0
1701095699506 0.5458459854125977 0
1701095740506 0.5465416312217712 0
1701095781740 0.5469659566879272 0
1701095821056 0.5473207235336304 0
1701095859457 0.5476616621017456 0
1701095897849 0.5480698943138123 0
1701095936445 0.548497200012207 0
1701095974958 0.5490459203720093 0
1701096013501 0.5495128631591797 0
1701096051885 0.5499253273010254 0
1701096090285 0.5503338575363159 0
1701096132004 0.5507450103759766 0
1701096170525 0.5511096715927124 0
1701096208898 0.5514779090881348 0
1701096247415 0.5518350601196289 0
1701096285899 0.5521585941314697 0
1701096324356 0.5524865388870239 0
1701096362906 0.552834153175354 0
1701096401348 0.5531710982322693 0
1701096439897 0.5535115003585815 0
1701096478453 0.5538306832313538 0
1701096516904 0.5541375875473022 0
1701096555549 0.5544255971908569 0
1701096594063 0.5547194480895996 0
1701096632503 0.5550268292427063 0
1701096671133 0.5553101301193237 0
1701096709534 0.555620551109314 0
1701096747934 0.5559006929397583 0
1701096786421 0.5561367273330688 0
1701096824813 0.5563516616821289 0
1701096863353 0.5566297173500061 0
1701096901652 0.5569407939910889 0
1701096940212 0.557207465171814 0
1701096978713 0.5574929714202881 0
1701097017070 0.5577867031097412 0
1701097055375 0.5580508708953857 0
1701097094495 0.558311939239502 0
1701097132881 0.558535099029541 0
1701097171381 0.5587680339813232 0
1701097209824 0.5590192079544067 0
1701097248188 0.5592725276947021 0
1701097286697 0.5594873428344727 0
1701097325193 0.559695303440094 0
1701097363861 0.5599074363708496 0
1701097402410 0.5601284503936768 0
1701097440900 0.5603229999542236 0
1701097479274 0.5604829788208008 0
1701097517689 0.5606573820114136 0
1701097556368 0.5607638359069824 0
1701097594776 0.560894250869751 0
1701097633240 0.5610196590423584 0
1701097671540 0.5611578226089478 0
1701097710025 0.5612972974777222 0
1701097748443 0.5614553689956665 0
1701097786952 0.5615993738174438 0
1701097825237 0.561749279499054 0
1701097863740 0.5618331432342529 0
1701097902012 0.561992883682251 0
1701097940329 0.5621569156646729 0
1701097982296 0.5623246431350708 0
1701098020764 0.5625157356262207 0
1701098059184 0.5626828670501709 0
1701098098600 0.5628130435943604 0
1701098138570 0.5629754066467285 0
1701098179353 0.5631735920906067 0
1701098220323 0.5633403658866882 0
1701098258877 0.5634975433349609 0
1701098297186 0.5636380314826965 0
1701098335708 0.5637553930282593 0
1701098374053 0.563835620880127 0
1701098412612 0.563951849937439 0
1701098451100 0.564102292060852 0
1701098489625 0.5642200708389282 0
1701098528164 0.5643442869186401 0
1701098566521 0.5645044445991516 0
1701098604924 0.5646381974220276 0
1701098643196 0.564744770526886 0
1701098681552 0.5648377537727356 0
1701098719992 0.5649272203445435 0
1701098758489 0.5650060176849365 0
1701098796901 0.5650186538696289 0
1701098835365 0.5651003122329712 0
1701098873748 0.5651958584785461 0
1701098912055 0.5653107166290283 0
1701098950456 0.5653661489486694 0
1701098988788 0.5654198527336121 0
1701099027149 0.5653759241104126 0
1701099065597 0.5653824806213379 0
1701099104058 0.5654082894325256 0
1701099142617 0.5654526948928833 0
1701099180951 0.5655450820922852 0
1701099219432 0.5655607581138611 0
1701099258000 0.5656186938285828 0
1701099296544 0.5656498670578003 0
1701099334881 0.5656508207321167 0
1701099373324 0.5656778812408447 0
1701099413176 0.5657017230987549 0
1701099453090 0.5656695365905762 0
1701099493807 0.5656172037124634 0
1701099533529 0.5655331611633301 0
1701099571900 0.5655007362365723 0
1701099610264 0.5655139684677124 0
1701099648564 0.5654536485671997 0
1701099686942 0.5654157996177673 0
1701099725506 0.5653210878372192 0
1701099764064 0.5652570128440857 0
1701099802495 0.5652119517326355 0
1701099841006 0.5651700496673584 0
1701099879298 0.5650800466537476 0
1701099917659 0.565004825592041 0
1701099956162 0.5649100542068481 0
1701099994596 0.5647115111351013 0
1701100033084 0.5645550489425659 0
1701100071576 0.5644124150276184 0
1701100110064 0.564175009727478 0
1701100148536 0.5639767050743103 0
1701100186933 0.5638517737388611 0
1701100263276 0.5636317729949951 0
1701100301748 0.563347578048706 0
1701100340241 0.5631400346755981 0
1701100378725 0.5629113912582397 0
1701100417152 0.5627038478851318 0
1701100455589 0.5624879598617554 0
1701100494048 0.5623010396957397 0
1701100532440 0.5620793700218201 0
1701100570883 0.5618435144424438 0
1701100609397 0.5615816712379456 0
1701100647863 0.5612771511077881 0
1701100686245 0.5610247850418091 0
1701100724945 0.5607609748840332 0
1701100763417 0.5603548288345337 0
1701100801764 0.5599464774131775 0
1701100840221 0.5595146417617798 0
1701100878524 0.5591443777084351 0
1701100916880 0.5587055683135986 0
1701100955289 0.5583083629608154 0
1701100993785 0.5579339861869812 0
1701101032062 0.5575159192085266 0
1701101070844 0.5571416616439819 0
1701101111179 0.5566551685333252 0
1701101152566 0.5561195611953735 0
1701101192667 0.5554754734039307 0
1701101231193 0.5546108484268188 0
1701101269536 0.5538227558135986 0
1701101308105 0.5530745983123779 0
1701101346476 0.5524625778198242 0
1701101385000 0.551948070526123 0
1701101423481 0.5513492822647095 0
1701101461845 0.550757646560669 0
1701101500228 0.55018150806427 0
1701101538800 0.5496240258216858 0
1701101577101 0.548871636390686 0
1701101615593 0.5480899810791016 0
1701101654095 0.5474694967269897 0
1701101692572 0.546797513961792 0
1701101731085 0.5460561513900757 0
1701101769410 0.5451075434684753 0
1701101807806 0.5442430973052979 0
1701101846280 0.5435733795166016 0
1701101884809 0.5428533554077148 0
1701101923253 0.5419497489929199 0
1701101961668 0.5410157442092896 0
1701102000077 0.540097177028656 0
1701102039382 0.5392699241638184 0
1701102077840 0.5384984016418457 0
1701102116223 0.5376631021499634 0
1701102154703 0.5368454456329346 0
1701102193017 0.5359188318252563 0
1701102231485 0.5350204706192017 0
1701102269912 0.534062922000885 0
1701102308391 0.533352255821228 0
1701102346736 0.5325850248336792 0
1701102385161 0.5316817760467529 0
1701102423608 0.5310125350952148 0
1701102461842 0.5303525924682617 0
1701102500139 0.5296776294708252 0
1701102538504 0.5288920402526855 0
1701102577101 0.5282529592514038 0
1701102615524 0.5275505781173706 0
1701102653973 0.5267709493637085 0
1701102692412 0.5258212685585022 0
1701102730995 0.5250550508499146 0
1701102769537 0.5244226455688477 0
1701102808137 0.5238072872161865 0
1701102846786 0.5232691764831543 0
1701102885052 0.5227346420288086 0
1701102923664 0.5219863653182983 0
1701102962100 0.5211277008056641 0
1701103000489 0.5203261375427246 0
1701103038842 0.5195680856704712 0
1701103077428 0.5188968181610107 0
1701103116374 0.518073320388794 0
1701103156961 0.5172910690307617 0
1701103197654 0.5167174339294434 0
1701103237927 0.5161452293395996 0
1701103276379 0.5156232714653015 0
1701103314841 0.5151362419128418 0
1701103353364 0.5147032737731934 0
1701103391776 0.5143089294433594 0
1701103430184 0.5139307975769043 0
1701103468641 0.5132321715354919 0
1701103507087 0.5126084685325623 0
1701103545460 0.5120496153831482 0
1701103584013 0.511602520942688 0
1701103622440 0.5110636949539185 0
1701103660881 0.5105594396591187 0
1701103699368 0.5101863741874695 0
1701103737744 0.5097258687019348 0
1701103776492 0.5092860460281372 0
1701103814788 0.5087685585021973 0
1701103853156 0.5083010196685791 0
1701103891804 0.5078994035720825 0
1701103930219 0.5075414776802063 0
1701103968698 0.5071955919265747 0
1701104007380 0.5068338513374329 0
1701104045828 0.5062932968139648 0
1701104084398 0.5058422088623047 0
1701104123060 0.5054634809494019 0
1701104161520 0.5052297115325928 0
1701104200020 0.5049353837966919 0
1701104238449 0.5045748949050903 0
1701104277012 0.504228413105011 0
1701104315533 0.5039011240005493 0
1701104353941 0.5035021305084229 0
1701104392555 0.5031896829605103 0
1701104431148 0.502943754196167 0
1701104469636 0.5027782320976257 0
1701104508316 0.5025608539581299 0
1701104546890 0.5023135542869568 0
1701104585532 0.5020755529403687 0
1701104624301 0.501929759979248 0
1701104662895 0.5018102526664734 0
1701104701489 0.5016001462936401 0
1701104739891 0.5012459754943848 0
1701104780727 0.5008944869041443 0
1701104821137 0.5006486177444458 0
1701104862360 0.5005354881286621 0
1701104901381 0.5003114342689514 0
1701104939832 0.5000651478767395 0
1701104978304 0.49979251623153687 0
1701105016728 0.4994843602180481 0
1701105055299 0.4992517828941345 0
1701105093849 0.4990593194961548 0
1701105132323 0.49881285429000854 0
1701105170695 0.4984722137451172 0
1701105209247 0.4982428550720215 0
1701105247781 0.498085618019104 0
1701105286565 0.49783021211624146 0
1701105325089 0.497688889503479 0
1701105363583 0.4975266456604004 0
1701105606913 0.497334361076355 0
1701105645486 0.4972454309463501 0
1701105684039 0.4971886873245239 0
1701105722696 0.49696624279022217 0
1701105761392 0.4967750310897827 0
1701105800031 0.4965819716453552 0
1701105838541 0.4964047074317932 0
1701105877703 0.49627047777175903 0
1701105916180 0.4961830973625183 0
1701105954784 0.49613523483276367 0
1701105993812 0.4961811304092407 0
1701106032324 0.4962656497955322 0
1701106070791 0.4962540864944458 0
1701106109381 0.4961774945259094 0
1701106147924 0.49587738513946533 0
1701106186330 0.4953562617301941 0
1701106225031 0.4952888488769531 0
1701106263604 0.4953264594078064 0
1701106302036 0.4953892230987549 0
1701106340480 0.4953911304473877 0
1701106379084 0.4953669309616089 0
1701106417704 0.49534517526626587 0
1701106456181 0.49535083770751953 0
1701106494796 0.4953581690788269 0
1701106533351 0.4953019618988037 0
1701106571827 0.495246946811676 0
1701106610273 0.4952082633972168 0
1701106648720 0.4952804446220398 0
1701106687212 0.4952933192253113 0
1701106725625 0.49526530504226685 0
1701106763981 0.49518507719039917 0
1701106802309 0.49514341354370117 0
1701106840582 0.49506664276123047 0
1701106879025 0.49503111839294434 0
1701106917581 0.4950876235961914 0
1701106955881 0.495089054107666 0
1701106994297 0.49505752325057983 0
1701107032689 0.49499833583831787 0
1701107071081 0.49491429328918457 0
1701107109881 0.4948562979698181 0
1701107150561 0.4948573112487793 0
1701107191149 0.49488890171051025 0
1701107231513 0.4949459433555603 0
1701107269797 0.49500197172164917 0
1701107308330 0.4950343370437622 0
1701107346885 0.4950602650642395 0
1701107385360 0.4950897693634033 0
1701107423881 0.4950578808784485 0
1701107462439 0.49504369497299194 0
1701107500932 0.4950690269470215 0
1701107539349 0.4950858950614929 0
1701107578064 0.49508970975875854 0
1701107616717 0.49503928422927856 0
1701107655131 0.4950096011161804 0
1701107693482 0.49493682384490967 0
1701107732200 0.4948451519012451 0
1701107770680 0.4947391152381897 0
1701107809144 0.4947962164878845 0
1701107847642 0.49480384588241577 0
1701107886034 0.4948895573616028 0
1701107924720 0.49484241008758545 0
1701107963331 0.4948384165763855 0
1701108001860 0.49495917558670044 0
1701108040321 0.4950407147407532 0
1701108078780 0.49511247873306274 0
1701108117253 0.4951859712600708 0
1701108155733 0.4952782988548279 0
1701108194498 0.49536246061325073 0
1701108233215 0.49538654088974 0
1701108271844 0.495388925075531 0
1701108310280 0.49536246061325073 0
1701108348749 0.49537748098373413 0
1701108387320 0.495397686958313 0
1701108425888 0.49542200565338135 0
1701108464345 0.49550527334213257 0
1701108502755 0.49553465843200684 0
1701108541333 0.4955342411994934 0
1701108579777 0.4955889582633972 0
1701108618337 0.4956064224243164 0
1701108656778 0.49566853046417236 0
1701108696355 0.4957278370857239 0
1701108736068 0.4957546591758728 0
1701108776544 0.49583929777145386 0
1701108816271 0.49590635299682617 0
1701108854584 0.49584507942199707 0
1701108892904 0.49582529067993164 0
1701108931287 0.4958339333534241 0
1701108969804 0.49586671590805054 0
1701109008353 0.4959392547607422 0
1701109046804 0.4959504008293152 0
1701109085145 0.4960535764694214 0
1701109123612 0.49617868661880493 0
1701109162009 0.4961850047111511 0
1701109200604 0.4961661696434021 0
1701109239521 0.4962349534034729 0
1701109277908 0.4961305856704712 0
1701109316333 0.49612563848495483 0
1701109354624 0.4962136149406433 0
1701109392899 0.4963065981864929 0
1701109431057 0.4962869882583618 0
1701109469257 0.4963141679763794 0
1701109507509 0.4963960647583008 0
1701109545642 0.4964762330055237 0
1701109583961 0.4965417981147766 0
1701109622105 0.49658697843551636 0
1701109660352 0.49658501148223877 0
1701109698601 0.4966144561767578 0
1701109736855 0.49667251110076904 0
1701109775048 0.49676865339279175 0
1701109813209 0.49684274196624756 0
1701109851332 0.4969061017036438 0
1701109889624 0.4969016909599304 0
1701109927748 0.4969625473022461 0
1701109966088 0.49703049659729004 0
1701110004762 0.49699854850769043 0
1701110043012 0.4969835877418518 0
1701110081363 0.4970005750656128 0
1701110119601 0.49702000617980957 0
1701110157844 0.4970729351043701 0
1701110195911 0.4971746802330017 0
1701110234140 0.4972533583641052 0
1701110272312 0.4972992539405823 0
1701110310592 0.49732500314712524 0
1701110348902 0.4973738193511963 0
1701110390495 0.49745088815689087 0
1701110428757 0.4975373148918152 0
1701110467179 0.49762165546417236 0
1701110505421 0.4976773262023926 0
1701110543744 0.49774235486984253 0
1701110582137 0.4976901412010193 0
1701110620592 0.4977458119392395 0
1701110658989 0.49778294563293457 0
1701110698947 0.49785780906677246 0
