1701084715434 4096.0 0
1701084749790 4096.0 0
1701084788339 4096.0 0
1701084826711 4096.0 0
1701084864848 4096.0 0
1701084903070 4096.0 0
1701084941185 4096.0 0
1701084979583 4096.0 0
1701085017726 4096.0 0
1701085056005 4096.0 0
1701085094261 4096.0 0
1701085133029 4096.0 0
1701085171325 4096.0 0
1701085209644 4096.0 0
1701085248602 4096.0 0
1701085288397 4096.0 0
1701085329436 4096.0 0
1701085369413 4096.0 0
1701085407687 4096.0 0
1701085445859 4096.0 0
1701085484035 4096.0 0
1701085522239 4096.0 0
1701085560420 4096.0 0
1701085598571 4096.0 0
1701085636819 4096.0 0
1701085675102 4096.0 0
1701085713396 4096.0 0
1701085751602 4096.0 0
1701085789993 4096.0 0
1701085828337 4096.0 0
1701085866598 4096.0 0
1701085904785 4096.0 0
1701085942948 4096.0 0
1701085981226 4096.0 0
1701086019497 4096.0 0
1701086057856 4096.0 0
1701086096188 4096.0 0
1701086134313 4096.0 0
1701086172583 4096.0 0
1701086210673 4096.0 0
1701086248961 4096.0 0
1701086287375 4096.0 0
1701086325591 4096.0 0
1701086363658 4096.0 0
1701086401900 4096.0 0
1701086440407 4096.0 0
1701086478668 4096.0 0
1701086516844 4096.0 0
1701086555109 4096.0 0
1701086593434 4096.0 0
1701086631872 4096.0 0
1701086670251 4096.0 0
1701086708566 4096.0 0
1701086746841 4096.0 0
1701086785043 4096.0 0
1701086824043 4096.0 0
1701086864567 4096.0 0
1701086905452 4096.0 0
1701086945594 4096.0 0
1701086984026 4096.0 0
1701087022358 4096.0 0
1701087060510 4096.0 0
1701087098819 4096.0 0
1701087137062 4096.0 0
1701087175365 4096.0 0
1701087213649 4096.0 0
1701087251904 4096.0 0
1701087290153 4096.0 0
1701087328669 4096.0 0
1701087366913 4096.0 0
1701087405090 4096.0 0
1701087443512 4096.0 0
1701087481940 4096.0 0
1701087520365 4096.0 0
1701087558587 4096.0 0
1701087597439 4096.0 0
1701087635648 4096.0 0
1701087674000 4096.0 0
1701087712147 4096.0 0
1701087750352 4096.0 0
1701087788629 4096.0 0
1701087826835 4096.0 0
1701087864958 4096.0 0
1701087903328 4096.0 0
1701087941468 4096.0 0
1701087979640 4096.0 0
1701088017838 4096.0 0
1701088055993 4096.0 0
1701088094336 4096.0 0
1701088132553 4096.0 0
1701088170652 4096.0 0
1701088208845 4096.0 0
1701088246935 4096.0 0
1701088285192 4096.0 0
1701088323546 4096.0 0
1701088361873 4096.0 0
1701088400241 4096.0 0
1701088438606 4096.0 0
1701088476753 4096.0 0
1701088515062 4096.0 0
1701088553337 4096.0 0
1701088591542 4096.0 0
1701088629845 4096.0 0
1701088668797 4096.0 0
1701088709060 4096.0 0
1701088749141 4096.0 0
1701088789333 4096.0 0
1701088827585 4096.0 0
1701088865838 4096.0 0
1701088903942 4096.0 0
1701088942176 4096.0 0
1701088980427 4096.0 0
1701089018639 4096.0 0
1701089056884 4096.0 0
1701089095124 4096.0 0
1701089133204 4096.0 0
1701089171323 4096.0 0
1701089209458 4096.0 0
1701089247762 4096.0 0
1701089286095 4096.0 0
1701089324303 4096.0 0
1701089362590 4096.0 0
1701089400909 4096.0 0
1701089439105 4096.0 0
1701089477272 4096.0 0
1701089515539 4096.0 0
1701089553709 4096.0 0
1701089591963 4096.0 0
1701089629994 4096.0 0
1701089668322 4096.0 0
1701089706442 4096.0 0
1701089744732 4096.0 0
1701089782996 4096.0 0
1701089821268 4096.0 0
1701089897801 4096.0 0
1701089936553 4096.0 0
1701089975023 4096.0 0
1701090013661 4096.0 0
1701090052415 4096.0 0
1701090091131 4096.0 0
1701090130176 4096.0 0
1701090170694 4096.0 0
1701090211135 4096.0 0
1701090251847 4096.0 0
1701090290303 4096.0 0
1701090328821 4096.0 0
1701090367315 4096.0 0
1701090405829 4096.0 0
1701090444251 4096.0 0
1701090482750 4096.0 0
1701090521172 4096.0 0
1701090560013 4096.0 0
1701090598649 4096.0 0
1701090637026 4096.0 0
1701090675510 4096.0 0
1701090713866 4096.0 0
1701090752340 4096.0 0
1701090790800 4096.0 0
1701090829486 4096.0 0
1701090867946 4096.0 0
1701090906387 4096.0 0
1701090944829 4096.0 0
1701090983243 4096.0 0
1701091021715 4096.0 0
1701091060117 4096.0 0
1701091098893 4096.0 0
1701091137524 4096.0 0
1701091175996 4096.0 0
1701091214799 4096.0 0
1701091253343 4096.0 0
1701091291740 4096.0 0
1701091330210 4096.0 0
1701091368621 4096.0 0
1701091407214 4096.0 0
1701091445712 4096.0 0
1701091484392 4096.0 0
1701091522771 4096.0 0
1701091561206 4096.0 0
1701091599619 4096.0 0
1701091638121 4096.0 0
1701091676537 4096.0 0
1701091715077 4096.0 0
1701091753533 4096.0 0
1701091792063 4096.0 0
1701091830780 4096.0 0
1701091869400 4096.0 0
1701091907858 4096.0 0
1701091946308 4096.0 0
1701091984884 4096.0 0
1701092023448 4096.0 0
1701092061923 4096.0 0
1701092100533 4096.0 0
1701092139028 4096.0 0
1701092177495 4096.0 0
1701092216099 4096.0 0
1701092254440 4096.0 0
1701092292886 4096.0 0
1701092331588 4096.0 0
1701092370168 4096.0 0
1701092408864 4096.0 0
1701092447505 4096.0 0
1701092485901 4096.0 0
1701092524520 4096.0 0
1701092563000 4096.0 0
1701092602629 4096.0 0
1701092642375 4096.0 0
1701092682699 4096.0 0
1701092723059 4096.0 0
1701092761626 4096.0 0
1701092800167 4096.0 0
1701092838668 4096.0 0
1701092877256 4096.0 0
1701092915908 4096.0 0
1701092954367 4096.0 0
1701092992779 4096.0 0
1701093031246 4096.0 0
1701093069728 4096.0 0
1701093108066 4096.0 0
1701093146667 4096.0 0
1701093185128 4096.0 0
1701093223515 4096.0 0
1701093261944 4096.0 0
1701093300424 4096.0 0
1701093338971 4096.0 0
1701093377387 4096.0 0
1701093415944 4096.0 0
1701093454515 4096.0 0
1701093492960 4096.0 0
1701093531462 4096.0 0
1701093569781 4096.0 0
1701093608145 4096.0 0
1701093646653 4096.0 0
1701093685014 4096.0 0
1701093723542 4096.0 0
1701093762131 4096.0 0
1701093800601 4096.0 0
1701093839195 4096.0 0
1701093877587 4096.0 0
1701093916040 4096.0 0
1701093954524 4096.0 0
1701093993095 4096.0 0
1701094031638 4096.0 0
1701094069945 4096.0 0
1701094108463 4096.0 0
1701094147096 4096.0 0
1701094185526 4096.0 0
1701094223980 4096.0 0
1701094262407 4096.0 0
1701094300863 4096.0 0
1701094339320 4096.0 0
1701094377727 4096.0 0
1701094416332 4096.0 0
1701094454765 4096.0 0
1701094493242 4096.0 0
1701094532964 4096.0 0
1701094572742 4096.0 0
1701094613335 4096.0 0
1701094652673 4096.0 0
1701094691096 4096.0 0
1701094729528 4096.0 0
1701094767940 4096.0 0
1701094806259 4096.0 0
1701094844529 4096.0 0
1701094883088 4096.0 0
1701094921402 4096.0 0
1701094959943 4096.0 0
1701094998316 4096.0 0
1701095085962 4096.0 0
1701095124285 4096.0 0
1701095162759 4096.0 0
1701095201126 4096.0 0
1701095239765 4096.0 0
1701095278118 4096.0 0
1701095316340 4096.0 0
1701095354870 4096.0 0
1701095393299 4096.0 0
1701095431704 4096.0 0
1701095469966 4096.0 0
1701095508422 4096.0 0
1701095546838 4096.0 0
1701095585372 4096.0 0
1701095623746 4096.0 0
1701095662233 4096.0 0
1701095701986 4096.0 0
1701095742936 4096.0 0
1701095784456 4096.0 0
1701095823402 4096.0 0
1701095861783 4096.0 0
1701095900164 4096.0 0
1701095938875 4096.0 0
1701095977379 4096.0 0
1701096015887 4096.0 0
1701096054203 4096.0 0
1701096096041 4096.0 0
1701096134327 4096.0 0
1701096172851 4096.0 0
1701096211321 4096.0 0
1701096249801 4096.0 0
1701096288273 4096.0 0
1701096326716 4096.0 0
1701096365204 4096.0 0
1701096403687 4096.0 0
1701096442270 4096.0 0
1701096480772 4096.0 0
1701096519287 4096.0 0
1701096557994 4096.0 0
1701096596388 4096.0 0
1701096634817 4096.0 0
1701096673443 4096.0 0
1701096711858 4096.0 0
1701096750244 4096.0 0
1701096788768 4096.0 0
1701096827172 4096.0 0
1701096865689 4096.0 0
1701096904103 4096.0 0
1701096942543 4096.0 0
1701096981003 4096.0 0
1701097019320 4096.0 0
1701097057700 4096.0 0
1701097096753 4096.0 0
1701097135194 4096.0 0
1701097173724 4096.0 0
1701097212153 4096.0 0
1701097250563 4096.0 0
1701097289098 4096.0 0
1701097327686 4096.0 0
1701097366175 4096.0 0
1701097404785 4096.0 0
1701097443190 4096.0 0
1701097481600 4096.0 0
1701097519968 4096.0 0
1701097558657 4096.0 0
1701097597126 4096.0 0
1701097635501 4096.0 0
1701097673891 4096.0 0
1701097712352 4096.0 0
1701097750750 4096.0 0
1701097789265 4096.0 0
1701097827542 4096.0 0
1701097866034 4096.0 0
1701097904360 4096.0 0
1701097946172 4096.0 0
1701097984617 4096.0 0
1701098023106 4096.0 0
1701098061611 4096.0 0
1701098101498 4096.0 0
1701098141242 4096.0 0
1701098182121 4096.0 0
1701098222683 4096.0 0
1701098261193 4096.0 0
1701098299538 4096.0 0
1701098337991 4096.0 0
1701098376378 4096.0 0
1701098414915 4096.0 0
1701098453398 4096.0 0
1701098491970 4096.0 0
1701098530485 4096.0 0
1701098568841 4096.0 0
1701098607288 4096.0 0
1701098645511 4096.0 0
1701098683835 4096.0 0
1701098722282 4096.0 0
1701098760785 4096.0 0
1701098799217 4096.0 0
1701098837650 4096.0 0
1701098876078 4096.0 0
1701098914388 4096.0 0
1701098952830 4096.0 0
1701098991130 4096.0 0
1701099029475 4096.0 0
1701099068006 4096.0 0
1701099106393 4096.0 0
1701099144975 4096.0 0
1701099183282 4096.0 0
1701099221778 4096.0 0
1701099260347 4096.0 0
1701099298822 4096.0 0
1701099337200 4096.0 0
1701099375643 4096.0 0
1701099415803 4096.0 0
1701099455590 4096.0 0
1701099496270 4096.0 0
1701099535863 4096.0 0
1701099574197 4096.0 0
1701099612551 4096.0 0
1701099650979 4096.0 0
1701099689381 4096.0 0
1701099727946 4096.0 0
1701099766346 4096.0 0
1701099804933 4096.0 0
1701099843336 4096.0 0
1701099881568 4096.0 0
1701099919962 4096.0 0
1701099958446 4096.0 0
1701099996933 4096.0 0
1701100035403 4096.0 0
1701100073892 4096.0 0
1701100112429 4096.0 0
1701100150905 4096.0 0
1701100189284 4096.0 0
1701100265607 4096.0 0
1701100304046 4096.0 0
1701100342519 4096.0 0
1701100381082 4096.0 0
1701100419485 4096.0 0
1701100457929 4096.0 0
1701100496377 4096.0 0
1701100534752 4096.0 0
1701100573297 4096.0 0
1701100611756 4096.0 0
1701100650197 4096.0 0
1701100688621 4096.0 0
1701100727248 4096.0 0
1701100765700 4096.0 0
1701100804100 4096.0 0
1701100842552 4096.0 0
1701100880793 4096.0 0
1701100919194 4096.0 0
1701100957586 4096.0 0
1701100996112 4096.0 0
1701101034419 4096.0 0
1701101073282 4096.0 0
1701101113859 4096.0 0
1701101155026 4096.0 0
1701101195102 4096.0 0
1701101233527 4096.0 0
1701101271837 4096.0 0
1701101310363 4096.0 0
1701101348801 4096.0 0
1701101387282 4096.0 0
1701101425815 4096.0 0
1701101464187 4096.0 0
1701101502547 4096.0 0
1701101541075 4096.0 0
1701101579449 4096.0 0
1701101617873 4096.0 0
1701101656354 4096.0 0
1701101695050 4096.0 0
1701101733395 4096.0 0
1701101771744 4096.0 0
1701101810093 4096.0 0
1701101848601 4096.0 0
1701101887135 4096.0 0
1701101925578 4096.0 0
1701101963933 4096.0 0
1701102002437 4096.0 0
1701102041770 4096.0 0
1701102080162 4096.0 0
1701102118562 4096.0 0
1701102157025 4096.0 0
1701102195353 4096.0 0
1701102233810 4096.0 0
1701102272250 4096.0 0
1701102310688 4096.0 0
1701102349010 4096.0 0
1701102387533 4096.0 0
1701102425893 4096.0 0
1701102464149 4096.0 0
1701102502441 4096.0 0
1701102540816 4096.0 0
1701102579379 4096.0 0
1701102617830 4096.0 0
1701102656354 4096.0 0
1701102694778 4096.0 0
1701102733381 4096.0 0
1701102771961 4096.0 0
1701102810548 4096.0 0
1701102849135 4096.0 0
1701102887337 4096.0 0
1701102926031 4096.0 0
1701102964444 4096.0 0
1701103002782 4096.0 0
1701103041297 4096.0 0
1701103079774 4096.0 0
1701103118799 4096.0 0
1701103159440 4096.0 0
1701103200080 4096.0 0
1701103240263 4096.0 0
1701103278709 4096.0 0
1701103317239 4096.0 0
1701103355657 4096.0 0
1701103394067 4096.0 0
1701103432555 4096.0 0
1701103470955 4096.0 0
1701103509403 4096.0 0
1701103547794 4096.0 0
1701103586362 4096.0 0
1701103624747 4096.0 0
1701103663249 4096.0 0
1701103701657 4096.0 0
1701103740039 4096.0 0
1701103778742 4096.0 0
1701103817054 4096.0 0
1701103855516 4096.0 0
1701103894140 4096.0 0
1701103932548 4096.0 0
1701103971006 4096.0 0
1701104009744 4096.0 0
1701104048215 4096.0 0
1701104086778 4096.0 0
1701104125377 4096.0 0
1701104163798 4096.0 0
1701104202355 4096.0 0
1701104240758 4096.0 0
1701104279334 4096.0 0
1701104317835 4096.0 0
1701104356341 4096.0 0
1701104394973 4096.0 0
1701104433515 4096.0 0
1701104472013 4096.0 0
1701104510648 4096.0 0
1701104549354 4096.0 0
1701104587958 4096.0 0
1701104626667 4096.0 0
1701104665259 4096.0 0
1701104703819 4096.0 0
1701104742227 4096.0 0
1701104783235 4096.0 0
1701104824026 4096.0 0
1701104864879 4096.0 0
1701104903673 4096.0 0
1701104942223 4096.0 0
1701104980634 4096.0 0
1701105019126 4096.0 0
1701105057593 4096.0 0
1701105096163 4096.0 0
1701105134657 4096.0 0
1701105173030 4096.0 0
1701105211624 4096.0 0
1701105250125 4096.0 0
1701105288935 4096.0 0
1701105327455 4096.0 0
1701105365936 4096.0 0
1701105609268 4096.0 0
1701105647812 4096.0 0
1701105686392 4096.0 0
1701105724987 4096.0 0
1701105763766 4096.0 0
1701105802400 4096.0 0
1701105840868 4096.0 0
1701105880072 4096.0 0
1701105918505 4096.0 0
1701105957100 4096.0 0
1701105996198 4096.0 0
1701106034634 4096.0 0
1701106073109 4096.0 0
1701106111751 4096.0 0
1701106150210 4096.0 0
1701106188680 4096.0 0
1701106227355 4096.0 0
1701106265923 4096.0 0
1701106304373 4096.0 0
1701106342841 4096.0 0
1701106381464 4096.0 0
1701106420022 4096.0 0
1701106458639 4096.0 0
1701106497149 4096.0 0
1701106535678 4096.0 0
1701106574137 4096.0 0
1701106612585 4096.0 0
1701106651080 4096.0 0
1701106689534 4096.0 0
1701106727996 4096.0 0
1701106766298 4096.0 0
1701106804640 4096.0 0
1701106842893 4096.0 0
1701106881477 4096.0 0
1701106920020 4096.0 0
1701106958260 4096.0 0
1701106996632 4096.0 0
1701107035064 4096.0 0
1701107073389 4096.0 0
1701107112282 4096.0 0
1701107153024 4096.0 0
1701107194037 4096.0 0
1701107233839 4096.0 0
1701107272112 4096.0 0
1701107310649 4096.0 0
1701107349260 4096.0 0
1701107387700 4096.0 0
1701107426227 4096.0 0
1701107464794 4096.0 0
1701107503223 4096.0 0
1701107541792 4096.0 0
1701107580500 4096.0 0
1701107619031 4096.0 0
1701107657453 4096.0 0
1701107695836 4096.0 0
1701107734478 4096.0 0
1701107773027 4096.0 0
1701107811502 4096.0 0
1701107850007 4096.0 0
1701107888427 4096.0 0
1701107927041 4096.0 0
1701107965628 4096.0 0
1701108004200 4096.0 0
1701108042700 4096.0 0
1701108081101 4096.0 0
1701108119586 4096.0 0
1701108158054 4096.0 0
1701108196905 4096.0 0
1701108235567 4096.0 0
1701108274142 4096.0 0
1701108312588 4096.0 0
1701108351098 4096.0 0
1701108389648 4096.0 0
1701108428264 4096.0 0
1701108466684 4096.0 0
1701108505220 4096.0 0
1701108543621 4096.0 0
1701108582180 4096.0 0
1701108620701 4096.0 0
1701108659147 4096.0 0
1701108698754 4096.0 0
1701108738466 4096.0 0
1701108779211 4096.0 0
1701108818540 4096.0 0
1701108856892 4096.0 0
1701108895227 4096.0 0
1701108933649 4096.0 0
1701108972095 4096.0 0
1701109010675 4096.0 0
1701109049130 4096.0 0
1701109087459 4096.0 0
1701109125910 4096.0 0
1701109164368 4096.0 0
1701109202933 4096.0 0
1701109241821 4096.0 0
1701109280270 4096.0 0
1701109318709 4096.0 0
1701109356926 4096.0 0
1701109395181 4096.0 0
1701109433343 4096.0 0
1701109471658 4096.0 0
1701109509853 4096.0 0
1701109548006 4096.0 0
1701109586275 4096.0 0
1701109624384 4096.0 0
1701109662658 4096.0 0
1701109700890 4096.0 0
1701109739189 4096.0 0
1701109777342 4096.0 0
1701109815524 4096.0 0
1701109853615 4096.0 0
1701109891933 4096.0 0
1701109930023 4096.0 0
1701109968375 4096.0 0
1701110007040 4096.0 0
1701110045363 4096.0 0
1701110083682 4096.0 0
1701110121882 4096.0 0
1701110160135 4096.0 0
1701110198221 4096.0 0
1701110236428 4096.0 0
1701110274650 4096.0 0
1701110312936 4096.0 0
1701110354676 4096.0 0
1701110392779 4096.0 0
1701110431109 4096.0 0
1701110469472 4096.0 0
1701110507810 4096.0 0
1701110546158 4096.0 0
1701110584529 4096.0 0
1701110622910 4096.0 0
1701110661360 4096.0 0
1701110701870 4096.0 0
