1701084713105 0.0 0
1701084747445 -0.00010404487838968634 0
1701084785945 -0.0012360535212792457 0
1701084824374 0.00432246932759881 0
1701084862482 0.019752846285700797 0
1701084900697 0.045395830273628236 0
1701084938847 0.08260086178779602 0
1701084977209 0.13211580514907836 0
1701085015357 0.19474856853485106 0
1701085053666 0.2705398082733154 0
1701085091882 0.35952105522155764 0
1701085130678 0.4613532066345215 0
1701085168939 0.5757009506225585 0
1701085207288 0.7032220840454102 0
1701085246190 0.8451639175415039 0
1701085285924 1.00126953125 0
1701085326925 1.1712810516357421 0
1701085366958 1.3553680419921874 0
1701085405234 1.5532402038574218 0
1701085443529 1.7647232055664062 0
1701085481697 1.99010009765625 0
1701085519926 2.2303230285644533 0
1701085558025 2.48477783203125 0
1701085596206 2.752302551269531 0
1701085634520 3.032781982421875 0
1701085672754 3.323954772949219 0
1701085711025 3.6144317626953124 0
1701085749281 3.91947021484375 0
1701085787658 4.238259887695312 0
1701085825954 4.560617065429687 0
1701085864253 4.8916748046875 0
1701085902429 5.2341552734375 0
1701085940605 5.572381591796875 0
1701085978894 5.898333740234375 0
1701086017118 6.237237548828125 0
1701086055541 6.59517822265625 0
1701086093822 6.963330078125 0
1701086131984 7.328271484375 0
1701086170222 7.698291015625 0
1701086208326 8.074237060546874 0
1701086246561 8.48349609375 0
1701086285029 8.85068359375 0
1701086323232 9.2111328125 0
1701086361341 9.58785400390625 0
1701086399546 9.9337646484375 0
1701086438009 10.27301025390625 0
1701086476334 10.591650390625 0
1701086514489 10.89468994140625 0
1701086552780 11.19713134765625 0
1701086591071 11.51490478515625 0
1701086629400 11.8892578125 0
1701086667810 12.22216796875 0
1701086706148 12.43310546875 0
1701086744503 12.6556640625 0
1701086782709 12.9288818359375 0
1701086821621 13.1186279296875 0
1701086862138 13.2897216796875 0
1701086902976 13.5130859375 0
1701086943178 13.747216796875 0
1701086981616 13.9458984375 0
1701087020030 14.1434814453125 0
1701087058202 14.3897216796875 0
1701087096437 14.6346435546875 0
1701087134730 14.8640869140625 0
1701087173041 15.04423828125 0
1701087211269 15.24990234375 0
1701087249517 15.489404296875 0
1701087287809 15.725048828125 0
1701087326302 15.956005859375 0
1701087364554 16.1212890625 0
1701087402769 16.31201171875 0
1701087441109 16.457861328125 0
1701087479550 16.584814453125 0
1701087518052 16.767529296875 0
1701087556288 16.9728515625 0
1701087595092 17.084130859375 0
1701087633310 17.213671875 0
1701087671673 17.422021484375 0
1701087709866 17.631787109375 0
1701087748065 17.8912109375 0
1701087786289 18.10947265625 0
1701087824529 18.321337890625 0
1701087862589 18.472900390625 0
1701087900981 18.642138671875 0
1701087939149 18.8060546875 0
1701087977341 19.0 0
1701088015503 19.21533203125 0
1701088053716 19.348486328125 0
1701088091971 19.502880859375 0
1701088130233 19.7978515625 0
1701088168341 20.0734375 0
1701088206525 20.33408203125 0
1701088244628 20.56669921875 0
1701088282890 20.7111328125 0
1701088321113 20.79873046875 0
1701088359453 20.791796875 0
1701088397801 20.9015625 0
1701088436240 21.163671875 0
1701088474413 21.41396484375 0
1701088512702 21.6087890625 0
1701088550961 21.7873046875 0
1701088589201 22.02822265625 0
1701088627471 22.27197265625 0
1701088666288 22.4994140625 0
1701088706576 22.67412109375 0
1701088746588 22.89248046875 0
1701088786976 23.161328125 0
1701088825229 23.391796875 0
1701088863473 23.68212890625 0
1701088901581 23.85361328125 0
1701088939825 24.01767578125 0
1701088978061 24.22041015625 0
1701089016326 24.3546875 0
1701089054577 24.58154296875 0
1701089092805 24.85009765625 0
1701089130866 25.1072265625 0
1701089169004 25.41845703125 0
1701089207149 25.6263671875 0
1701089245398 25.76259765625 0
1701089283709 25.8919921875 0
1701089321877 26.1662109375 0
1701089360252 26.63359375 0
1701089398549 27.093359375 0
1701089436758 27.48515625 0
1701089474949 27.956640625 0
1701089513184 28.309375 0
1701089551330 28.6244140625 0
1701089589670 28.9732421875 0
1701089627699 29.3904296875 0
1701089665950 29.7685546875 0
1701089704113 30.14921875 0
1701089742292 30.53359375 0
1701089780646 30.7861328125 0
1701089818922 31.0904296875 0
1701089895473 31.06640625 0
1701089934167 30.5478515625 0
1701089972696 30.091796875 0
1701090011230 29.5859375 0
1701090050053 29.09453125 0
1701090088810 28.6720703125 0
1701090127791 28.2306640625 0
1701090167896 27.7947265625 0
1701090208544 27.322265625 0
1701090249456 26.9341796875 0
1701090287977 26.4458984375 0
1701090326439 25.914453125 0
1701090364945 25.351953125 0
1701090403433 24.7732421875 0
1701090441953 24.2728515625 0
1701090480399 23.840234375 0
1701090518828 23.3814453125 0
1701090557701 22.9349609375 0
1701090596325 22.49140625 0
1701090634684 22.0728515625 0
1701090673182 21.6765625 0
1701090711609 21.2951171875 0
1701090750062 20.8349609375 0
1701090788525 20.355859375 0
1701090827162 19.9537109375 0
1701090865624 19.584765625 0
1701090904061 19.1078125 0
1701090942530 18.6564453125 0
1701090980917 18.1044921875 0
1701091019417 17.467578125 0
1701091057801 16.9908203125 0
1701091096546 16.459765625 0
1701091135025 15.988671875 0
1701091173670 15.60546875 0
1701091212458 15.2177734375 0
1701091251005 14.8388671875 0
1701091289452 14.49921875 0
1701091327865 14.171875 0
1701091366348 13.8228515625 0
1701091404871 13.4357421875 0
1701091443373 13.0609375 0
1701091482033 12.6876953125 0
1701091520496 12.36875 0
1701091558845 12.06015625 0
1701091597293 11.7466796875 0
1701091635761 11.4509765625 0
1701091674201 11.1501953125 0
1701091712677 10.8369140625 0
1701091751204 10.55859375 0
1701091789714 10.2666015625 0
1701091828425 9.9431640625 0
1701091867098 9.565234375 0
1701091905537 9.20703125 0
1701091943980 8.91875 0
1701091982505 8.6287109375 0
1701092021137 8.3111328125 0
1701092059585 7.95390625 0
1701092098173 7.6310546875 0
1701092136646 7.32265625 0
1701092175179 6.9666015625 0
1701092213737 6.625 0
1701092252117 6.2734375 0
1701092290560 5.9546875 0
1701092329237 5.626171875 0
1701092367848 5.3212890625 0
1701092406486 5.0259765625 0
1701092445215 4.749609375 0
1701092483633 4.4501953125 0
1701092522133 4.1505859375 0
1701092560569 3.9072265625 0
1701092600181 3.6744140625 0
1701092639906 3.428125 0
1701092680179 3.1796875 0
1701092720665 2.934375 0
1701092759325 2.6853515625 0
1701092797826 2.4240234375 0
1701092836393 2.18828125 0
1701092874865 1.982421875 0
1701092913574 1.7599609375 0
1701092951994 1.5294921875 0
1701092990441 1.3298828125 0
1701093028905 1.1033203125 0
1701093067389 0.8630859375 0
1701093105791 0.6431640625 0
1701093144357 0.45859375 0
1701093182833 0.2623046875 0
1701093221201 0.06640625 0
1701093259661 -0.1244140625 0
1701093298111 -0.3111328125 0
1701093336585 -0.50859375 0
1701093375038 -0.7365234375 0
1701093413485 -0.957421875 0
1701093452190 -1.1767578125 0
1701093490643 -1.37890625 0
1701093529145 -1.5537109375 0
1701093567453 -1.721875 0
1701093605782 -1.887890625 0
1701093644304 -2.04765625 0
1701093682701 -2.238671875 0
1701093721224 -2.432421875 0
1701093759812 -2.637109375 0
1701093798264 -2.866796875 0
1701093836756 -3.1021484375 0
1701093875244 -3.3052734375 0
1701093913701 -3.4775390625 0
1701093952213 -3.640625 0
1701093990709 -3.8103515625 0
1701094029317 -3.965625 0
1701094067637 -4.1146484375 0
1701094106021 -4.26171875 0
1701094144706 -4.4119140625 0
1701094183139 -4.5755859375 0
1701094221658 -4.71171875 0
1701094260081 -4.8552734375 0
1701094298578 -4.9908203125 0
1701094336985 -5.1087890625 0
1701094375409 -5.2224609375 0
1701094414001 -5.3392578125 0
1701094452449 -5.46015625 0
1701094490945 -5.5873046875 0
1701094530467 -5.71796875 0
1701094570351 -5.8705078125 0
1701094610672 -6.056640625 0
1701094650336 -6.233984375 0
1701094688766 -6.36796875 0
1701094727229 -6.4849609375 0
1701094765603 -6.584765625 0
1701094803966 -6.6869140625 0
1701094842222 -6.796875 0
1701094880765 -6.8951171875 0
1701094919118 -6.9859375 0
1701094957613 -7.07421875 0
1701094996021 -7.154296875 0
1701095083653 -7.2359375 0
1701095121920 -7.31796875 0
1701095160373 -7.395703125 0
1701095198789 -7.473046875 0
1701095237415 -7.552734375 0
1701095275761 -7.63359375 0
1701095314073 -7.726953125 0
1701095352510 -7.830078125 0
1701095391010 -7.931640625 0
1701095429397 -8.0328125 0
1701095467673 -8.1125 0
1701095506149 -8.1751953125 0
1701095544502 -8.2384765625 0
1701095582888 -8.296875 0
1701095621431 -8.36171875 0
1701095659911 -8.4095703125 0
1701095699502 -8.4787109375 0
1701095740503 -8.583203125 0
1701095781737 -8.6419921875 0
1701095821053 -8.67734375 0
1701095859453 -8.7041015625 0
1701095897846 -8.7353515625 0
1701095936442 -8.7740234375 0
1701095974955 -8.8220703125 0
1701096013498 -8.8767578125 0
1701096051882 -8.9119140625 0
1701096090281 -8.944140625 0
1701096132001 -8.975390625 0
1701096170522 -9.0009765625 0
1701096208895 -9.0216796875 0
1701096247412 -9.0419921875 0
1701096285896 -9.0576171875 0
1701096324353 -9.0685546875 0
1701096362903 -9.0826171875 0
1701096401344 -9.0947265625 0
1701096439893 -9.1068359375 0
1701096478449 -9.1150390625 0
1701096516901 -9.1205078125 0
1701096555547 -9.122265625 0
1701096594060 -9.1216796875 0
1701096632500 -9.121875 0
1701096671129 -9.122265625 0
1701096709531 -9.119140625 0
1701096747930 -9.11640625 0
1701096786418 -9.108984375 0
1701096824810 -9.090625 0
1701096863349 -9.0794921875 0
1701096901649 -9.073828125 0
1701096940209 -9.066015625 0
1701096978710 -9.0546875 0
1701097017067 -9.0453125 0
1701097055372 -9.0333984375 0
1701097094492 -9.0177734375 0
1701097132877 -8.9982421875 0
1701097171378 -8.976171875 0
1701097209821 -8.9560546875 0
1701097248185 -8.9365234375 0
1701097286694 -8.9126953125 0
1701097325190 -8.8869140625 0
1701097363858 -8.857421875 0
1701097402407 -8.8296875 0
1701097440896 -8.8013671875 0
1701097479271 -8.766015625 0
1701097517686 -8.7306640625 0
1701097556365 -8.6896484375 0
1701097594773 -8.64609375 0
1701097633237 -8.60390625 0
1701097671537 -8.561328125 0
1701097710021 -8.5181640625 0
1701097748440 -8.4775390625 0
1701097786949 -8.4365234375 0
1701097825234 -8.3931640625 0
1701097863737 -8.3482421875 0
1701097902009 -8.29921875 0
1701097940325 -8.2583984375 0
1701097982293 -8.2162109375 0
1701098020760 -8.173828125 0
1701098059181 -8.13359375 0
1701098098596 -8.0861328125 0
1701098138566 -8.0390625 0
1701098179350 -7.997265625 0
1701098220320 -7.95234375 0
1701098258873 -7.9060546875 0
1701098297182 -7.85703125 0
1701098335705 -7.80546875 0
1701098374050 -7.7509765625 0
1701098412609 -7.6953125 0
1701098451097 -7.64375 0
1701098489621 -7.5916015625 0
1701098528161 -7.537109375 0
1701098566517 -7.4845703125 0
1701098604921 -7.4330078125 0
1701098643193 -7.3763671875 0
1701098681549 -7.3193359375 0
1701098719989 -7.2603515625 0
1701098758485 -7.2 0
1701098796898 -7.13515625 0
1701098835361 -7.071484375 0
1701098873745 -7.011328125 0
1701098912052 -6.953515625 0
1701098950453 -6.891015625 0
1701098988785 -6.8275390625 0
1701099027145 -6.758203125 0
1701099065593 -6.687109375 0
1701099104055 -6.6203125 0
1701099142614 -6.5537109375 0
1701099180948 -6.4908203125 0
1701099219429 -6.4248046875 0
1701099257997 -6.358984375 0
1701099296542 -6.2931640625 0
1701099334878 -6.2240234375 0
1701099373320 -6.1556640625 0
1701099413173 -6.088671875 0
1701099453087 -6.018359375 0
1701099493804 -5.945703125 0
1701099533525 -5.8705078125 0
1701099571897 -5.7970703125 0
1701099610261 -5.72734375 0
1701099648561 -5.65625 0
1701099686939 -5.583984375 0
1701099725503 -5.5103515625 0
1701099764061 -5.4359375 0
1701099802492 -5.363671875 0
1701099841003 -5.292578125 0
1701099879294 -5.2197265625 0
1701099917655 -5.1462890625 0
1701099956158 -5.0728515625 0
1701099994593 -4.99609375 0
1701100033081 -4.917578125 0
1701100071573 -4.8423828125 0
1701100110061 -4.7638671875 0
1701100148532 -4.684765625 0
1701100186929 -4.611328125 0
1701100263273 -4.536328125 0
1701100301745 -4.4560546875 0
1701100340238 -4.380078125 0
1701100378721 -4.303515625 0
1701100417148 -4.2291015625 0
1701100455586 -4.15546875 0
1701100494044 -4.082421875 0
1701100532437 -4.0099609375 0
1701100570881 -3.937109375 0
1701100609394 -3.864453125 0
1701100647860 -3.78984375 0
1701100686242 -3.7177734375 0
1701100724941 -3.64609375 0
1701100763414 -3.572265625 0
1701100801761 -3.4966796875 0
1701100840218 -3.421484375 0
1701100878521 -3.3482421875 0
1701100916877 -3.2755859375 0
1701100955285 -3.2037109375 0
1701100993781 -3.134765625 0
1701101032059 -3.0662109375 0
1701101070841 -2.9982421875 0
1701101111176 -2.9296875 0
1701101152563 -2.8607421875 0
1701101192664 -2.7892578125 0
1701101231191 -2.712890625 0
1701101269533 -2.6376953125 0
1701101308101 -2.5662109375 0
1701101346473 -2.4978515625 0
1701101384996 -2.435546875 0
1701101423477 -2.374609375 0
1701101461842 -2.313671875 0
1701101500225 -2.2533203125 0
1701101538797 -2.1962890625 0
1701101577099 -2.137109375 0
1701101615589 -2.075390625 0
1701101654092 -2.0177734375 0
1701101692569 -1.9634765625 0
1701101731081 -1.9078125 0
1701101769406 -1.850390625 0
1701101807804 -1.7912109375 0
1701101846277 -1.739453125 0
1701101884805 -1.690234375 0
1701101923249 -1.6376953125 0
1701101961664 -1.584765625 0
1701102000074 -1.5333984375 0
1701102039379 -1.484375 0
1701102077837 -1.4384765625 0
1701102116220 -1.3927734375 0
1701102154699 -1.3490234375 0
1701102193014 -1.303515625 0
1701102231481 -1.26015625 0
1701102269909 -1.2158203125 0
1701102308388 -1.1759765625 0
1701102346733 -1.1396484375 0
1701102385158 -1.099609375 0
1701102423605 -1.06328125 0
1701102461839 -1.0314453125 0
1701102500136 -0.9990234375 0
1701102538501 -0.96640625 0
1701102577097 -0.9345703125 0
1701102615521 -0.9048828125 0
1701102653970 -0.8744140625 0
1701102692409 -0.8396484375 0
1701102730992 -0.808203125 0
1701102769534 -0.7798828125 0
1701102808134 -0.755078125 0
1701102846783 -0.7310546875 0
1701102885049 -0.7087890625 0
1701102923660 -0.683984375 0
1701102962097 -0.65625 0
1701103000486 -0.6283203125 0
1701103038839 -0.6013671875 0
1701103077425 -0.5783203125 0
1701103116371 -0.553125 0
1701103156959 -0.5271484375 0
1701103197652 -0.5048828125 0
1701103237923 -0.485546875 0
1701103276376 -0.46796875 0
1701103314837 -0.4509765625 0
1701103353361 -0.435546875 0
1701103391773 -0.42109375 0
1701103430181 -0.408203125 0
1701103468638 -0.3912109375 0
1701103507083 -0.3708984375 0
1701103545457 -0.3533203125 0
1701103584010 -0.3384765625 0
1701103622437 -0.3228515625 0
1701103660878 -0.307421875 0
1701103699365 -0.29453125 0
1701103737741 -0.2822265625 0
1701103776489 -0.2693359375 0
1701103814785 -0.2544921875 0
1701103853153 -0.240234375 0
1701103891801 -0.227734375 0
1701103930216 -0.2171875 0
1701103968695 -0.20703125 0
1701104007377 -0.1970703125 0
1701104045824 -0.18359375 0
1701104084395 -0.169921875 0
1701104123057 -0.1583984375 0
1701104161517 -0.1498046875 0
1701104200017 -0.142578125 0
1701104238446 -0.1328125 0
1701104277009 -0.123046875 0
1701104315529 -0.1140625 0
1701104353937 -0.103515625 0
1701104392553 -0.0935546875 0
1701104431146 -0.0861328125 0
1701104469632 -0.0802734375 0
1701104508313 -0.074609375 0
1701104546887 -0.068359375 0
1701104585529 -0.0615234375 0
1701104624297 -0.0560546875 0
1701104662892 -0.0521484375 0
1701104701486 -0.0482421875 0
1701104739888 -0.0396484375 0
1701104780724 -0.0302734375 0
1701104821134 -0.020703125 0
1701104862357 -0.01640625 0
1701104901377 -0.012109375 0
1701104939829 -0.0052734375 0
1701104978301 0.00234375 0
1701105016725 0.0107421875 0
1701105055297 0.0185546875 0
1701105093845 0.0248046875 0
1701105132320 0.0310546875 0
1701105170693 0.0400390625 0
1701105209244 0.0486328125 0
1701105247777 0.0541015625 0
1701105286563 0.060546875 0
1701105325085 0.0666015625 0
1701105363580 0.0708984375 0
1701105606910 0.076953125 0
1701105645483 0.0814453125 0
1701105684036 0.0828125 0
1701105722692 0.087890625 0
1701105761389 0.094921875 0
1701105800028 0.101171875 0
1701105838537 0.1076171875 0
1701105877700 0.112890625 0
1701105916177 0.116015625 0
1701105954781 0.1189453125 0
1701105993809 0.119140625 0
1701106032321 0.116796875 0
1701106070787 0.115625 0
1701106109378 0.11875 0
1701106147920 0.122265625 0
1701106186327 0.141015625 0
1701106225028 0.15 0
1701106263601 0.150390625 0
1701106302033 0.1490234375 0
1701106340477 0.1484375 0
1701106379081 0.149609375 0
1701106417701 0.1505859375 0
1701106456177 0.15234375 0
1701106494793 0.1521484375 0
1701106533348 0.1537109375 0
1701106571824 0.15546875 0
1701106610270 0.1583984375 0
1701106648717 0.158203125 0
1701106687209 0.156640625 0
1701106725622 0.158203125 0
1701106763977 0.1609375 0
1701106802306 0.1638671875 0
1701106840578 0.165625 0
1701106879022 0.16953125 0
1701106917577 0.16953125 0
1701106955877 0.1685546875 0
1701106994294 0.1703125 0
1701107032686 0.17265625 0
1701107071077 0.1765625 0
1701107109878 0.1798828125 0
1701107150558 0.181640625 0
1701107191146 0.181640625 0
1701107231510 0.1802734375 0
1701107269794 0.1791015625 0
1701107308326 0.1783203125 0
1701107346882 0.177734375 0
1701107385356 0.177734375 0
1701107423878 0.1783203125 0
1701107462436 0.1796875 0
1701107500929 0.18125 0
1701107539345 0.1796875 0
1701107578062 0.1802734375 0
1701107616713 0.1826171875 0
1701107655129 0.1845703125 0
1701107693479 0.1880859375 0
1701107732197 0.191796875 0
1701107770677 0.1974609375 0
1701107809141 0.1978515625 0
1701107847639 0.19765625 0
1701107886031 0.1966796875 0
1701107924717 0.1966796875 0
1701107963329 0.19921875 0
1701108001857 0.197265625 0
1701108040318 0.19375 0
1701108078777 0.1919921875 0
1701108117250 0.189453125 0
1701108155730 0.1869140625 0
1701108194495 0.183984375 0
1701108233212 0.1826171875 0
1701108271841 0.18359375 0
1701108310277 0.184375 0
1701108348746 0.185546875 0
1701108387317 0.185546875 0
1701108425885 0.185546875 0
1701108464341 0.183203125 0
1701108502752 0.181640625 0
1701108541330 0.1822265625 0
1701108579774 0.181640625 0
1701108618333 0.1814453125 0
1701108656775 0.1794921875 0
1701108696352 0.177734375 0
1701108736065 0.17578125 0
1701108776541 0.1748046875 0
1701108816268 0.1720703125 0
1701108854581 0.1716796875 0
1701108892901 0.17578125 0
1701108931284 0.17578125 0
1701108969801 0.17578125 0
1701109008350 0.1740234375 0
1701109046800 0.1736328125 0
1701109085142 0.17109375 0
1701109123609 0.166015625 0
1701109162006 0.1640625 0
1701109200601 0.165625 0
1701109239518 0.1638671875 0
1701109277905 0.1662109375 0
1701109316330 0.16875 0
1701109354620 0.1677734375 0
1701109392896 0.1634765625 0
1701109431054 0.1625 0
1701109469254 0.1638671875 0
1701109507505 0.1611328125 0
1701109545639 0.1583984375 0
1701109583957 0.155078125 0
1701109622101 0.1537109375 0
1701109660349 0.15234375 0
1701109698597 0.1529296875 0
1701109736852 0.1513671875 0
1701109775045 0.1484375 0
1701109813205 0.144140625 0
1701109851329 0.1416015625 0
1701109889621 0.140625 0
1701109927745 0.1400390625 0
1701109966085 0.1375 0
1701110004759 0.1369140625 0
1701110043009 0.138671875 0
1701110081359 0.138671875 0
1701110119597 0.138671875 0
1701110157841 0.1375 0
1701110195908 0.133203125 0
1701110234136 0.1298828125 0
1701110272309 0.126953125 0
1701110310589 0.125390625 0
1701110348899 0.1240234375 0
1701110390492 0.1216796875 0
1701110428754 0.11796875 0
1701110467176 0.1142578125 0
1701110505418 0.1107421875 0
1701110543740 0.108203125 0
1701110582133 0.1087890625 0
1701110620588 0.1087890625 0
1701110658985 0.1060546875 0
1701110698944 0.10390625 0
