1701084713106 0.09999926388263702 0
1701084747446 0.7060861587524414 0
1701084785947 -0.03721775859594345 0
1701084824375 -1.2196781635284424 0
1701084862484 -2.5484917163848877 0
1701084900699 -3.9589126110076904 0
1701084938849 -5.425570487976074 0
1701084977211 -6.934719562530518 0
1701085015358 -8.476725578308105 0
1701085053668 -10.043569564819336 0
1701085091883 -11.628559112548828 0
1701085130680 -13.226261138916016 0
1701085168940 -14.832282066345215 0
1701085207290 -16.44387435913086 0
1701085246192 -18.06032371520996 0
1701085285926 -19.681325912475586 0
1701085326926 -21.30607032775879 0
1701085366960 -22.93373680114746 0
1701085405236 -24.56350326538086 0
1701085443531 -26.194459915161133 0
1701085481698 -27.825963973999023 0
1701085519928 -29.457740783691406 0
1701085558027 -31.089641571044922 0
1701085596208 -32.721195220947266 0
1701085634522 -34.35165786743164 0
1701085672756 -35.980445861816406 0
1701085711027 -37.6047477722168 0
1701085749283 -39.22309875488281 0
1701085787660 -40.836631774902344 0
1701085825956 -42.44477081298828 0
1701085864255 -44.046878814697266 0
1701085902430 -45.64328384399414 0
1701085940607 -47.23328399658203 0
1701085978896 -48.813926696777344 0
1701086017120 -50.384490966796875 0
1701086055543 -51.946903228759766 0
1701086093824 -53.502952575683594 0
1701086131986 -55.052730560302734 0
1701086170224 -56.595947265625 0
1701086208328 -58.132320404052734 0
1701086246563 -59.66439437866211 0
1701086285031 -61.19109344482422 0
1701086323233 -62.70881652832031 0
1701086361342 -64.21858978271484 0
1701086399548 -65.71897888183594 0
1701086438010 -67.2086410522461 0
1701086476335 -68.68656158447266 0
1701086514491 -70.15141296386719 0
1701086552782 -71.60325622558594 0
1701086591072 -73.04299926757812 0
1701086629402 -74.47457122802734 0
1701086667812 -75.89962005615234 0
1701086706150 -77.31246948242188 0
1701086744505 -78.70902252197266 0
1701086782711 -80.09224700927734 0
1701086821623 -81.46183776855469 0
1701086862139 -82.81503295898438 0
1701086902977 -84.15385437011719 0
1701086943179 -85.48125457763672 0
1701086981618 -86.79772186279297 0
1701087020031 -88.10261535644531 0
1701087058204 -89.39851379394531 0
1701087096439 -90.68695831298828 0
1701087134731 -91.9687271118164 0
1701087173043 -93.24217987060547 0
1701087211271 -94.50694274902344 0
1701087249518 -95.76492309570312 0
1701087287811 -97.01737213134766 0
1701087326303 -98.2649154663086 0
1701087364556 -99.50567626953125 0
1701087402771 -100.73893737792969 0
1701087441111 -101.96460723876953 0
1701087479552 -103.18080139160156 0
1701087518053 -104.38895416259766 0
1701087556290 -105.59154510498047 0
1701087595094 -106.78721618652344 0
1701087633312 -107.974365234375 0
1701087671674 -109.15576934814453 0
1701087709867 -110.33319854736328 0
1701087748067 -111.50861358642578 0
1701087786290 -112.6825942993164 0
1701087824531 -113.85440826416016 0
1701087862591 -115.02262115478516 0
1701087900982 -116.18601989746094 0
1701087939151 -117.34514617919922 0
1701087977343 -118.50006866455078 0
1701088015505 -119.65281677246094 0
1701088053718 -120.80182647705078 0
1701088091973 -121.94601440429688 0
1701088130234 -123.08876037597656 0
1701088168343 -124.23265838623047 0
1701088206527 -125.3774642944336 0
1701088244630 -126.5227279663086 0
1701088282892 -127.66594696044922 0
1701088321114 -128.8043670654297 0
1701088359454 -129.93458557128906 0
1701088397802 -131.05654907226562 0
1701088436241 -132.17535400390625 0
1701088474414 -133.29408264160156 0
1701088512704 -134.4125518798828 0
1701088550963 -135.5294189453125 0
1701088589203 -136.64537048339844 0
1701088627472 -137.76171875 0
1701088666290 -138.87831115722656 0
1701088706577 -139.99395751953125 0
1701088746590 -141.1083526611328 0
1701088786978 -142.2231903076172 0
1701088825231 -143.33834838867188 0
1701088863475 -144.45481872558594 0
1701088901583 -145.57151794433594 0
1701088939827 -146.68603515625 0
1701088978063 -147.7990264892578 0
1701089016328 -148.90957641601562 0
1701089054579 -150.01812744140625 0
1701089092807 -151.12698364257812 0
1701089130867 -152.2364501953125 0
1701089169005 -153.34786987304688 0
1701089207151 -154.46043395996094 0
1701089245399 -155.57135009765625 0
1701089283710 -156.67941284179688 0
1701089321879 -157.78565979003906 0
1701089360253 -158.89556884765625 0
1701089398551 -160.01229858398438 0
1701089436759 -161.1350860595703 0
1701089474950 -162.2644500732422 0
1701089513186 -163.39944458007812 0
1701089551331 -164.53750610351562 0
1701089589672 -165.67807006835938 0
1701089627701 -166.82235717773438 0
1701089665952 -167.97048950195312 0
1701089704115 -169.1219482421875 0
1701089742293 -170.27679443359375 0
1701089780647 -171.43307495117188 0
1701089818924 -172.589599609375 0
1701089895474 -173.74339294433594 0
1701089934169 -174.88235473632812 0
1701089972698 -176.0009002685547 0
1701090011232 -177.09767150878906 0
1701090050055 -178.17196655273438 0
1701090088812 -179.2254638671875 0
1701090127793 -180.25900268554688 0
1701090167898 -181.2735137939453 0
1701090208546 -182.26870727539062 0
1701090249458 -183.24594116210938 0
1701090287979 -184.2053985595703 0
1701090326441 -185.1455841064453 0
1701090364947 -186.06581115722656 0
1701090403435 -186.96554565429688 0
1701090441955 -187.84552001953125 0
1701090480400 -188.70806884765625 0
1701090518830 -189.55404663085938 0
1701090557702 -190.38397216796875 0
1701090596327 -191.19808959960938 0
1701090634686 -191.99717712402344 0
1701090673183 -192.7819061279297 0
1701090711610 -193.55319213867188 0
1701090750063 -194.3104248046875 0
1701090788526 -195.0523223876953 0
1701090827163 -195.7794952392578 0
1701090865625 -196.4936981201172 0
1701090904062 -197.1940155029297 0
1701090942531 -197.87954711914062 0
1701090980919 -198.54942321777344 0
1701091019418 -199.20040893554688 0
1701091057803 -199.83367919921875 0
1701091096548 -200.4501953125 0
1701091135026 -201.0500946044922 0
1701091173671 -201.6357879638672 0
1701091212460 -202.20852661132812 0
1701091251006 -202.76882934570312 0
1701091289453 -203.31739807128906 0
1701091327867 -203.85519409179688 0
1701091366350 -204.3821563720703 0
1701091404873 -204.89755249023438 0
1701091443375 -205.40084838867188 0
1701091482035 -205.89205932617188 0
1701091520498 -206.3719024658203 0
1701091558846 -206.84140014648438 0
1701091597295 -207.30067443847656 0
1701091635763 -207.75009155273438 0
1701091674202 -208.1898651123047 0
1701091712679 -208.6195526123047 0
1701091751205 -209.0396728515625 0
1701091789715 -209.45033264160156 0
1701091828427 -209.85105895996094 0
1701091867099 -210.2402801513672 0
1701091905539 -210.6171417236328 0
1701091943982 -210.98284912109375 0
1701091982507 -211.3383331298828 0
1701092021139 -211.68341064453125 0
1701092059586 -212.01686096191406 0
1701092098175 -212.3384246826172 0
1701092136647 -212.6488037109375 0
1701092175180 -212.9472198486328 0
1701092213739 -213.233154296875 0
1701092252119 -213.50633239746094 0
1701092290562 -213.76710510253906 0
1701092329239 -214.0155487060547 0
1701092367850 -214.25201416015625 0
1701092406487 -214.47682189941406 0
1701092445216 -214.69056701660156 0
1701092483634 -214.89320373535156 0
1701092522135 -215.08404541015625 0
1701092560570 -215.2640380859375 0
1701092600183 -215.4342803955078 0
1701092639908 -215.59478759765625 0
1701092680181 -215.74534606933594 0
1701092720667 -215.8858642578125 0
1701092759327 -216.01617431640625 0
1701092797827 -216.13584899902344 0
1701092836395 -216.24493408203125 0
1701092874867 -216.34432983398438 0
1701092913575 -216.4343719482422 0
1701092951996 -216.514404296875 0
1701092990443 -216.58502197265625 0
1701093028907 -216.64598083496094 0
1701093067391 -216.69656372070312 0
1701093105792 -216.73655700683594 0
1701093144358 -216.7669219970703 0
1701093182834 -216.7880401611328 0
1701093221203 -216.7997589111328 0
1701093259663 -216.80210876464844 0
1701093298112 -216.79518127441406 0
1701093336587 -216.77879333496094 0
1701093375039 -216.75192260742188 0
1701093413486 -216.71395874023438 0
1701093452191 -216.6646728515625 0
1701093490644 -216.60421752929688 0
1701093529146 -216.53347778320312 0
1701093567455 -216.45314025878906 0
1701093605784 -216.36341857910156 0
1701093644306 -216.26454162597656 0
1701093682702 -216.15591430664062 0
1701093721226 -216.03663635253906 0
1701093759814 -215.90618896484375 0
1701093798266 -215.76345825195312 0
1701093836758 -215.60748291015625 0
1701093875246 -215.43833923339844 0
1701093913703 -215.2573699951172 0
1701093952215 -215.06549072265625 0
1701093990711 -214.86280822753906 0
1701094029318 -214.64950561523438 0
1701094067638 -214.42596435546875 0
1701094106023 -214.1923065185547 0
1701094144707 -213.9485626220703 0
1701094183141 -213.6940460205078 0
1701094221660 -213.4290771484375 0
1701094260083 -213.15390014648438 0
1701094298579 -212.8684844970703 0
1701094336986 -212.57339477539062 0
1701094375410 -212.26913452148438 0
1701094414003 -211.9556884765625 0
1701094452451 -211.63284301757812 0
1701094490947 -211.30026245117188 0
1701094530468 -210.9575653076172 0
1701094570352 -210.6038818359375 0
1701094610674 -210.23756408691406 0
1701094650338 -209.85740661621094 0
1701094688767 -209.4644775390625 0
1701094727231 -209.06008911132812 0
1701094765604 -208.64544677734375 0
1701094803967 -208.22100830078125 0
1701094842224 -207.7865753173828 0
1701094880767 -207.34213256835938 0
1701094919120 -206.88816833496094 0
1701094957615 -206.42481994628906 0
1701094996023 -205.9524688720703 0
1701095083654 -205.47116088867188 0
1701095121921 -204.9808807373047 0
1701095160375 -204.4815673828125 0
1701095198790 -203.973388671875 0
1701095237417 -203.45611572265625 0
1701095275762 -202.92959594726562 0
1701095314074 -202.3932647705078 0
1701095352512 -201.8462677001953 0
1701095391012 -201.28822326660156 0
1701095429399 -200.71881103515625 0
1701095467675 -200.13851928710938 0
1701095506151 -199.54847717285156 0
1701095544504 -198.94927978515625 0
1701095582890 -198.34121704101562 0
1701095621433 -197.72415161132812 0
1701095659913 -197.09832763671875 0
1701095699504 -196.46376037597656 0
1701095740505 -195.81822204589844 0
1701095781739 -195.1619110107422 0
1701095821054 -194.49668884277344 0
1701095859455 -193.8238067626953 0
1701095897847 -193.14370727539062 0
1701095936443 -192.45603942871094 0
1701095974957 -191.76026916503906 0
1701096013499 -191.05548095703125 0
1701096051883 -190.34207153320312 0
1701096090283 -189.62059020996094 0
1701096132003 -188.89122009277344 0
1701096170524 -188.15419006347656 0
1701096208897 -187.40989685058594 0
1701096247414 -186.65847778320312 0
1701096285898 -185.90013122558594 0
1701096324354 -185.1352081298828 0
1701096362904 -184.3637237548828 0
1701096401346 -183.5856170654297 0
1701096439895 -182.80093383789062 0
1701096478451 -182.00970458984375 0
1701096516903 -181.21214294433594 0
1701096555548 -180.4084930419922 0
1701096594061 -179.59896850585938 0
1701096632502 -178.78363037109375 0
1701096671131 -177.96238708496094 0
1701096709533 -177.13539123535156 0
1701096747932 -176.30262756347656 0
1701096786420 -175.4642791748047 0
1701096824812 -174.62100219726562 0
1701096863351 -173.7729034423828 0
1701096901650 -172.91957092285156 0
1701096940211 -172.0607452392578 0
1701096978712 -171.19656372070312 0
1701097017068 -170.3269805908203 0
1701097055374 -169.4519805908203 0
1701097094493 -168.5718536376953 0
1701097132879 -167.68679809570312 0
1701097171379 -166.7971954345703 0
1701097209823 -165.90306091308594 0
1701097248186 -165.00424194335938 0
1701097286695 -164.1008758544922 0
1701097325191 -163.19317626953125 0
1701097363860 -162.28143310546875 0
1701097402409 -161.36569213867188 0
1701097440898 -160.44590759277344 0
1701097479273 -159.5224151611328 0
1701097517687 -158.5955352783203 0
1701097556367 -157.6654815673828 0
1701097594774 -156.73277282714844 0
1701097633239 -155.7974853515625 0
1701097671538 -154.85963439941406 0
1701097710023 -153.91920471191406 0
1701097748442 -152.97608947753906 0
1701097786951 -152.0301055908203 0
1701097825236 -151.08140563964844 0
1701097863739 -150.13006591796875 0
1701097902011 -149.176513671875 0
1701097940327 -148.22032165527344 0
1701097982295 -147.26132202148438 0
1701098020762 -146.29940795898438 0
1701098059183 -145.33433532714844 0
1701098098598 -144.3664093017578 0
1701098138568 -143.3959503173828 0
1701098179352 -142.42274475097656 0
1701098220322 -141.4464874267578 0
1701098258875 -140.46739196777344 0
1701098297184 -139.4856719970703 0
1701098335707 -138.50157165527344 0
1701098374051 -137.51544189453125 0
1701098412610 -136.52761840820312 0
1701098451098 -135.53793334960938 0
1701098489623 -134.54608154296875 0
1701098528163 -133.55227661132812 0
1701098566519 -132.55645751953125 0
1701098604923 -131.55838012695312 0
1701098643194 -130.55824279785156 0
1701098681551 -129.5563201904297 0
1701098719991 -128.55284118652344 0
1701098758487 -127.54802703857422 0
1701098796899 -126.54218292236328 0
1701098835363 -125.53569793701172 0
1701098873747 -124.52822875976562 0
1701098912053 -123.51939392089844 0
1701098950455 -122.50924682617188 0
1701098988787 -121.49807739257812 0
1701099027147 -120.48632049560547 0
1701099065595 -119.47476196289062 0
1701099104057 -118.46324157714844 0
1701099142615 -117.4515609741211 0
1701099180950 -116.43932342529297 0
1701099219430 -115.42632293701172 0
1701099257999 -114.41281127929688 0
1701099296543 -113.3987045288086 0
1701099334879 -112.38424682617188 0
1701099373322 -111.36970520019531 0
1701099413175 -110.3549575805664 0
1701099453088 -109.34012603759766 0
1701099493805 -108.3256607055664 0
1701099533527 -107.31206512451172 0
1701099571898 -106.29955291748047 0
1701099610262 -105.28775787353516 0
1701099648563 -104.27635192871094 0
1701099686940 -103.26561737060547 0
1701099725504 -102.2557144165039 0
1701099764063 -101.24702453613281 0
1701099802493 -100.23944854736328 0
1701099841004 -99.23271179199219 0
1701099879296 -98.22684478759766 0
1701099917657 -97.22216796875 0
1701099956160 -96.21869659423828 0
1701099994595 -95.21686553955078 0
1701100033082 -94.21741485595703 0
1701100071575 -93.22029876708984 0
1701100110063 -92.22566223144531 0
1701100148534 -91.2341079711914 0
1701100186931 -90.24527740478516 0
1701100263274 -89.25874328613281 0
1701100301747 -88.27533721923828 0
1701100340240 -87.29542541503906 0
1701100378723 -86.31878662109375 0
1701100417150 -85.34535217285156 0
1701100455588 -84.37490844726562 0
1701100494046 -83.40739440917969 0
1701100532438 -82.4426498413086 0
1701100570882 -81.48091125488281 0
1701100609396 -80.5223159790039 0
1701100647862 -79.56727600097656 0
1701100686244 -78.61602020263672 0
1701100724943 -77.66836547851562 0
1701100763415 -76.72461700439453 0
1701100801763 -75.78585815429688 0
1701100840219 -74.85261535644531 0
1701100878523 -73.92501831054688 0
1701100916878 -73.00289916992188 0
1701100955287 -72.08647918701172 0
1701100993783 -71.17546844482422 0
1701101032060 -70.26962280273438 0
1701101070842 -69.36911010742188 0
1701101111177 -68.47402954101562 0
1701101152564 -67.58506774902344 0
1701101192666 -66.7032470703125 0
1701101231192 -65.83035278320312 0
1701101269534 -64.96834564208984 0
1701101308103 -64.11732482910156 0
1701101346475 -63.27669143676758 0
1701101384998 -62.444915771484375 0
1701101423479 -61.620880126953125 0
1701101461843 -60.80457305908203 0
1701101500226 -59.9962158203125 0
1701101538798 -59.19551086425781 0
1701101577100 -58.40263366699219 0
1701101615591 -57.619346618652344 0
1701101654093 -56.846092224121094 0
1701101692571 -56.08179473876953 0
1701101731083 -55.32672119140625 0
1701101769408 -54.58189392089844 0
1701101807805 -53.84926986694336 0
1701101846278 -53.12838363647461 0
1701101884807 -52.417510986328125 0
1701101923251 -51.71713638305664 0
1701101961666 -51.028785705566406 0
1701102000076 -50.35316467285156 0
1701102039381 -49.69029998779297 0
1701102077839 -49.039398193359375 0
1701102116221 -48.4000129699707 0
1701102154701 -47.77217483520508 0
1701102193016 -47.156253814697266 0
1701102231483 -46.55296325683594 0
1701102269911 -45.962921142578125 0
1701102308389 -45.38588333129883 0
1701102346735 -44.8199462890625 0
1701102385160 -44.26559829711914 0
1701102423607 -43.72333526611328 0
1701102461840 -43.19132995605469 0
1701102500138 -42.6690788269043 0
1701102538502 -42.15679931640625 0
1701102577099 -41.65500259399414 0
1701102615523 -41.163082122802734 0
1701102653972 -40.68136978149414 0
1701102692410 -40.21155548095703 0
1701102730993 -39.75476837158203 0
1701102769535 -39.30995178222656 0
1701102808135 -38.875244140625 0
1701102846784 -38.44979476928711 0
1701102885051 -38.03268051147461 0
1701102923662 -37.62421798706055 0
1701102962098 -37.22646713256836 0
1701103000488 -36.8411979675293 0
1701103038841 -36.468849182128906 0
1701103077427 -36.1083984375 0
1701103116373 -35.759521484375 0
1701103156960 -35.423484802246094 0
1701103197653 -35.09971618652344 0
1701103237925 -34.78648376464844 0
1701103276377 -34.48257064819336 0
1701103314839 -34.18730545043945 0
1701103353363 -33.90001678466797 0
1701103391775 -33.619998931884766 0
1701103430182 -33.346351623535156 0
1701103468639 -33.07971954345703 0
1701103507085 -32.8231201171875 0
1701103545459 -32.57701873779297 0
1701103584011 -32.34033203125 0
1701103622439 -32.112396240234375 0
1701103660879 -31.89348030090332 0
1701103699367 -31.68306541442871 0
1701103737743 -31.480012893676758 0
1701103776490 -31.284587860107422 0
1701103814787 -31.097412109375 0
1701103853155 -30.919071197509766 0
1701103891803 -30.749256134033203 0
1701103930217 -30.586973190307617 0
1701103968696 -30.431493759155273 0
1701104007378 -30.282434463500977 0
1701104045826 -30.1407527923584 0
1701104084396 -30.007997512817383 0
1701104123058 -29.88387680053711 0
1701104161519 -29.766996383666992 0
1701104200019 -29.655750274658203 0
1701104238448 -29.55036163330078 0
1701104277010 -29.451560974121094 0
1701104315531 -29.359333038330078 0
1701104353939 -29.274009704589844 0
1701104392554 -29.19611930847168 0
1701104431147 -29.124691009521484 0
1701104469634 -29.058597564697266 0
1701104508315 -28.99683380126953 0
1701104546889 -28.939495086669922 0
1701104585530 -28.886993408203125 0
1701104624299 -28.83917808532715 0
1701104662894 -28.795005798339844 0
1701104701488 -28.753864288330078 0
1701104739890 -28.717226028442383 0
1701104780726 -28.687057495117188 0
1701104821135 -28.664077758789062 0
1701104862358 -28.646732330322266 0
1701104901379 -28.633386611938477 0
1701104939830 -28.624662399291992 0
1701104978303 -28.62137794494629 0
1701105016726 -28.624231338500977 0
1701105055298 -28.633663177490234 0
1701105093847 -28.648916244506836 0
1701105132321 -28.66939926147461 0
1701105170694 -28.69594955444336 0
1701105209245 -28.729503631591797 0
1701105247779 -28.76901626586914 0
1701105286564 -28.813636779785156 0
1701105325087 -28.86370086669922 0
1701105363581 -28.91813087463379 0
1701105606911 -28.977020263671875 0
1701105645485 -29.040447235107422 0
1701105684038 -29.10682487487793 0
1701105722694 -29.176097869873047 0
1701105761390 -29.24997901916504 0
1701105800029 -29.32887840270996 0
1701105838539 -29.412992477416992 0
1701105877701 -29.502071380615234 0
1701105916179 -29.595062255859375 0
1701105954783 -29.691211700439453 0
1701105993810 -29.78912925720215 0
1701106032322 -29.887048721313477 0
1701106070789 -29.98430061340332 0
1701106109379 -30.082286834716797 0
1701106147922 -30.181869506835938 0
1701106186328 -30.2891845703125 0
1701106225029 -30.406736373901367 0
1701106263603 -30.52920913696289 0
1701106302034 -30.653047561645508 0
1701106340479 -30.776920318603516 0
1701106379083 -30.9012451171875 0
1701106417703 -31.026506423950195 0
1701106456180 -31.152732849121094 0
1701106494795 -31.279539108276367 0
1701106533350 -31.407241821289062 0
1701106571825 -31.536453247070312 0
1701106610272 -31.66773796081543 0
1701106648719 -31.80031394958496 0
1701106687210 -31.932743072509766 0
1701106725623 -32.06547927856445 0
1701106763979 -32.199501037597656 0
1701106802308 -32.335697174072266 0
1701106840580 -32.47384262084961 0
1701106879024 -32.61454391479492 0
1701106917579 -32.75688171386719 0
1701106955879 -32.899478912353516 0
1701106994295 -33.04267120361328 0
1701107032688 -33.18724060058594 0
1701107071079 -33.33414077758789 0
1701107109880 -33.48386764526367 0
1701107150560 -33.63582229614258 0
1701107191148 -33.7889289855957 0
1701107231511 -33.94215393066406 0
1701107269795 -34.09481430053711 0
1701107308328 -34.24692153930664 0
1701107346884 -34.39854431152344 0
1701107385358 -34.54997634887695 0
1701107423879 -34.70150375366211 0
1701107462437 -34.85405349731445 0
1701107500930 -35.007652282714844 0
1701107539347 -35.161624908447266 0
1701107578063 -35.31580352783203 0
1701107616715 -35.47078323364258 0
1701107655130 -35.62736129760742 0
1701107693481 -35.7860221862793 0
1701107732199 -35.947452545166016 0
1701107770678 -36.112510681152344 0
1701107809143 -36.28049087524414 0
1701107847641 -36.44927978515625 0
1701107886032 -36.618350982666016 0
1701107924719 -36.78688049316406 0
1701107963330 -36.95648956298828 0
1701108001859 -37.12649154663086 0
1701108040319 -37.29477310180664 0
1701108078779 -37.46134948730469 0
1701108117251 -37.62623596191406 0
1701108155731 -37.78932571411133 0
1701108194496 -37.95027160644531 0
1701108233214 -38.109439849853516 0
1701108271843 -38.26808547973633 0
1701108310278 -38.427154541015625 0
1701108348747 -38.58720397949219 0
1701108387319 -38.747737884521484 0
1701108425887 -38.90842819213867 0
1701108464343 -39.068843841552734 0
1701108502753 -39.22808074951172 0
1701108541332 -39.38704299926758 0
1701108579775 -39.545867919921875 0
1701108618335 -39.704246520996094 0
1701108656776 -39.86223220825195 0
1701108696354 -40.019264221191406 0
1701108736067 -40.17521667480469 0
1701108776542 -40.330257415771484 0
1701108816269 -40.48362731933594 0
1701108854583 -40.63566207885742 0
1701108892902 -40.78907775878906 0
1701108931286 -40.94395065307617 0
1701108969803 -41.09937286376953 0
1701109008352 -41.254512786865234 0
1701109046802 -41.40880584716797 0
1701109085144 -41.56242370605469 0
1701109123611 -41.71358108520508 0
1701109162007 -41.86186981201172 0
1701109200603 -42.009666442871094 0
1701109239519 -42.15743637084961 0
1701109277907 -42.305267333984375 0
1701109316331 -42.45535659790039 0
1701109354622 -42.60652160644531 0
1701109392898 -42.75619125366211 0
1701109431055 -42.90400314331055 0
1701109469255 -43.05207824707031 0
1701109507507 -43.199588775634766 0
1701109545641 -43.3453483581543 0
1701109583959 -43.488853454589844 0
1701109622103 -43.63047409057617 0
1701109660351 -43.77088165283203 0
1701109698599 -43.91122055053711 0
1701109736854 -44.05103302001953 0
1701109775046 -44.189414978027344 0
1701109813207 -44.325077056884766 0
1701109851331 -44.45824432373047 0
1701109889623 -44.58967971801758 0
1701109927746 -44.720638275146484 0
1701109966087 -44.850223541259766 0
1701110004761 -44.97840881347656 0
1701110043011 -45.10725021362305 0
1701110081361 -45.23699951171875 0
1701110119599 -45.366943359375 0
1701110157842 -45.49675369262695 0
1701110195910 -45.62501525878906 0
1701110234138 -45.75057601928711 0
1701110272310 -45.87339782714844 0
1701110310591 -45.99441909790039 0
1701110348900 -46.11418914794922 0
1701110390494 -46.2324333190918 0
1701110428756 -46.348228454589844 0
1701110467178 -46.46102523803711 0
1701110505420 -46.570709228515625 0
1701110543742 -46.677860260009766 0
1701110582135 -46.78363800048828 0
1701110620590 -46.889747619628906 0
1701110658987 -46.9948616027832 0
1701110698945 -47.09852600097656 0
