1701084713107 0.09946653246879578 0
1701084747447 0.7816652059555054 0
1701084785948 1.7351142168045044 0
1701084824376 2.9351906776428223 0
1701084862484 4.315643310546875 0
1701084900700 5.827603340148926 0
1701084938849 7.441720962524414 0
1701084977212 9.137256622314453 0
1701085015358 10.898083686828613 0
1701085053669 12.710058212280273 0
1701085091884 14.561310768127441 0
1701085130681 16.44209098815918 0
1701085168941 18.34443473815918 0
1701085207291 20.26338768005371 0
1701085246193 22.19763946533203 0
1701085285927 24.146209716796875 0
1701085326926 26.1069393157959 0
1701085366960 28.0777530670166 0
1701085405237 30.056644439697266 0
1701085443532 32.041500091552734 0
1701085481699 34.03086853027344 0
1701085519928 36.02409744262695 0
1701085558028 38.020751953125 0
1701085596208 40.019676208496094 0
1701085634522 42.01914596557617 0
1701085672757 44.01786804199219 0
1701085711027 46.009586334228516 0
1701085749284 47.99152755737305 0
1701085787661 49.96670150756836 0
1701085825956 51.93388748168945 0
1701085864255 53.891780853271484 0
1701085902431 55.84128189086914 0
1701085940608 57.780792236328125 0
1701085978897 59.70366287231445 0
1701086017121 61.608707427978516 0
1701086055544 63.50069808959961 0
1701086093825 65.38372039794922 0
1701086131987 67.25777435302734 0
1701086170225 69.12207794189453 0
1701086208328 70.9758529663086 0
1701086246563 72.82492065429688 0
1701086285032 74.66644287109375 0
1701086323234 76.49201965332031 0
1701086361343 78.3041763305664 0
1701086399549 80.09970092773438 0
1701086438011 81.87557220458984 0
1701086476336 83.62967681884766 0
1701086514491 85.35917663574219 0
1701086552783 87.06449127197266 0
1701086591073 88.74790954589844 0
1701086629403 90.41847229003906 0
1701086667813 92.07971954345703 0
1701086706151 93.71855926513672 0
1701086744506 95.32593536376953 0
1701086782712 96.90882110595703 0
1701086821623 98.46659088134766 0
1701086862140 99.99327850341797 0
1701086902978 101.4935531616211 0
1701086943180 102.97399139404297 0
1701086981618 104.43563079833984 0
1701087020032 105.87701416015625 0
1701087058204 107.3037338256836 0
1701087096440 108.7189712524414 0
1701087134732 110.12433624267578 0
1701087173043 111.5160903930664 0
1701087211272 112.89336395263672 0
1701087249519 114.26016998291016 0
1701087287812 115.61905670166016 0
1701087326304 116.9713134765625 0
1701087364556 118.31269073486328 0
1701087402772 119.6416015625 0
1701087441112 120.95780181884766 0
1701087479553 122.25724792480469 0
1701087518054 123.54290771484375 0
1701087556290 124.82001495361328 0
1701087595095 126.08560943603516 0
1701087633312 127.33628845214844 0
1701087671674 128.57781982421875 0
1701087709868 129.8138427734375 0
1701087748068 131.04840087890625 0
1701087786291 132.28260803222656 0
1701087824532 133.51483154296875 0
1701087862592 134.74192810058594 0
1701087900983 135.96139526367188 0
1701087939152 137.1742706298828 0
1701087977344 138.38059997558594 0
1701088015505 139.58462524414062 0
1701088053719 140.78302001953125 0
1701088091974 141.97344970703125 0
1701088130235 143.16287231445312 0
1701088168344 144.35670471191406 0
1701088206528 145.5543212890625 0
1701088244630 146.7546844482422 0
1701088282893 147.9525604248047 0
1701088321115 149.14212036132812 0
1701088359455 150.31637573242188 0
1701088397803 151.4752197265625 0
1701088436242 152.62916564941406 0
1701088474415 153.78448486328125 0
1701088512704 154.94081115722656 0
1701088550964 156.09532165527344 0
1701088589204 157.24935913085938 0
1701088627473 158.40567016601562 0
1701088666290 159.5639190673828 0
1701088706578 160.7215576171875 0
1701088746591 161.8778839111328 0
1701088786979 163.03640747070312 0
1701088825231 164.19688415527344 0
1701088863476 165.3612823486328 0
1701088901584 166.52732849121094 0
1701088939828 167.69003295898438 0
1701088978064 168.8507080078125 0
1701089016328 170.0073699951172 0
1701089054580 171.1610107421875 0
1701089092807 172.3163604736328 0
1701089130868 173.4739532470703 0
1701089169006 174.63668823242188 0
1701089207152 175.8027801513672 0
1701089245400 176.9663848876953 0
1701089283711 178.1249542236328 0
1701089321879 179.28067016601562 0
1701089360253 180.4450225830078 0
1701089398552 181.62461853027344 0
1701089436760 182.81777954101562 0
1701089474951 184.02581787109375 0
1701089513187 185.24656677246094 0
1701089551332 186.4746551513672 0
1701089589672 187.70880126953125 0
1701089627702 188.9516143798828 0
1701089665953 190.20338439941406 0
1701089704115 191.46295166015625 0
1701089742294 192.7305145263672 0
1701089780648 194.00155639648438 0
1701089818925 195.27371215820312 0
1701089895475 196.5403289794922 0
1701089934169 197.77529907226562 0
1701089972698 198.96725463867188 0
1701090011233 200.11407470703125 0
1701090050055 201.21514892578125 0
1701090088813 202.27467346191406 0
1701090127794 203.29513549804688 0
1701090167899 204.27891540527344 0
1701090208547 205.22608947753906 0
1701090249459 206.13983154296875 0
1701090287980 207.02099609375 0
1701090326442 207.86741638183594 0
1701090364948 208.67849731445312 0
1701090403436 209.4539031982422 0
1701090441955 210.19561767578125 0
1701090480401 210.9080810546875 0
1701090518831 211.5932159423828 0
1701090557703 212.25225830078125 0
1701090596327 212.8861083984375 0
1701090634687 213.49627685546875 0
1701090673184 214.08425903320312 0
1701090711611 214.6517333984375 0
1701090750064 215.1981658935547 0
1701090788527 215.72207641601562 0
1701090827164 216.2247772216797 0
1701090865626 216.70896911621094 0
1701090904063 217.17381286621094 0
1701090942532 217.6184844970703 0
1701090980920 218.0423583984375 0
1701091019419 218.44190979003906 0
1701091057804 218.81922912597656 0
1701091096549 219.17601013183594 0
1701091135027 219.51292419433594 0
1701091173672 219.8332061767578 0
1701091212461 220.13858032226562 0
1701091251007 220.42996215820312 0
1701091289454 220.7084503173828 0
1701091327868 220.97520446777344 0
1701091366350 221.2305450439453 0
1701091404874 221.4740753173828 0
1701091443376 221.70550537109375 0
1701091482036 221.92518615722656 0
1701091520499 222.13404846191406 0
1701091558847 222.33326721191406 0
1701091597296 222.523193359375 0
1701091635763 222.70433044433594 0
1701091674203 222.87710571289062 0
1701091712680 223.04141235351562 0
1701091751206 223.19789123535156 0
1701091789716 223.34674072265625 0
1701091828428 223.4878692626953 0
1701091867100 223.62049865722656 0
1701091905539 223.74429321289062 0
1701091943983 223.86033630371094 0
1701091982508 223.96949768066406 0
1701092021140 224.07188415527344 0
1701092059587 224.1670684814453 0
1701092098176 224.2551727294922 0
1701092136648 224.33689880371094 0
1701092175181 224.4120635986328 0
1701092213740 224.48077392578125 0
1701092252120 224.54318237304688 0
1701092290563 224.5997772216797 0
1701092329240 224.65090942382812 0
1701092367851 224.6969757080078 0
1701092406488 224.73843383789062 0
1701092445217 224.77569580078125 0
1701092483635 224.8090057373047 0
1701092522136 224.83840942382812 0
1701092560571 224.86444091796875 0
1701092600184 224.88758850097656 0
1701092639909 224.90806579589844 0
1701092680181 224.92599487304688 0
1701092720667 224.94155883789062 0
1701092759328 224.95486450195312 0
1701092797828 224.96604919433594 0
1701092836396 224.97532653808594 0
1701092874868 224.98300170898438 0
1701092913576 224.98924255371094 0
1701092951997 224.99417114257812 0
1701092990443 224.99798583984375 0
1701093028907 225.00083923339844 0
1701093067392 225.00282287597656 0
1701093105793 225.00408935546875 0
1701093144359 225.0048370361328 0
1701093182835 225.00521850585938 0
1701093221204 225.00538635253906 0
1701093259664 225.0054168701172 0
1701093298113 225.00552368164062 0
1701093336587 225.00576782226562 0
1701093375040 225.00636291503906 0
1701093413487 225.00746154785156 0
1701093452192 225.00924682617188 0
1701093490645 225.0118865966797 0
1701093529147 225.01544189453125 0
1701093567456 225.0199737548828 0
1701093605784 225.0255584716797 0
1701093644307 225.0323028564453 0
1701093682703 225.04037475585938 0
1701093721226 225.05007934570312 0
1701093759814 225.0615997314453 0
1701093798266 225.07533264160156 0
1701093836758 225.09164428710938 0
1701093875246 225.11070251464844 0
1701093913704 225.13238525390625 0
1701093952216 225.1566162109375 0
1701093990712 225.18348693847656 0
1701094029319 225.21310424804688 0
1701094067639 225.24545288085938 0
1701094106024 225.28062438964844 0
1701094144708 225.3187255859375 0
1701094183141 225.3600311279297 0
1701094221661 225.4045867919922 0
1701094260083 225.4524383544922 0
1701094298580 225.503662109375 0
1701094336987 225.55816650390625 0
1701094375411 225.61585998535156 0
1701094414004 225.6768035888672 0
1701094452452 225.74118041992188 0
1701094490947 225.80923461914062 0
1701094530469 225.8811798095703 0
1701094570353 225.9574432373047 0
1701094610675 226.03900146484375 0
1701094650339 226.12652587890625 0
1701094688768 226.21963500976562 0
1701094727231 226.31787109375 0
1701094765605 226.42079162597656 0
1701094803968 226.52821350097656 0
1701094842225 226.64036560058594 0
1701094880767 226.7573699951172 0
1701094919121 226.87905883789062 0
1701094957616 227.0054168701172 0
1701094996024 227.1362762451172 0
1701095083655 227.2717742919922 0
1701095121922 227.4119873046875 0
1701095160376 227.55699157714844 0
1701095198791 227.70680236816406 0
1701095237417 227.86163330078125 0
1701095275763 228.02162170410156 0
1701095314075 228.18722534179688 0
1701095352513 228.35910034179688 0
1701095391013 228.53762817382812 0
1701095429399 228.72311401367188 0
1701095467675 228.9154052734375 0
1701095506152 229.1138458251953 0
1701095544504 229.31809997558594 0
1701095582890 229.52813720703125 0
1701095621433 229.74417114257812 0
1701095659914 229.9659881591797 0
1701095699505 230.1937713623047 0
1701095740505 230.42921447753906 0
1701095781739 230.67236328125 0
1701095821055 230.9219207763672 0
1701095859456 231.17701721191406 0
1701095897848 231.4374237060547 0
1701095936444 231.70347595214844 0
1701095974958 231.97567749023438 0
1701096013500 232.25489807128906 0
1701096051884 232.54087829589844 0
1701096090284 232.83331298828125 0
1701096132003 233.13214111328125 0
1701096170524 233.4373016357422 0
1701096208898 233.74850463867188 0
1701096247415 234.06573486328125 0
1701096285898 234.38893127441406 0
1701096324355 234.71788024902344 0
1701096362905 235.0526580810547 0
1701096401347 235.39337158203125 0
1701096439896 235.74005126953125 0
1701096478452 236.0928192138672 0
1701096516904 236.45150756835938 0
1701096555549 236.81602478027344 0
1701096594062 237.18621826171875 0
1701096632502 237.5621337890625 0
1701096671132 237.94393920898438 0
1701096709534 238.33155822753906 0
1701096747933 238.72506713867188 0
1701096786421 239.1243896484375 0
1701096824813 239.5289764404297 0
1701096863352 239.93878173828125 0
1701096901651 240.35430908203125 0
1701096940212 240.77589416503906 0
1701096978713 241.2034454345703 0
1701097017069 241.63710021972656 0
1701097055374 242.07693481445312 0
1701097094494 242.5227813720703 0
1701097132880 242.9744873046875 0
1701097171380 243.43174743652344 0
1701097209823 243.89463806152344 0
1701097248187 244.36329650878906 0
1701097286696 244.83775329589844 0
1701097325192 245.31781005859375 0
1701097363860 245.8032684326172 0
1701097402409 246.29409790039062 0
1701097440899 246.7904510498047 0
1701097479274 247.29197692871094 0
1701097517688 247.79843139648438 0
1701097556367 248.3096160888672 0
1701097594775 248.82498168945312 0
1701097633240 249.344482421875 0
1701097671539 249.86817932128906 0
1701097710024 250.3960723876953 0
1701097748442 250.92837524414062 0
1701097786951 251.4652557373047 0
1701097825237 252.0067138671875 0
1701097863740 252.5526580810547 0
1701097902012 253.1026153564453 0
1701097940328 253.65708923339844 0
1701097982296 254.21640014648438 0
1701098020763 254.78067016601562 0
1701098059183 255.35025024414062 0
1701098098599 255.9248046875 0
1701098138569 256.5040283203125 0
1701098179353 257.0882873535156 0
1701098220322 257.6778564453125 0
1701098258876 258.2725830078125 0
1701098297185 258.872314453125 0
1701098335707 259.4767150878906 0
1701098374052 260.08538818359375 0
1701098412611 260.697998046875 0
1701098451099 261.3147888183594 0
1701098489624 261.9361267089844 0
1701098528163 262.56182861328125 0
1701098566520 263.19195556640625 0
1701098604924 263.826904296875 0
1701098643195 264.4664001464844 0
1701098681551 265.110107421875 0
1701098719991 265.7578430175781 0
1701098758488 266.4093322753906 0
1701098796900 267.0640869140625 0
1701098835364 267.72174072265625 0
1701098873748 268.3827209472656 0
1701098912054 269.0474853515625 0
1701098950456 269.716064453125 0
1701098988788 270.3880615234375 0
1701099027148 271.0628662109375 0
1701099065596 271.7394714355469 0
1701099104057 272.41802978515625 0
1701099142616 273.0989074707031 0
1701099180950 273.78253173828125 0
1701099219431 274.4692687988281 0
1701099258000 275.15875244140625 0
1701099296544 275.8510437011719 0
1701099334880 276.5458679199219 0
1701099373323 277.2428894042969 0
1701099413175 277.9422302246094 0
1701099453089 278.6437683105469 0
1701099493806 279.3468017578125 0
1701099533528 280.0506896972656 0
1701099571899 280.7550048828125 0
1701099610263 281.4602966308594 0
1701099648564 282.1669921875 0
1701099686941 282.874755859375 0
1701099725505 283.5832824707031 0
1701099764063 284.29205322265625 0
1701099802494 285.0011901855469 0
1701099841005 285.7110290527344 0
1701099879297 286.4215087890625 0
1701099917658 287.13226318359375 0
1701099956161 287.843017578125 0
1701099994595 288.5533752441406 0
1701100033083 289.2621154785156 0
1701100071575 289.96929931640625 0
1701100110064 290.6747131347656 0
1701100148535 291.3774108886719 0
1701100186932 292.07794189453125 0
1701100263275 292.77685546875 0
1701100301747 293.472900390625 0
1701100340240 294.1654968261719 0
1701100378724 294.85504150390625 0
1701100417151 295.5415344238281 0
1701100455589 296.22528076171875 0
1701100494047 296.9063415527344 0
1701100532439 297.5848083496094 0
1701100570883 298.26031494140625 0
1701100609396 298.9327697753906 0
1701100647862 299.6015625 0
1701100686245 300.2663269042969 0
1701100724944 300.92724609375 0
1701100763416 301.5839538574219 0
1701100801764 302.2347717285156 0
1701100840220 302.8790283203125 0
1701100878524 303.5165710449219 0
1701100916879 304.1474914550781 0
1701100955288 304.77154541015625 0
1701100993784 305.38922119140625 0
1701101032061 306.00067138671875 0
1701101070843 306.6056213378906 0
1701101111178 307.2040710449219 0
1701101152565 307.7950134277344 0
1701101192666 308.3770751953125 0
1701101231193 308.9480895996094 0
1701101269535 309.50543212890625 0
1701101308104 310.049072265625 0
1701101346475 310.579833984375 0
1701101384999 311.0997009277344 0
1701101423480 311.61016845703125 0
1701101461844 312.111328125 0
1701101500227 312.6029052734375 0
1701101538799 313.08526611328125 0
1701101577101 313.5583190917969 0
1701101615592 314.0200500488281 0
1701101654094 314.469970703125 0
1701101692571 314.909423828125 0
1701101731084 315.3382263183594 0
1701101769409 315.7552795410156 0
1701101807806 316.1586608886719 0
1701101846279 316.54901123046875 0
1701101884808 316.9282531738281 0
1701101923252 317.2959899902344 0
1701101961667 317.65093994140625 0
1701102000076 317.9925537109375 0
1701102039381 318.3209533691406 0
1701102077840 318.6371765136719 0
1701102116222 318.9418640136719 0
1701102154702 319.2351989746094 0
1701102193017 319.5171203613281 0
1701102231484 319.78704833984375 0
1701102269911 320.0447692871094 0
1701102308390 320.2907409667969 0
1701102346736 320.52679443359375 0
1701102385161 320.7527770996094 0
1701102423608 320.9684753417969 0
1701102461841 321.1756286621094 0
1701102500138 321.3747253417969 0
1701102538503 321.5657958984375 0
1701102577100 321.7486267089844 0
1701102615523 321.9237976074219 0
1701102653973 322.09130859375 0
1701102692411 322.2501525878906 0
1701102730994 322.3999328613281 0
1701102769536 322.5414733886719 0
1701102808136 322.6762390136719 0
1701102846785 322.8048400878906 0
1701102885052 322.9280090332031 0
1701102923663 323.0457763671875 0
1701102962099 323.1570739746094 0
1701103000489 323.2611389160156 0
1701103038841 323.35797119140625 0
1701103077427 323.44830322265625 0
1701103116373 323.5326843261719 0
1701103156961 323.61065673828125 0
1701103197653 323.6827697753906 0
1701103237926 323.7499694824219 0
1701103276378 323.8129577636719 0
1701103314840 323.8721618652344 0
1701103353364 323.9278869628906 0
1701103391776 323.9806213378906 0
1701103430183 324.0307922363281 0
1701103468640 324.0782165527344 0
1701103507086 324.12200927734375 0
1701103545460 324.1620788574219 0
1701103584012 324.198974609375 0
1701103622440 324.2330017089844 0
1701103660880 324.2643127441406 0
1701103699368 324.2930908203125 0
1701103737743 324.3197326660156 0
1701103776491 324.3443603515625 0
1701103814787 324.3668212890625 0
1701103853155 324.3871154785156 0
1701103891804 324.4054260253906 0
1701103930218 324.42205810546875 0
1701103968697 324.437255859375 0
1701104007379 324.451171875 0
1701104045827 324.46368408203125 0
1701104084397 324.47467041015625 0
1701104123059 324.48419189453125 0
1701104161520 324.4925842285156 0
1701104200019 324.5001525878906 0
1701104238449 324.50689697265625 0
1701104277011 324.5128173828125 0
1701104315532 324.5179443359375 0
1701104353940 324.52227783203125 0
1701104392555 324.5259094238281 0
1701104431148 324.5289611816406 0
1701104469635 324.53155517578125 0
1701104508316 324.5338134765625 0
1701104546890 324.5357360839844 0
1701104585531 324.537353515625 0
1701104624300 324.5386657714844 0
1701104662895 324.53985595703125 0
1701104701488 324.540771484375 0
1701104739891 324.54156494140625 0
1701104780726 324.5421142578125 0
1701104821136 324.54241943359375 0
1701104862359 324.5426940917969 0
1701104901380 324.5426940917969 0
1701104939831 324.5426940917969 0
1701104978304 324.5426940917969 0
1701105016727 324.5426940917969 0
1701105055299 324.5426940917969 0
1701105093848 324.5428161621094 0
1701105132322 324.5431213378906 0
1701105170695 324.5434875488281 0
1701105209246 324.5440979003906 0
1701105247780 324.54498291015625 0
1701105286564 324.5460510253906 0
1701105325088 324.5473937988281 0
1701105363582 324.5489196777344 0
1701105606912 324.5507507324219 0
1701105645486 324.5528564453125 0
1701105684038 324.55511474609375 0
1701105722695 324.5575866699219 0
1701105761391 324.5603942871094 0
1701105800030 324.5635681152344 0
1701105838540 324.567138671875 0
1701105877702 324.5711669921875 0
1701105916179 324.57550048828125 0
1701105954784 324.580078125 0
1701105993811 324.5849609375 0
1701106032323 324.5897216796875 0
1701106070790 324.59429931640625 0
1701106109380 324.5989685058594 0
1701106147923 324.6038513183594 0
1701106186329 324.6094665527344 0
1701106225030 324.6161804199219 0
1701106263603 324.6234130859375 0
1701106302035 324.6307373046875 0
1701106340479 324.6380615234375 0
1701106379083 324.6453857421875 0
1701106417704 324.6527099609375 0
1701106456181 324.66009521484375 0
1701106494795 324.667724609375 0
1701106533350 324.67535400390625 0
1701106571826 324.6830139160156 0
1701106610273 324.6909484863281 0
1701106648720 324.6988830566406 0
1701106687211 324.7068176269531 0
1701106725624 324.7147521972656 0
1701106763980 324.72283935546875 0
1701106802308 324.73114013671875 0
1701106840581 324.73968505859375 0
1701106879025 324.74847412109375 0
1701106917580 324.75732421875 0
1701106955880 324.76617431640625 0
1701106994296 324.77508544921875 0
1701107032688 324.78424072265625 0
1701107071080 324.7935791015625 0
1701107109881 324.8032531738281 0
1701107150560 324.81317138671875 0
1701107191148 324.8232421875 0
1701107231512 324.83331298828125 0
1701107269796 324.8431091308594 0
1701107308329 324.8528747558594 0
1701107346885 324.862548828125 0
1701107385359 324.87200927734375 0
1701107423880 324.8814697265625 0
1701107462438 324.8910827636719 0
1701107500931 324.9008483886719 0
1701107539348 324.9106140136719 0
1701107578064 324.9203796386719 0
1701107616716 324.9301452636719 0
1701107655131 324.94000244140625 0
1701107693482 324.9501037597656 0
1701107732199 324.9605407714844 0
1701107770679 324.97137451171875 0
1701107809144 324.98260498046875 0
1701107847641 324.993896484375 0
1701107886033 325.00518798828125 0
1701107924719 325.01617431640625 0
1701107963330 325.02740478515625 0
1701108001860 325.0386047363281 0
1701108040320 325.04949951171875 0
1701108078779 325.0601501464844 0
1701108117252 325.0705261230469 0
1701108155732 325.0805969238281 0
1701108194497 325.09039306640625 0
1701108233215 325.0998840332031 0
1701108271844 325.1093444824219 0
1701108310279 325.1188049316406 0
1701108348748 325.1282653808594 0
1701108387319 325.1377258300781 0
1701108425888 325.1471862792969 0
1701108464344 325.1566467285156 0
1701108502754 325.1658020019531 0
1701108541333 325.1749572753906 0
1701108579776 325.1841125488281 0
1701108618336 325.1930236816406 0
1701108656777 325.2018737792969 0
1701108696355 325.2106628417969 0
1701108736068 325.2192077636719 0
1701108776543 325.2276916503906 0
1701108816270 325.2359313964844 0
1701108854584 325.243896484375 0
1701108892903 325.2521057128906 0
1701108931286 325.2603454589844 0
1701108969803 325.2685852050781 0
1701109008353 325.2768249511719 0
1701109046803 325.284912109375 0
1701109085144 325.2928466796875 0
1701109123611 325.3005676269531 0
1701109162008 325.30792236328125 0
1701109200603 325.31524658203125 0
1701109239520 325.32257080078125 0
1701109277908 325.329833984375 0
1701109316332 325.337158203125 0
1701109354623 325.3446960449219 0
1701109392898 325.3520202636719 0
1701109431056 325.3590393066406 0
1701109469256 325.3660583496094 0
1701109507508 325.3730773925781 0
1701109545641 325.37982177734375 0
1701109583960 325.3863525390625 0
1701109622104 325.39276123046875 0
1701109660352 325.39886474609375 0
1701109698600 325.40496826171875 0
1701109736855 325.41107177734375 0
1701109775047 325.4170227050781 0
1701109813208 325.4226989746094 0
1701109851332 325.4281921386719 0
1701109889623 325.4333801269531 0
1701109927747 325.4385681152344 0
1701109966088 325.4436950683594 0
1701110004761 325.4485778808594 0
1701110043011 325.4534606933594 0
1701110081362 325.4583435058594 0
1701110119600 325.4632263183594 0
1701110157843 325.4681091308594 0
1701110195911 325.4729919433594 0
1701110234139 325.4775695800781 0
1701110272311 325.48193359375 0
1701110310592 325.4862060546875 0
1701110348901 325.4903869628906 0
1701110390494 325.4943542480469 0
1701110428756 325.4981994628906 0
1701110467178 325.5018615722656 0
1701110505420 325.5052185058594 0
1701110543743 325.50848388671875 0
1701110582136 325.51153564453125 0
1701110620591 325.51458740234375 0
1701110658988 325.51763916015625 0
1701110698946 325.52069091796875 0
