1701084713105 4.999248685199099e-05 0
1701084747445 4.9924868519909846e-05 0
1701084785946 4.984973703981969e-05 0
1701084824374 4.977460555972953e-05 0
1701084862483 4.969947407963937e-05 0
1701084900698 4.962434259954921e-05 0
1701084938848 4.9549211119459056e-05 0
1701084977210 4.94740796393689e-05 0
1701085015357 4.939894815927874e-05 0
1701085053667 4.9323816679188585e-05 0
1701085091883 4.924868519909843e-05 0
1701085130679 4.917355371900827e-05 0
1701085168940 4.909842223891811e-05 0
1701085207289 4.902329075882795e-05 0
1701085246191 4.8948159278737795e-05 0
1701085285925 4.887302779864764e-05 0
1701085326925 4.879789631855748e-05 0
1701085366959 4.8722764838467325e-05 0
1701085405235 4.864763335837716e-05 0
1701085443530 4.8572501878287005e-05 0
1701085481698 4.849737039819685e-05 0
1701085519927 4.8422238918106685e-05 0
1701085558026 4.834710743801653e-05 0
1701085596207 4.827197595792637e-05 0
1701085634521 4.8196844477836215e-05 0
1701085672755 4.812171299774606e-05 0
1701085711026 4.8046581517655895e-05 0
1701085749282 4.797145003756574e-05 0
1701085787659 4.789631855747558e-05 0
1701085825955 4.7821187077385425e-05 0
1701085864254 4.774605559729527e-05 0
1701085902429 4.767092411720511e-05 0
1701085940606 4.7595792637114955e-05 0
1701085978895 4.75206611570248e-05 0
1701086017119 4.7445529676934634e-05 0
1701086055542 4.737039819684448e-05 0
1701086093823 4.729526671675432e-05 0
1701086131985 4.7220135236664164e-05 0
1701086170223 4.714500375657401e-05 0
1701086208327 4.706987227648385e-05 0
1701086246562 4.6994740796393694e-05 0
1701086285030 4.691960931630353e-05 0
1701086323233 4.6844477836213374e-05 0
1701086361341 4.676934635612322e-05 0
1701086399547 4.669421487603306e-05 0
1701086438009 4.6619083395942904e-05 0
1701086476335 4.654395191585275e-05 0
1701086514490 4.646882043576259e-05 0
1701086552781 4.639368895567243e-05 0
1701086591072 4.631855747558227e-05 0
1701086629401 4.6243425995492114e-05 0
1701086667811 4.616829451540196e-05 0
1701086706149 4.60931630353118e-05 0
1701086744504 4.6018031555221644e-05 0
1701086782710 4.594290007513149e-05 0
1701086821622 4.586776859504133e-05 0
1701086862138 4.579263711495117e-05 0
1701086902976 4.571750563486101e-05 0
1701086943179 4.5642374154770854e-05 0
1701086981617 4.556724267468069e-05 0
1701087020030 4.5492111194590534e-05 0
1701087058203 4.541697971450038e-05 0
1701087096438 4.534184823441022e-05 0
1701087134730 4.526671675432006e-05 0
1701087173042 4.51915852742299e-05 0
1701087211270 4.511645379413974e-05 0
1701087249518 4.504132231404959e-05 0
1701087287810 4.496619083395943e-05 0
1701087326303 4.489105935386927e-05 0
1701087364555 4.4815927873779117e-05 0
1701087402770 4.474079639368895e-05 0
1701087441110 4.4665664913598796e-05 0
1701087479551 4.459053343350864e-05 0
1701087518053 4.451540195341848e-05 0
1701087556289 4.4440270473328326e-05 0
1701087595093 4.436513899323817e-05 0
1701087633311 4.429000751314801e-05 0
1701087671673 4.4214876033057856e-05 0
1701087709867 4.413974455296769e-05 0
1701087748066 4.4064613072877536e-05 0
1701087786290 4.398948159278738e-05 0
1701087824530 4.391435011269722e-05 0
1701087862590 4.3839218632607066e-05 0
1701087900981 4.376408715251691e-05 0
1701087939150 4.368895567242675e-05 0
1701087977342 4.361382419233659e-05 0
1701088015504 4.353869271224643e-05 0
1701088053717 4.3463561232156276e-05 0
1701088091972 4.338842975206612e-05 0
1701088130233 4.331329827197596e-05 0
1701088168342 4.3238166791885806e-05 0
1701088206526 4.316303531179565e-05 0
1701088244629 4.3087903831705486e-05 0
1701088282891 4.301277235161533e-05 0
1701088321114 4.293764087152517e-05 0
1701088359453 4.2862509391435016e-05 0
1701088397801 4.278737791134486e-05 0
1701088436241 4.2712246431254696e-05 0
1701088474413 4.263711495116454e-05 0
1701088512703 4.256198347107438e-05 0
1701088550962 4.2486851990984225e-05 0
1701088589202 4.241172051089406e-05 0
1701088627472 4.2336589030803905e-05 0
1701088666289 4.226145755071375e-05 0
1701088706577 4.218632607062359e-05 0
1701088746589 4.2111194590533435e-05 0
1701088786977 4.203606311044328e-05 0
1701088825230 4.1960931630353115e-05 0
1701088863474 4.188580015026296e-05 0
1701088901582 4.18106686701728e-05 0
1701088939826 4.1735537190082645e-05 0
1701088978062 4.166040570999249e-05 0
1701089016327 4.158527422990233e-05 0
1701089054578 4.1510142749812175e-05 0
1701089092806 4.143501126972201e-05 0
1701089130867 4.1359879789631855e-05 0
1701089169005 4.12847483095417e-05 0
1701089207150 4.120961682945154e-05 0
1701089245398 4.1134485349361385e-05 0
1701089283710 4.105935386927123e-05 0
1701089321878 4.098422238918107e-05 0
1701089360252 4.0909090909090915e-05 0
1701089398550 4.083395942900075e-05 0
1701089436758 4.0758827948910595e-05 0
1701089474950 4.068369646882044e-05 0
1701089513185 4.060856498873028e-05 0
1701089551331 4.0533433508640125e-05 0
1701089589671 4.045830202854997e-05 0
1701089627700 4.038317054845981e-05 0
1701089665951 4.030803906836965e-05 0
1701089704114 4.023290758827949e-05 0
1701089742293 4.0157776108189334e-05 0
1701089780646 4.008264462809918e-05 0
1701089818923 4.000751314800902e-05 0
1701089895473 3.9932381667918864e-05 0
1701089934168 3.98572501878287e-05 0
1701089972697 3.9782118707738544e-05 0
1701090011231 3.970698722764839e-05 0
1701090050054 3.963185574755823e-05 0
1701090088811 3.955672426746807e-05 0
1701090127792 3.948159278737791e-05 0
1701090167897 3.9406461307287754e-05 0
1701090208545 3.93313298271976e-05 0
1701090249457 3.925619834710744e-05 0
1701090287978 3.918106686701728e-05 0
1701090326440 3.910593538692712e-05 0
1701090364946 3.9030803906836964e-05 0
1701090403434 3.895567242674681e-05 0
1701090441954 3.888054094665665e-05 0
1701090480400 3.8805409466566494e-05 0
1701090518829 3.873027798647634e-05 0
1701090557701 3.8655146506386174e-05 0
1701090596326 3.858001502629602e-05 0
1701090634685 3.850488354620586e-05 0
1701090673182 3.8429752066115703e-05 0
1701090711609 3.835462058602555e-05 0
1701090750063 3.827948910593539e-05 0
1701090788526 3.8204357625845233e-05 0
1701090827162 3.812922614575508e-05 0
1701090865625 3.805409466566491e-05 0
1701090904061 3.7978963185574757e-05 0
1701090942531 3.79038317054846e-05 0
1701090980918 3.782870022539444e-05 0
1701091019418 3.7753568745304287e-05 0
1701091057802 3.767843726521413e-05 0
1701091096547 3.760330578512397e-05 0
1701091135026 3.752817430503381e-05 0
1701091173671 3.745304282494365e-05 0
1701091212459 3.7377911344853496e-05 0
1701091251005 3.730277986476334e-05 0
1701091289452 3.722764838467318e-05 0
1701091327866 3.7152516904583026e-05 0
1701091366349 3.707738542449287e-05 0
1701091404872 3.7002253944402706e-05 0
1701091443374 3.692712246431255e-05 0
1701091482034 3.685199098422239e-05 0
1701091520497 3.6776859504132236e-05 0
1701091558846 3.670172802404207e-05 0
1701091597294 3.6626596543951916e-05 0
1701091635762 3.655146506386176e-05 0
1701091674202 3.64763335837716e-05 0
1701091712678 3.640120210368144e-05 0
1701091751204 3.632607062359128e-05 0
1701091789714 3.6250939143501126e-05 0
1701091828426 3.617580766341097e-05 0
1701091867099 3.610067618332081e-05 0
1701091905538 3.6025544703230656e-05 0
1701091943981 3.59504132231405e-05 0
1701091982506 3.5875281743050336e-05 0
1701092021138 3.580015026296018e-05 0
1701092059585 3.572501878287002e-05 0
1701092098174 3.5649887302779865e-05 0
1701092136647 3.557475582268971e-05 0
1701092175180 3.549962434259955e-05 0
1701092213738 3.5424492862509395e-05 0
1701092252118 3.534936138241923e-05 0
1701092290561 3.5274229902329075e-05 0
1701092329238 3.519909842223892e-05 0
1701092367849 3.512396694214876e-05 0
1701092406486 3.5048835462058605e-05 0
1701092445215 3.497370398196845e-05 0
1701092483634 3.489857250187829e-05 0
1701092522134 3.4823441021788135e-05 0
1701092560569 3.474830954169797e-05 0
1701092600182 3.4673178061607815e-05 0
1701092639907 3.459804658151766e-05 0
1701092680179 3.45229151014275e-05 0
1701092720666 3.4447783621337345e-05 0
1701092759326 3.437265214124719e-05 0
1701092797826 3.429752066115703e-05 0
1701092836394 3.422238918106687e-05 0
1701092874866 3.414725770097671e-05 0
1701092913574 3.4072126220886555e-05 0
1701092951995 3.39969947407964e-05 0
1701092990442 3.392186326070624e-05 0
1701093028906 3.384673178061608e-05 0
1701093067390 3.377160030052592e-05 0
1701093105792 3.3696468820435765e-05 0
1701093144358 3.36213373403456e-05 0
1701093182833 3.3546205860255444e-05 0
1701093221202 3.347107438016529e-05 0
1701093259662 3.339594290007513e-05 0
1701093298111 3.3320811419984974e-05 0
1701093336586 3.324567993989482e-05 0
1701093375039 3.317054845980466e-05 0
1701093413486 3.30954169797145e-05 0
1701093452191 3.302028549962434e-05 0
1701093490643 3.2945154019534184e-05 0
1701093529145 3.287002253944403e-05 0
1701093567454 3.279489105935387e-05 0
1701093605783 3.2719759579263714e-05 0
1701093644305 3.264462809917356e-05 0
1701093682702 3.2569496619083394e-05 0
1701093721225 3.249436513899324e-05 0
1701093759813 3.241923365890308e-05 0
1701093798265 3.2344102178812924e-05 0
1701093836757 3.226897069872277e-05 0
1701093875245 3.219383921863261e-05 0
1701093913702 3.2118707738542454e-05 0
1701093952214 3.204357625845229e-05 0
1701093990710 3.1968444778362134e-05 0
1701094029317 3.189331329827198e-05 0
1701094067637 3.181818181818182e-05 0
1701094106022 3.1743050338091664e-05 0
1701094144706 3.166791885800151e-05 0
1701094183140 3.159278737791135e-05 0
1701094221659 3.1517655897821194e-05 0
1701094260082 3.144252441773103e-05 0
1701094298578 3.1367392937640873e-05 0
1701094336985 3.129226145755072e-05 0
1701094375409 3.121712997746056e-05 0
1701094414002 3.11419984973704e-05 0
1701094452450 3.106686701728025e-05 0
1701094490946 3.099173553719008e-05 0
1701094530467 3.0916604057099927e-05 0
1701094570352 3.084147257700977e-05 0
1701094610673 3.0766341096919606e-05 0
1701094650337 3.069120961682945e-05 0
1701094688766 3.061607813673929e-05 0
1701094727230 3.0540946656649136e-05 0
1701094765603 3.0465815176558983e-05 0
1701094803966 3.0390683696468823e-05 0
1701094842223 3.0315552216378663e-05 0
1701094880766 3.0240420736288506e-05 0
1701094919119 3.016528925619835e-05 0
1701094957614 3.009015777610819e-05 0
1701094996022 3.0015026296018033e-05 0
1701095083654 2.9939894815927876e-05 0
1701095121921 2.986476333583772e-05 0
1701095160374 2.9789631855747556e-05 0
1701095198790 2.97145003756574e-05 0
1701095237416 2.9639368895567243e-05 0
1701095275761 2.9564237415477086e-05 0
1701095314073 2.948910593538693e-05 0
1701095352511 2.9413974455296773e-05 0
1701095391011 2.9338842975206616e-05 0
1701095429398 2.9263711495116452e-05 0
1701095467674 2.9188580015026296e-05 0
1701095506150 2.911344853493614e-05 0
1701095544503 2.9038317054845982e-05 0
1701095582889 2.8963185574755826e-05 0
1701095621432 2.888805409466567e-05 0
1701095659912 2.881292261457551e-05 0
1701095699503 2.8737791134485352e-05 0
1701095740504 2.8662659654395192e-05 0
1701095781738 2.8587528174305035e-05 0
1701095821054 2.8512396694214875e-05 0
1701095859454 2.843726521412472e-05 0
1701095897846 2.8362133734034562e-05 0
1701095936442 2.8287002253944405e-05 0
1701095974956 2.821187077385425e-05 0
1701096013498 2.8136739293764085e-05 0
1701096051882 2.806160781367393e-05 0
1701096090282 2.7986476333583772e-05 0
1701096132002 2.7911344853493615e-05 0
1701096170523 2.783621337340346e-05 0
1701096208896 2.7761081893313302e-05 0
1701096247413 2.7685950413223145e-05 0
1701096285897 2.761081893313298e-05 0
1701096324353 2.7535687453042825e-05 0
1701096362904 2.7460555972952668e-05 0
1701096401345 2.738542449286251e-05 0
1701096439894 2.7310293012772355e-05 0
1701096478450 2.7235161532682195e-05 0
1701096516902 2.7160030052592038e-05 0
1701096555548 2.708489857250188e-05 0
1701096594060 2.700976709241172e-05 0
1701096632501 2.693463561232156e-05 0
1701096671130 2.6859504132231405e-05 0
1701096709532 2.6784372652141248e-05 0
1701096747931 2.670924117205109e-05 0
1701096786419 2.6634109691960935e-05 0
1701096824811 2.6558978211870778e-05 0
1701096863350 2.6483846731780614e-05 0
1701096901649 2.6408715251690458e-05 0
1701096940210 2.63335837716003e-05 0
1701096978711 2.6258452291510144e-05 0
1701097017068 2.6183320811419988e-05 0
1701097055373 2.610818933132983e-05 0
1701097094493 2.6033057851239674e-05 0
1701097132878 2.595792637114951e-05 0
1701097171378 2.5882794891059354e-05 0
1701097209822 2.5807663410969197e-05 0
1701097248186 2.573253193087904e-05 0
1701097286695 2.565740045078888e-05 0
1701097325190 2.5582268970698724e-05 0
1701097363859 2.5507137490608567e-05 0
1701097402408 2.543200601051841e-05 0
1701097440897 2.5356874530428247e-05 0
1701097479272 2.528174305033809e-05 0
1701097517686 2.5206611570247934e-05 0
1701097556366 2.5131480090157777e-05 0
1701097594773 2.505634861006762e-05 0
1701097633238 2.498121712997746e-05 0
1701097671537 2.4906085649887304e-05 0
1701097710022 2.4830954169797147e-05 0
1701097748441 2.475582268970699e-05 0
1701097786950 2.468069120961683e-05 0
1701097825235 2.4605559729526674e-05 0
1701097863738 2.4530428249436517e-05 0
1701097902010 2.445529676934636e-05 0
1701097940326 2.43801652892562e-05 0
1701097982294 2.4305033809166043e-05 0
1701098020761 2.4229902329075883e-05 0
1701098059182 2.4154770848985727e-05 0
1701098098597 2.4079639368895567e-05 0
1701098138567 2.400450788880541e-05 0
1701098179351 2.3929376408715253e-05 0
1701098220321 2.3854244928625093e-05 0
1701098258874 2.3779113448534936e-05 0
1701098297183 2.370398196844478e-05 0
1701098335706 2.3628850488354623e-05 0
1701098374050 2.3553719008264463e-05 0
1701098412610 2.3478587528174306e-05 0
1701098451097 2.340345604808415e-05 0
1701098489622 2.332832456799399e-05 0
1701098528162 2.3253193087903833e-05 0
1701098566518 2.3178061607813676e-05 0
1701098604922 2.310293012772352e-05 0
1701098643193 2.302779864763336e-05 0
1701098681550 2.2952667167543203e-05 0
1701098719990 2.2877535687453046e-05 0
1701098758486 2.2802404207362886e-05 0
1701098796899 2.272727272727273e-05 0
1701098835362 2.265214124718257e-05 0
1701098873746 2.2577009767092413e-05 0
1701098912053 2.2501878287002252e-05 0
1701098950454 2.2426746806912096e-05 0
1701098988786 2.235161532682194e-05 0
1701099027146 2.2276483846731782e-05 0
1701099065594 2.2201352366641622e-05 0
1701099104056 2.2126220886551466e-05 0
1701099142615 2.205108940646131e-05 0
1701099180949 2.1975957926371152e-05 0
1701099219429 2.1900826446280992e-05 0
1701099257998 2.1825694966190836e-05 0
1701099296543 2.175056348610068e-05 0
1701099334878 2.167543200601052e-05 0
1701099373321 2.1600300525920362e-05 0
1701099413174 2.1525169045830205e-05 0
1701099453087 2.145003756574005e-05 0
1701099493805 2.137490608564989e-05 0
1701099533526 2.1299774605559732e-05 0
1701099571898 2.1224643125469572e-05 0
1701099610262 2.1149511645379415e-05 0
1701099648562 2.1074380165289255e-05 0
1701099686940 2.09992486851991e-05 0
1701099725504 2.0924117205108942e-05 0
1701099764062 2.084898572501878e-05 0
1701099802492 2.0773854244928625e-05 0
1701099841003 2.0698722764838468e-05 0
1701099879295 2.062359128474831e-05 0
1701099917656 2.054845980465815e-05 0
1701099956159 2.0473328324567995e-05 0
1701099994594 2.0398196844477838e-05 0
1701100033081 2.032306536438768e-05 0
1701100071574 2.024793388429752e-05 0
1701100110062 2.0172802404207365e-05 0
1701100148533 2.0097670924117208e-05 0
1701100186930 2.0022539444027048e-05 0
1701100263273 1.994740796393689e-05 0
1701100301746 1.9872276483846735e-05 0
1701100340239 1.9797145003756575e-05 0
1701100378722 1.9722013523666414e-05 0
1701100417149 1.9646882043576258e-05 0
1701100455587 1.95717505634861e-05 0
1701100494045 1.9496619083395944e-05 0
1701100532438 1.9421487603305784e-05 0
1701100570882 1.9346356123215628e-05 0
1701100609395 1.927122464312547e-05 0
1701100647861 1.919609316303531e-05 0
1701100686243 1.9120961682945154e-05 0
1701100724942 1.9045830202854998e-05 0
1701100763415 1.897069872276484e-05 0
1701100801762 1.889556724267468e-05 0
1701100840218 1.8820435762584524e-05 0
1701100878522 1.8745304282494367e-05 0
1701100916878 1.867017280240421e-05 0
1701100955286 1.859504132231405e-05 0
1701100993782 1.8519909842223894e-05 0
1701101032060 1.8444778362133737e-05 0
1701101070841 1.8369646882043577e-05 0
1701101111176 1.8294515401953417e-05 0
1701101152563 1.821938392186326e-05 0
1701101192665 1.8144252441773104e-05 0
1701101231192 1.8069120961682944e-05 0
1701101269534 1.7993989481592787e-05 0
1701101308102 1.791885800150263e-05 0
1701101346474 1.7843726521412474e-05 0
1701101384997 1.7768595041322314e-05 0
1701101423478 1.7693463561232157e-05 0
1701101461842 1.7618332081142e-05 0
1701101500225 1.7543200601051843e-05 0
1701101538798 1.7468069120961683e-05 0
1701101577099 1.7392937640871527e-05 0
1701101615590 1.731780616078137e-05 0
1701101654092 1.724267468069121e-05 0
1701101692570 1.7167543200601053e-05 0
1701101731082 1.7092411720510897e-05 0
1701101769407 1.7017280240420737e-05 0
1701101807804 1.694214876033058e-05 0
1701101846278 1.686701728024042e-05 0
1701101884806 1.6791885800150263e-05 0
1701101923250 1.6716754320060106e-05 0
1701101961665 1.6641622839969946e-05 0
1701102000075 1.656649135987979e-05 0
1701102039380 1.6491359879789633e-05 0
1701102077838 1.6416228399699473e-05 0
1701102116220 1.6341096919609316e-05 0
1701102154700 1.626596543951916e-05 0
1701102193015 1.6190833959429003e-05 0
1701102231482 1.6115702479338843e-05 0
1701102269910 1.6040570999248686e-05 0
1701102308389 1.596543951915853e-05 0
1701102346734 1.5890308039068373e-05 0
1701102385159 1.5815176558978213e-05 0
1701102423606 1.5740045078888056e-05 0
1701102461840 1.56649135987979e-05 0
1701102500137 1.558978211870774e-05 0
1701102538502 1.5514650638617582e-05 0
1701102577098 1.5439519158527422e-05 0
1701102615522 1.5364387678437266e-05 0
1701102653971 1.5289256198347106e-05 0
1701102692409 1.521412471825695e-05 0
1701102730992 1.5138993238166794e-05 0
1701102769535 1.5063861758076636e-05 0
1701102808134 1.4988730277986476e-05 0
1701102846784 1.4913598797896319e-05 0
1701102885050 1.4838467317806162e-05 0
1701102923661 1.4763335837716002e-05 0
1701102962098 1.4688204357625845e-05 0
1701103000487 1.4613072877535689e-05 0
1701103038840 1.4537941397445532e-05 0
1701103077426 1.4462809917355372e-05 0
1701103116372 1.4387678437265215e-05 0
1701103156959 1.4312546957175057e-05 0
1701103197652 1.42374154770849e-05 0
1701103237924 1.416228399699474e-05 0
1701103276376 1.4087152516904583e-05 0
1701103314839 1.4012021036814427e-05 0
1701103353362 1.3936889556724267e-05 0
1701103391774 1.386175807663411e-05 0
1701103430181 1.3786626596543953e-05 0
1701103468639 1.3711495116453797e-05 0
1701103507084 1.3636363636363637e-05 0
1701103545458 1.3561232156273478e-05 0
1701103584011 1.3486100676183321e-05 0
1701103622438 1.3410969196093165e-05 0
1701103660878 1.3335837716003005e-05 0
1701103699366 1.3260706235912848e-05 0
1701103737742 1.3185574755822691e-05 0
1701103776490 1.3110443275732531e-05 0
1701103814786 1.3035311795642375e-05 0
1701103853154 1.2960180315552218e-05 0
1701103891802 1.288504883546206e-05 0
1701103930217 1.2809917355371901e-05 0
1701103968696 1.2734785875281743e-05 0
1701104007378 1.2659654395191586e-05 0
1701104045825 1.258452291510143e-05 0
1701104084396 1.250939143501127e-05 0
1701104123057 1.2434259954921113e-05 0
1701104161518 1.2359128474830954e-05 0
1701104200018 1.2283996994740798e-05 0
1701104238447 1.220886551465064e-05 0
1701104277010 1.213373403456048e-05 0
1701104315530 1.2058602554470322e-05 0
1701104353938 1.1983471074380166e-05 0
1701104392553 1.1908339594290007e-05 0
1701104431147 1.183320811419985e-05 0
1701104469633 1.1758076634109692e-05 0
1701104508314 1.1682945154019536e-05 0
1701104546888 1.1607813673929377e-05 0
1701104585530 1.1532682193839219e-05 0
1701104624298 1.1457550713749062e-05 0
1701104662893 1.1382419233658904e-05 0
1701104701487 1.1307287753568745e-05 0
1701104739889 1.1232156273478587e-05 0
1701104780725 1.115702479338843e-05 0
1701104821134 1.1081893313298272e-05 0
1701104862358 1.1006761833208115e-05 0
1701104901378 1.0931630353117957e-05 0
1701104939830 1.08564988730278e-05 0
1701104978302 1.0781367392937642e-05 0
1701105016726 1.0706235912847483e-05 0
1701105055297 1.0631104432757325e-05 0
1701105093846 1.0555972952667167e-05 0
1701105132321 1.048084147257701e-05 0
1701105170693 1.0405709992486852e-05 0
1701105209245 1.0330578512396695e-05 0
1701105247778 1.0255447032306537e-05 0
1701105286563 1.018031555221638e-05 0
1701105325086 1.0105184072126222e-05 0
1701105363581 1.0030052592036065e-05 0
1701105606911 9.954921111945906e-06 0
1701105645484 9.879789631855748e-06 0
1701105684037 9.80465815176559e-06 0
1701105722693 9.729526671675431e-06 0
1701105761390 9.654395191585275e-06 0
1701105800029 9.579263711495116e-06 0
1701105838538 9.50413223140496e-06 0
1701105877701 9.429000751314801e-06 0
1701105916178 9.353869271224645e-06 0
1701105954782 9.278737791134486e-06 0
1701105993809 9.203606311044328e-06 0
1701106032322 9.12847483095417e-06 0
1701106070788 9.053343350864013e-06 0
1701106109379 8.978211870773854e-06 0
1701106147921 8.903080390683696e-06 0
1701106186327 8.82794891059354e-06 0
1701106225029 8.752817430503381e-06 0
1701106263602 8.677685950413224e-06 0
1701106302033 8.602554470323066e-06 0
1701106340478 8.527422990232909e-06 0
1701106379082 8.45229151014275e-06 0
1701106417702 8.377160030052592e-06 0
1701106456178 8.302028549962434e-06 0
1701106494794 8.226897069872277e-06 0
1701106533349 8.151765589782119e-06 0
1701106571824 8.07663410969196e-06 0
1701106610271 8.001502629601804e-06 0
1701106648718 7.926371149511645e-06 0
1701106687209 7.851239669421489e-06 0
1701106725622 7.77610818933133e-06 0
1701106763978 7.700976709241172e-06 0
1701106802307 7.6258452291510145e-06 0
1701106840579 7.550713749060857e-06 0
1701106879023 7.475582268970699e-06 0
1701106917578 7.400450788880542e-06 0
1701106955878 7.3253193087903835e-06 0
1701106994295 7.250187828700225e-06 0
1701107032687 7.175056348610068e-06 0
1701107071078 7.099924868519909e-06 0
1701107109879 7.0247933884297525e-06 0
1701107150559 6.949661908339594e-06 0
1701107191147 6.8745304282494375e-06 0
1701107231510 6.799398948159279e-06 0
1701107269795 6.7242674680691216e-06 0
1701107308327 6.649135987978963e-06 0
1701107346883 6.5740045078888065e-06 0
1701107385357 6.498873027798648e-06 0
1701107423878 6.423741547708491e-06 0
1701107462437 6.348610067618332e-06 0
1701107500930 6.273478587528174e-06 0
1701107539346 6.198347107438017e-06 0
1701107578063 6.12321562734786e-06 0
1701107616714 6.048084147257701e-06 0
1701107655130 5.972952667167543e-06 0
1701107693480 5.897821187077385e-06 0
1701107732198 5.822689706987228e-06 0
1701107770678 5.74755822689707e-06 0
1701107809142 5.672426746806912e-06 0
1701107847640 5.597295266716754e-06 0
1701107886032 5.522163786626597e-06 0
1701107924718 5.447032306536439e-06 0
1701107963329 5.371900826446282e-06 0
1701108001858 5.296769346356123e-06 0
1701108040318 5.221637866265966e-06 0
1701108078778 5.146506386175808e-06 0
1701108117250 5.07137490608565e-06 0
1701108155730 4.996243425995492e-06 0
1701108194495 4.921111945905334e-06 0
1701108233213 4.8459804658151765e-06 0
1701108271842 4.770848985725019e-06 0
1701108310278 4.6957175056348614e-06 0
1701108348746 4.620586025544704e-06 0
1701108387318 4.5454545454545455e-06 0
1701108425886 4.470323065364388e-06 0
1701108464342 4.3951915852742305e-06 0
1701108502753 4.320060105184073e-06 0
1701108541331 4.2449286250939145e-06 0
1701108579774 4.169797145003756e-06 0
1701108618334 4.094665664913599e-06 0
1701108656776 4.019534184823441e-06 0
1701108696353 3.9444027047332836e-06 0
1701108736066 3.869271224643126e-06 0
1701108776541 3.794139744552968e-06 0
1701108816269 3.71900826446281e-06 0
1701108854582 3.6438767843726526e-06 0
1701108892901 3.5687453042824946e-06 0
1701108931285 3.493613824192337e-06 0
1701108969802 3.4184823441021787e-06 0
1701109008351 3.3433508640120208e-06 0
1701109046801 3.2682193839218632e-06 0
1701109085143 3.1930879038317053e-06 0
1701109123610 3.1179564237415477e-06 0
1701109162007 3.0428249436513902e-06 0
1701109200602 2.9676934635612323e-06 0
1701109239519 2.8925619834710747e-06 0
1701109277906 2.8174305033809168e-06 0
1701109316330 2.742299023290759e-06 0
1701109354621 2.6671675432006013e-06 0
1701109392897 2.5920360631104433e-06 0
1701109431054 2.516904583020286e-06 0
1701109469254 2.441773102930128e-06 0
1701109507506 2.3666416228399703e-06 0
1701109545640 2.2915101427498124e-06 0
1701109583958 2.2163786626596544e-06 0
1701109622102 2.141247182569497e-06 0
1701109660350 2.066115702479339e-06 0
1701109698598 1.9909842223891814e-06 0
1701109736853 1.9158527422990234e-06 0
1701109775045 1.8407212622088655e-06 0
1701109813206 1.7655897821187077e-06 0
1701109851330 1.69045830202855e-06 0
1701109889622 1.6153268219383922e-06 0
1701109927746 1.5401953418482345e-06 0
1701109966086 1.4650638617580767e-06 0
1701110004760 1.389932381667919e-06 0
1701110043010 1.314800901577761e-06 0
1701110081360 1.2396694214876033e-06 0
1701110119598 1.1645379413974456e-06 0
1701110157842 1.0894064613072878e-06 0
1701110195909 1.01427498121713e-06 0
1701110234137 9.391435011269722e-07 0
1701110272310 8.640120210368145e-07 0
1701110310590 7.888805409466567e-07 0
1701110348899 7.137490608564989e-07 0
1701110390493 6.386175807663411e-07 0
1701110428755 5.634861006761833e-07 0
1701110467177 4.883546205860257e-07 0
1701110505419 4.132231404958678e-07 0
1701110543741 3.3809166040571e-07 0
1701110582134 2.629601803155522e-07 0
1701110620589 1.8782870022539444e-07 0
1701110658986 1.1269722013523667e-07 0
1701110698944 3.756574004507889e-08 0
