1701084713103 0.325390625 0
1701084747442 0.7083984375 0
1701084785943 0.6869140625 0
1701084824372 0.687744140625 0
1701084862480 0.821484375 0
1701084900695 0.9966796875 0
1701084938845 1.170361328125 0
1701084977207 1.1505859375 0
1701085015355 1.309765625 0
1701085053664 1.2326171875 0
1701085091880 1.3458984375 0
1701085130676 1.453125 0
1701085168937 1.59111328125 0
1701085207286 1.7958984375 0
1701085246189 1.9828125 0
1701085285922 2.05234375 0
1701085326923 2.17666015625 0
1701085366956 2.4283203125 0
1701085405232 2.6970703125 0
1701085443527 2.9349609375 0
1701085481695 3.004296875 0
1701085519924 3.412890625 0
1701085558023 3.6505859375 0
1701085596204 4.01953125 0
1701085634518 4.19609375 0
1701085672752 4.5640625 0
1701085711023 4.8109375 0
1701085749279 5.0921875 0
1701085787656 5.512109375 0
1701085825952 5.775390625 0
1701085864251 6.299609375 0
1701085902426 6.66015625 0
1701085940603 7.0484375 0
1701085978892 7.476171875 0
1701086017116 7.60078125 0
1701086055539 8.162890625 0
1701086093820 8.40546875 0
1701086131982 10.1140625 0
1701086170220 9.49765625 0
1701086208324 10.0875 0
1701086246560 10.190625 0
1701086285027 10.7546875 0
1701086323229 11.128125 0
1701086361338 11.46875 0
1701086399544 12.0609375 0
1701086438007 12.28046875 0
1701086476332 12.63046875 0
1701086514487 13.0859375 0
1701086552778 13.58359375 0
1701086591069 14.19765625 0
1701086629398 14.14765625 0
1701086667808 14.72421875 0
1701086706146 15.11171875 0
1701086744501 15.4546875 0
1701086782707 15.90078125 0
1701086821618 15.978125 0
1701086862136 16.371875 0
1701086902974 16.69765625 0
1701086943176 16.9125 0
1701086981615 17.490625 0
1701087020027 18.3234375 0
1701087058200 18.040625 0
1701087096435 18.375 0
1701087134727 18.678125 0
1701087173039 18.8140625 0
1701087211268 19.08125 0
1701087249514 20.0921875 0
1701087287807 19.9046875 0
1701087326300 20.3015625 0
1701087364552 20.5265625 0
1701087402767 23.746875 0
1701087441108 21.053125 0
1701087479548 21.6609375 0
1701087518049 21.8375 0
1701087556287 28.7734375 0
1701087595090 22.50625 0
1701087633308 22.9109375 0
1701087671671 22.86875 0
1701087709864 22.8546875 0
1701087748063 23.871875 0
1701087786287 23.984375 0
1701087824527 24.11875 0
1701087862587 24.959375 0
1701087900979 25.259375 0
1701087939147 25.1921875 0
1701087977339 25.7890625 0
1701088015501 26.165625 0
1701088053714 25.83125 0
1701088091969 26.940625 0
1701088130231 27.2796875 0
1701088168339 27.2234375 0
1701088206523 27.9828125 0
1701088244626 27.646875 0
1701088282888 27.8890625 0
1701088321111 28.5265625 0
1701088359451 28.996875 0
1701088397799 28.553125 0
1701088436239 29.428125 0
1701088474411 30.11875 0
1701088512700 29.590625 0
1701088550959 29.915625 0
1701088589199 30.58125 0
1701088627469 31.109375 0
1701088666286 31.2640625 0
1701088706575 32.146875 0
1701088746587 33.296875 0
1701088786974 32.7375 0
1701088825227 33.09541015625 0
1701088863471 34.0703125 0
1701088901579 33.85 0
1701088939823 34.078125 0
1701088978059 33.996875 0
1701089016324 35.390625 0
1701089054575 35.128125 0
1701089092803 35.06875 0
1701089130864 35.565625 0
1701089169003 35.996875 0
1701089207147 36.9875 0
1701089245395 36.5 0
1701089283707 37.259375 0
1701089321875 37.528125 0
1701089360250 38.265625 0
1701089398547 38.54375 0
1701089436755 39.234375 0
1701089474947 40.046875 0
1701089513182 40.571875 0
1701089551328 39.959375 0
1701089589668 41.984375 0
1701089627697 41.440625 0
1701089665948 42.80625 0
1701089704111 43.20625 0
1701089742290 43.096875 0
1701089780643 43.2 0
1701089818920 44.365625 0
1701089895471 43.5125 0
1701089934165 43.059375 0
1701089972694 42.784375 0
1701090011228 43.428125 0
1701090050051 41.9875 0
1701090088808 42.18125 0
1701090127789 41.334375 0
1701090167894 40.965625 0
1701090208542 40.81875 0
1701090249454 41.609375 0
1701090287975 40.165625 0
1701090326437 40.540625 0
1701090364944 40.3125 0
1701090403431 38.978125 0
1701090441951 39.51875 0
1701090480398 38.921875 0
1701090518826 38.31875 0
1701090557699 38.74375 0
1701090596323 37.725 0
1701090634682 37.990625 0
1701090673179 37.184375 0
1701090711607 36.85 0
1701090750060 36.35 0
1701090788523 35.796875 0
1701090827160 36.290625 0
1701090865622 35.83125 0
1701090904058 33.984375 0
1701090942528 35.8125 0
1701090980915 34.421875 0
1701091019415 33.5109375 0
1701091057799 32.8484375 0
1701091096545 32.69375 0
1701091135023 32.775 0
1701091173668 32.9875 0
1701091212456 31.940625 0
1701091251003 33.8796875 0
1701091289449 31.134375 0
1701091327864 31.14375 0
1701091366346 31.8890625 0
1701091404869 30.48125 0
1701091443371 30.5375 0
1701091482031 29.9859375 0
1701091520495 29.753125 0
1701091558844 30.1359375 0
1701091597292 28.571875 0
1701091635759 29.221875 0
1701091674199 29.5765625 0
1701091712676 30.5296875 0
1701091751202 28.5078125 0
1701091789711 28.1578125 0
1701091828423 27.1515625 0
1701091867096 26.984375 0
1701091905535 27.19375 0
1701091943978 27.0609375 0
1701091982503 27.3625 0
1701092021136 27.2234375 0
1701092059583 26.1046875 0
1701092098172 26.4515625 0
1701092136643 26.8640625 0
1701092175177 26.2625 0
1701092213735 24.7515625 0
1701092252115 25.434375 0
1701092290558 24.784375 0
1701092329235 23.415625 0
1701092367846 26.1375 0
1701092406483 23.94375 0
1701092445213 25.7046875 0
1701092483632 24.1453125 0
1701092522131 23.5296875 0
1701092560567 24.765625 0
1701092600179 22.6671875 0
1701092639904 22.8875 0
1701092680177 22.43125 0
1701092720663 22.6828125 0
1701092759323 22.021875 0
1701092797824 22.50625 0
1701092836391 22.6140625 0
1701092874864 22.1703125 0
1701092913571 22.278125 0
1701092951993 22.18125 0
1701092990439 21.084375 0
1701093028903 20.6015625 0
1701093067387 20.6046875 0
1701093105789 21.5484375 0
1701093144355 19.3765625 0
1701093182831 21.85 0
1701093221199 19.715625 0
1701093259660 21.3609375 0
1701093298109 20.9078125 0
1701093336583 20.134375 0
1701093375037 20.375 0
1701093413483 20.03125 0
1701093452188 19.05703125 0
1701093490641 18.8171875 0
1701093529142 20.7953125 0
1701093567451 18.37890625 0
1701093605780 19.4 0
1701093644302 19.828125 0
1701093682699 18.8140625 0
1701093721222 18.89921875 0
1701093759811 18.06171875 0
1701093798262 19.0140625 0
1701093836753 18.8046875 0
1701093875242 18.8265625 0
1701093913699 19.065625 0
1701093952211 18.484375 0
1701093990708 17.81484375 0
1701094029315 17.07421875 0
1701094067635 16.390625 0
1701094106020 17.0015625 0
1701094144704 17.5953125 0
1701094183137 18.43671875 0
1701094221656 16.91875 0
1701094260079 17.31015625 0
1701094298575 15.9953125 0
1701094336983 17.19609375 0
1701094375406 17.95 0
1701094413999 16.9390625 0
1701094452447 16.40625 0
1701094490943 15.82890625 0
1701094530465 16.51171875 0
1701094570349 15.79140625 0
1701094610670 15.5296875 0
1701094650334 15.92109375 0
1701094688764 16.38515625 0
1701094727228 15.84140625 0
1701094765601 15.59765625 0
1701094803963 14.9953125 0
1701094842220 15.9515625 0
1701094880763 16.3765625 0
1701094919116 16.5421875 0
1701094957611 15.6875 0
1701094996020 17.0828125 0
1701095083651 15.95546875 0
1701095121919 14.58828125 0
1701095160371 15.778125 0
1701095198787 15.125 0
1701095237413 14.63046875 0
1701095275759 14.75 0
1701095314071 14.63828125 0
1701095352507 14.6109375 0
1701095391008 14.728125 0
1701095429395 15.14140625 0
1701095467671 14.12890625 0
1701095506147 14.30234375 0
1701095544500 14.41640625 0
1701095582887 14.68203125 0
1701095621429 15.25546875 0
1701095659909 14.74140625 0
1701095699501 14.59609375 0
1701095740501 13.2234375 0
1701095781735 14.55859375 0
1701095821051 14.23515625 0
1701095859451 14.83125 0
1701095897844 14.196875 0
1701095936439 13.4828125 0
1701095974953 13.79609375 0
1701096013496 13.02265625 0
1701096051880 13.53515625 0
1701096090279 14.484375 0
1701096131999 12.53671875 0
1701096170520 15.4765625 0
1701096208893 14.5625 0
1701096247411 13.06875 0
1701096285894 14.89140625 0
1701096324351 15.1921875 0
1701096362901 14.06953125 0
1701096401342 13.71171875 0
1701096439891 14.20234375 0
1701096478447 13.8765625 0
1701096516899 15.09296875 0
1701096555539 14.6625 0
1701096594058 14.05 0
1701096632497 13.5359375 0
1701096671127 13.98125 0
1701096709529 14.3921875 0
1701096747928 14.66875 0
1701096786416 15.5984375 0
1701096824808 13.509375 0
1701096863347 14.38046875 0
1701096901647 14.5 0
1701096940207 14.73515625 0
1701096978708 14.48359375 0
1701097017065 14.646875 0
1701097055370 13.54453125 0
1701097094490 14.24375 0
1701097132875 15.0546875 0
1701097171375 14.26640625 0
1701097209819 14.46328125 0
1701097248182 14.99140625 0
1701097286692 13.63125 0
1701097325187 15.228125 0
1701097363856 14.15234375 0
1701097402405 13.828125 0
1701097440894 16.1046875 0
1701097479269 14.80078125 0
1701097517684 14.0359375 0
1701097556363 15.13828125 0
1701097594771 14.43203125 0
1701097633235 16.0546875 0
1701097671535 15.3671875 0
1701097710019 14.834375 0
1701097748439 15.71171875 0
1701097786947 14.875 0
1701097825232 14.9109375 0
1701097863735 15.565625 0
1701097902007 14.5953125 0
1701097940324 15.89296875 0
1701097982291 15.4 0
1701098020759 15.37578125 0
1701098059179 14.74765625 0
1701098098594 15.246875 0
1701098138564 14.94296875 0
1701098179348 15.00859375 0
1701098220318 16.42578125 0
1701098258871 14.8421875 0
1701098297180 15.47578125 0
1701098335703 15.35 0
1701098374048 15.53125 0
1701098412608 16.2234375 0
1701098451094 15.70078125 0
1701098489619 16.0578125 0
1701098528159 16.32890625 0
1701098566515 16.021875 0
1701098604920 16.109375 0
1701098643191 15.17890625 0
1701098681547 16.4859375 0
1701098719987 15.5015625 0
1701098758483 17.86171875 0
1701098796896 16.8234375 0
1701098835359 16.1671875 0
1701098873743 15.4046875 0
1701098912051 17.14921875 0
1701098950451 16.25859375 0
1701098988784 16.01484375 0
1701099027144 18.62578125 0
1701099065591 17.875 0
1701099104053 16.9125 0
1701099142612 18.13515625 0
1701099180946 17.2234375 0
1701099219427 17.15078125 0
1701099257995 16.409375 0
1701099296540 17.584375 0
1701099334876 17.25625 0
1701099373318 17.93828125 0
1701099413172 18.21875 0
1701099453085 17.3453125 0
1701099493802 18.265625 0
1701099533523 18.16953125 0
1701099571894 16.6671875 0
1701099610259 18.2390625 0
1701099648559 16.803125 0
1701099686937 18.0859375 0
1701099725501 18.571875 0
1701099764059 18.009375 0
1701099802489 18.23984375 0
1701099841001 18.18125 0
1701099879292 18.303125 0
1701099917654 17.9171875 0
1701099956156 19.16015625 0
1701099994591 19.5625 0
1701100033079 19.6359375 0
1701100071571 19.2921875 0
1701100110059 20.0140625 0
1701100148530 19.115625 0
1701100186927 18.42734375 0
1701100263271 18.353125 0
1701100301743 18.7703125 0
1701100340236 18.9203125 0
1701100378719 20.4015625 0
1701100417147 17.809375 0
1701100455584 19.215625 0
1701100494042 19.74375 0
1701100532435 18.809375 0
1701100570879 20.9875 0
1701100609392 19.796875 0
1701100647859 17.840625 0
1701100686240 18.73125 0
1701100724939 19.090625 0
1701100763411 21.4234375 0
1701100801759 20.121875 0
1701100840216 19.60625 0
1701100878519 19.76875 0
1701100916875 18.83828125 0
1701100955283 18.834375 0
1701100993779 19.7359375 0
1701101032057 19.5140625 0
1701101070839 19.934375 0
1701101111174 20.1515625 0
1701101152561 20.625 0
1701101192662 20.8125 0
1701101231190 20.5234375 0
1701101269531 20.7390625 0
1701101308099 20.1015625 0
1701101346471 20.525 0
1701101384994 20.0703125 0
1701101423475 19.8234375 0
1701101461839 19.4515625 0
1701101500223 20.971875 0
1701101538795 21.0046875 0
1701101577097 21.5828125 0
1701101615587 20.496875 0
1701101654090 20.1171875 0
1701101692567 21.24375 0
1701101731079 20.309375 0
1701101769404 20.709375 0
1701101807802 19.315625 0
1701101846274 19.68125 0
1701101884803 20.534375 0
1701101923247 20.6109375 0
1701101961662 20.8921875 0
1701102000072 19.5140625 0
1701102039377 19.91875 0
1701102077835 21.0421875 0
1701102116218 20.7671875 0
1701102154697 19.4203125 0
1701102193012 20.6671875 0
1701102231479 21.0359375 0
1701102269907 20.0046875 0
1701102308386 19.6859375 0
1701102346731 22.0546875 0
1701102385156 20.23984375 0
1701102423604 19.3828125 0
1701102461837 20.8734375 0
1701102500134 20.40625 0
1701102538499 20.9125 0
1701102577095 20.5671875 0
1701102615520 19.61875 0
1701102653968 21.028125 0
1701102692407 19.934375 0
1701102730990 19.9828125 0
1701102769531 21.375 0
1701102808131 19.3609375 0
1701102846781 20.9171875 0
1701102885047 20.5484375 0
1701102923658 19.9359375 0
1701102962095 20.7609375 0
1701103000484 18.965625 0
1701103038837 19.6609375 0
1701103077423 20.09375 0
1701103116369 20.8453125 0
1701103156957 19.190625 0
1701103197650 20.1125 0
1701103237921 20.928125 0
1701103276374 20.540625 0
1701103314835 20.2359375 0
1701103353359 19.8734375 0
1701103391771 19.3703125 0
1701103430179 21.5609375 0
1701103468636 20.571875 0
1701103507081 19.2265625 0
1701103545455 19.6375 0
1701103584008 20.4578125 0
1701103622435 20.3171875 0
1701103660876 18.7375 0
1701103699363 20.709375 0
1701103737739 19.878125 0
1701103776487 19.71875 0
1701103814783 19.4984375 0
1701103853151 18.8609375 0
1701103891799 20.3078125 0
1701103930214 18.153125 0
1701103968693 19.509375 0
1701104007375 21.0484375 0
1701104045823 19.184375 0
1701104084393 19.11796875 0
1701104123055 19.925 0
1701104161515 18.6828125 0
1701104200015 19.8171875 0
1701104238443 19.4546875 0
1701104277007 20.0875 0
1701104315527 19.009375 0
1701104353935 18.690625 0
1701104392551 19.128125 0
1701104431145 19.75625 0
1701104469630 19.2890625 0
1701104508311 20.165625 0
1701104546885 19.4703125 0
1701104585527 19.1390625 0
1701104624295 18.66875 0
1701104662890 18.75 0
1701104701485 19.1671875 0
1701104739886 19.278125 0
1701104780721 19.203125 0
1701104821132 18.37109375 0
1701104862355 18.628125 0
1701104901375 18.89921875 0
1701104939827 19.3890625 0
1701104978300 18.196875 0
1701105016723 19.1625 0
1701105055295 18.7453125 0
1701105093843 19.0296875 0
1701105132319 19.675 0
1701105170691 19.321875 0
1701105209242 19.6140625 0
1701105247775 18.6125 0
1701105286495 19.1890625 0
1701105325084 19.4015625 0
1701105363578 19.04375 0
1701105606908 19.203125 0
1701105645481 19.05 0
1701105684034 19.575 0
1701105722691 18.74453125 0
1701105761387 18.6921875 0
1701105800025 19.08125 0
1701105838535 19.09375 0
1701105877698 18.321875 0
1701105916175 18.5390625 0
1701105954779 17.7515625 0
1701105993807 18.23125 0
1701106032319 19.0015625 0
1701106070786 18.871875 0
1701106109375 18.34375 0
1701106147919 22.38125 0
1701106186325 19.6421875 0
1701106225026 18.5890625 0
1701106263599 19.45625 0
1701106302030 18.7453125 0
1701106340475 18.73125 0
1701106379079 19.6796875 0
1701106417699 18.00390625 0
1701106456175 19.0109375 0
1701106494791 17.425 0
1701106533346 18.8109375 0
1701106571822 19.909375 0
1701106610268 18.728125 0
1701106648716 17.59296875 0
1701106687206 18.0625 0
1701106725619 17.32265625 0
1701106763975 18.009375 0
1701106802304 18.21015625 0
1701106840576 18.246875 0
1701106879020 18.8828125 0
1701106917575 18.51015625 0
1701106955875 19.075 0
1701106994292 18.9609375 0
1701107032684 18.0890625 0
1701107071075 18.8859375 0
1701107109876 18.89453125 0
1701107150556 18.6265625 0
1701107191145 17.46640625 0
1701107231508 18.3125 0
1701107269792 17.94375 0
1701107308324 18.61484375 0
1701107346880 19.1921875 0
1701107385354 17.4734375 0
1701107423875 18.4609375 0
1701107462434 18.09296875 0
1701107500927 18.6234375 0
1701107539344 19.7375 0
1701107578060 17.9953125 0
1701107616711 19.2328125 0
1701107655128 17.5 0
1701107693477 18.0609375 0
1701107732195 19.0125 0
1701107770675 17.896875 0
1701107809139 18.746875 0
1701107847637 18.39375 0
1701107886029 19.2125 0
1701107924715 18.42421875 0
1701107963327 18.59140625 0
1701108001855 18.3828125 0
1701108040315 17.68984375 0
1701108078775 17.4453125 0
1701108117247 18.371875 0
1701108155728 17.34375 0
1701108194493 18.346875 0
1701108233210 19.2515625 0
1701108271840 18.2546875 0
1701108310275 18.98125 0
1701108348744 17.96328125 0
1701108387315 17.809375 0
1701108425884 18.11953125 0
1701108464339 18.3703125 0
1701108502750 19.39375 0
1701108541328 17.64765625 0
1701108579772 18.8921875 0
1701108618331 18.5265625 0
1701108656774 18.3609375 0
1701108696350 18.9984375 0
1701108736063 18.5046875 0
1701108776539 18.10625 0
1701108816266 18.01796875 0
1701108854579 18.3609375 0
1701108892898 19.3671875 0
1701108931282 18.0265625 0
1701108969799 19.096875 0
1701109008348 18.55 0
1701109046798 18.2984375 0
1701109085140 18.3 0
1701109123607 18.38125 0
1701109162004 18.28515625 0
1701109200599 18.0796875 0
1701109239516 18.8953125 0
1701109277904 18.7890625 0
1701109316328 18.609375 0
1701109354619 17.178125 0
1701109392894 19.440625 0
1701109431052 19.7234375 0
1701109469251 18.3765625 0
1701109507504 18.1609375 0
1701109545637 17.58515625 0
1701109583955 19.009375 0
1701109622099 19.003125 0
1701109660347 20.2578125 0
1701109698595 18.325 0
1701109736850 16.88046875 0
1701109775043 18.1890625 0
1701109813203 17.821875 0
1701109851327 18.54375 0
1701109889619 17.41953125 0
1701109927743 17.77265625 0
1701109966083 18.51796875 0
1701110004757 19.1859375 0
1701110043007 18.109375 0
1701110081358 18.2046875 0
1701110119596 18.53203125 0
1701110157839 18.3953125 0
1701110195906 18.8796875 0
1701110234134 19.309375 0
1701110272307 18.61484375 0
1701110310587 18.478125 0
1701110348897 17.5921875 0
1701110390490 17.4515625 0
1701110428753 17.76875 0
1701110467175 17.95625 0
1701110505415 19.384375 0
1701110543738 19.003125 0
1701110582132 18.06875 0
1701110620586 17.215625 0
1701110658983 18.053125 0
1701110698942 18.89375 0
