1701084715436 0.0013434059261658031 0
1701084750314 0.0013965349740932642 0
1701084788459 0.0014857158759715027 0
1701084826713 0.0015786917098445596 0
1701084864850 0.0017361813876295338 0
1701084903073 0.001969569705310881 0
1701084941188 0.0022447022749352333 0
1701084979585 0.002390807156735751 0
1701085017728 0.0024780905926165804 0
1701085056008 0.0025558866985103627 0
1701085094264 0.00262040054242228 0
1701085133031 0.0030163384472150258 0
1701085171328 0.0031055193490932644 0
1701085209647 0.0032003926489637307 0
1701085248604 0.0032971634148316062 0
1701085288400 0.003412908840673575 0
1701085329439 0.003534346664507772 0
1701085369415 0.0036519895563471502 0
1701085407689 0.003801889370142487 0
1701085445861 0.0039688663779145076 0
1701085484038 0.004156715511658031 0
1701085522241 0.004314205189443005 0
1701085560422 0.004488772061204663 0
1701085598573 0.004672826262953368 0
1701085636821 0.004858777930699482 0
1701085675104 0.005707577720207254 0
1701085713398 0.00627239009876943 0
1701085751605 0.006863767001295337 0
1701085789996 0.007481708427784974 0
1701085828340 0.008796652363989637 0
1701085866600 0.009159068369494818 0
1701085904787 0.010250743806670985 0
1701085942951 0.012130500121437824 0
1701085981228 0.01377750060718912 0
1701086019499 0.01477683269915803 0
1701086057859 0.016071536998056996 0
1701086096190 0.017379523558937824 0
1701086134316 0.018759613827720206 0
1701086172585 0.02057928371923575 0
1701086210675 0.021802516798898965 0
1701086248963 0.023065596664507772 0
1701086287378 0.025688527161593266 0
1701086325594 0.027720713244818652 0
1701086363661 0.029495476441062176 0
1701086401902 0.032319538333873056 0
1701086440410 0.034874792543717614 0
1701086478671 0.037814599862370464 0
1701086516847 0.0402016120871114 0
1701086555111 0.044012988787240935 0
1701086593436 0.04627919567681347 0
1701086631875 0.04823105569948186 0
1701086670254 0.05122462455472798 0
1701086708569 0.0558885959763601 0
1701086746844 0.05959624453529793 0
1701086785045 0.06273971320433938 0
1701086824045 0.06817089337759068 0
1701086864569 0.07166476076748704 0
1701086905454 0.07520416734132124 0
1701086945597 0.07912433209196891 0
1701086984028 0.08241390564281088 0
1701087022361 0.086345455189443 0
1701087060512 0.090046146373057 0
1701087098821 0.09308588690090673 0
1701087137064 0.0971085148154145 0
1701087175367 0.10184142750161918 0
1701087213652 0.10497793879533679 0
1701087251906 0.10811065515705959 0
1701087290156 0.11158807784164508 0
1701087328671 0.11508637265220208 0
1701087366915 0.11964345348931348 0
1701087405093 0.12417966220045337 0
1701087443514 0.12751730488989638 0
1701087481943 0.132080078125 0
1701087520367 0.13536838669851037 0
1701087558589 0.13961554808937823 0
1701087597441 0.14442878683613988 0
1701087635651 0.14741603080472798 0
1701087674002 0.15130267365608807 0
1701087712149 0.15455113544365284 0
1701087750355 0.15741314665641193 0
1701087788631 0.16128081484779794 0
1701087826837 0.16488726522020725 0
1701087864960 0.16948039791126943 0
1701087903330 0.17306407869170984 0
1701087941470 0.176960208873057 0
1701087979642 0.18056096684747408 0
1701088017840 0.18387394247895078 0
1701088055995 0.18813565110913213 0
1701088094339 0.1920564483484456 0
1701088132555 0.19501902525906736 0
1701088170654 0.19828835917260362 0
1701088208847 0.20124334621923576 0
1701088246938 0.20516604092454663 0
1701088285195 0.20907924829987046 0
1701088323549 0.21429727979274613 0
1701088361876 0.2185438086949482 0
1701088400244 0.22246081100226683 0
1701088438609 0.22569219559585493 0
1701088476756 0.22825503966968913 0
1701088515064 0.23247310658193004 0
1701088553340 0.23634456970531087 0
1701088591544 0.23924073530602333 0
1701088629847 0.24308942883743523 0
1701088668800 0.24665223749190415 0
1701088709062 0.2505825220612047 0
1701088749143 0.25320229011496115 0
1701088789335 0.25743743422117876 0
1701088827587 0.2603810364718264 0
1701088865840 0.26361811346340674 0
1701088903944 0.26785515503562174 0
1701088942178 0.27173041309099744 0
1701088980429 0.2756189534083549 0
1701089018641 0.27949800639572536 0
1701089056886 0.2827293909893135 0
1701089095126 0.2865970591806995 0
1701089133206 0.28884935131962436 0
1701089171326 0.29301618664993523 0
1701089209460 0.2968629827153497 0
1701089247764 0.30037835471988344 0
1701089286097 0.30488610144106215 0
1701089324305 0.3077765746437824 0
1701089362592 0.31001178958873055 0
1701089400911 0.31285103120952074 0
1701089439107 0.3153702335654145 0
1701089477275 0.3175618067924223 0
1701089515541 0.3210714863989637 0
1701089553711 0.32459255080148963 0
1701089591965 0.3277708063471503 0
1701089629996 0.33032985548898963 0
1701089668324 0.33316909710977977 0
1701089706445 0.33601403112856215 0
1701089744735 0.339516120871114 0
1701089782999 0.3430068258176813 0
1701089821270 0.3471148397020725 0
1701089897803 0.3502570433937824 0
1701089936555 0.3530450534326425 0
1701089975025 0.35514175335977977 0
1701090013664 0.3584977382205311 0
1701090052417 0.36150142689443004 0
1701090091133 0.3644842434423575 0
1701090130178 0.3665145320595855 0
1701090170697 0.36917161694462436 0
1701090211137 0.37178316264572536 0
1701090251849 0.37375083488503885 0
1701090290306 0.3769891768539508 0
1701090328823 0.3798998896939767 0
1701090367317 0.38278214054404147 0
1701090405831 0.3859597636010363 0
1701090444253 0.38818675619332904 0
1701090482752 0.3900728373947539 0
1701090521175 0.3926046895239637 0
1701090560015 0.39477855306832904 0
1701090598651 0.39754505849255184 0
1701090637028 0.3993134968021373 0
1701090675512 0.4013697174546632 0
1701090713869 0.40306605205634716 0
1701090752343 0.4057338892487047 0
1701090790802 0.4077426732512953 0
1701090829488 0.4097343800599093 0
1701090867948 0.4114326121275907 0
1701090906389 0.41409475692195596 0
1701090944832 0.4161016434585492 0
1701090983245 0.41873153133095853 0
1701091021717 0.42198062560718913 0
1701091060120 0.42421078064281087 0
1701091098895 0.42640298635848445 0
1701091137527 0.428871589621114 0
1701091175999 0.4306906270239637 0
1701091214801 0.4324793049708549 0
1701091253345 0.4342622905197539 0
1701091291742 0.43569487734779794 0
1701091330212 0.43712936164183935 0
1701091368624 0.43852779408193004 0
1701091407216 0.4405625101198187 0
1701091445714 0.44226010969883417 0
1701091484394 0.4442720561447539 0
1701091522774 0.4456325392648964 0
1701091561208 0.44699112491904147 0
1701091599622 0.4486640574400907 0
1701091638123 0.4499790013762953 0
1701091676539 0.4509302643296632 0
1701091715080 0.45217879695595853 0
1701091753536 0.4534368169122409 0
1701091792065 0.45468724700453367 0
1701091830782 0.45625202396373055 0
1701091869403 0.45779403133095853 0
1701091907860 0.4599780146939767 0
1701091946310 0.4611525461463731 0
1701091984887 0.46231379533678757 0
1701092023450 0.4640885585330311 0
1701092061925 0.4658576293312824 0
1701092100535 0.46796950898639894 0
1701092139031 0.4684394480650907 0
1701092177497 0.4698846846664508 0
1701092216102 0.47138494778173573 0
1701092254442 0.47287572356703367 0
1701092292888 0.474654281695272 0
1701092331590 0.47642904489151555 0
1701092370171 0.4778401271049223 0
1701092408866 0.47893117005343266 0
1701092447508 0.48001082820595853 0
1701092485903 0.4814162180213731 0
1701092524523 0.4828026331768135 0
1701092563003 0.4838272648154145 0
1701092602632 0.48486517871599744 0
1701092642377 0.4858955027525907 0
1701092682701 0.4869239293231865 0
1701092723061 0.488236343304728 0
1701092761628 0.48890678129047926 0
1701092800169 0.49020022061204666 0
1701092838670 0.491133773882772 0
1701092877258 0.49205024995952074 0
1701092915911 0.49294964884229275 0
1701092954369 0.49450999838082904 0
1701092992782 0.49511023012467614 0
1701093031248 0.49604378339540156 0
1701093069730 0.4972784012710492 0
1701093108069 0.4981664153578368 0
1701093146670 0.4990525319786269 0
1701093185130 0.49962809666450775 0
1701093223517 0.5005085208873057 0
1701093261947 0.5016596502590673 0
1701093300426 0.5028088821648317 0
1701093338973 0.5039505242066062 0
1701093377390 0.5047550497895078 0
1701093415947 0.5058909994332902 0
1701093454518 0.5066917300841969 0
1701093492962 0.507475383541127 0
1701093531464 0.5085506142729922 0
1701093569783 0.5093039082739638 0
1701093608147 0.510360164345855 0
1701093646655 0.5110698166288861 0
1701093685017 0.5121146879047928 0
1701093723545 0.5128167503238342 0
1701093762134 0.514147506476684 0
1701093800604 0.5145200423008419 0
1701093839198 0.5158375161917098 0
1701093877590 0.5172005292665155 0
1701093916042 0.5179310536755182 0
1701093954526 0.5186596806185233 0
1701093993097 0.5193731278335493 0
1701094031641 0.5200979598445595 0
1701094069948 0.5207905349336139 0
1701094108466 0.5217822771615933 0
1701094147099 0.5224312105327072 0
1701094185528 0.5227240527849741 0
1701094223983 0.5233502165641192 0
1701094262409 0.5239839702072538 0
1701094300865 0.524610133986399 0
1701094339323 0.5248877965106865 0
1701094377729 0.5258093324967616 0
1701094416335 0.5264317013439119 0
1701094454768 0.5270407879290803 0
1701094493245 0.5282823631800518 0
1701094532966 0.5288686801732513 0
1701094572745 0.5300855883662565 0
1701094613338 0.5309824572943653 0
1701094652675 0.5312354527606865 0
1701094691099 0.5314713710330311 0
1701094729531 0.5323682399611399 0
1701094767943 0.5329279924303757 0
1701094806262 0.5331620132367227 0
1701094844531 0.5337084834439767 0
1701094883091 0.5345579157221503 0
1701094921404 0.5351024884634067 0
1701094959945 0.5356204966806994 0
1701094998318 0.5361385048979922 0
1701095085965 0.5366489232512953 0
1701095124287 0.5371764187985751 0
1701095162762 0.5379822093588082 0
1701095201257 0.5384774479841321 0
1701095239768 0.5389764815414507 0
1701095278121 0.5394963872247409 0
1701095316343 0.5406298069138601 0
1701095354872 0.5411003784812176 0
1701095393301 0.5415500779226037 0
1701095431707 0.5423198166288861 0
1701095469969 0.5427733110022669 0
1701095508424 0.5432343952396373 0
1701095546841 0.5433488756881477 0
1701095585375 0.5437682156735751 0
1701095623748 0.5441704784650259 0
1701095662235 0.5448624210654145 0
1701095701988 0.5452893509148317 0
1701095742938 0.5463525643620466 0
1701095784459 0.5467358524935233 0
1701095823405 0.5470963710330311 0
1701095861785 0.5474511971745466 0
1701095900167 0.5481659093669041 0
1701095938877 0.5482310556994818 0
1701095977381 0.5486200362289507 0
1701096015889 0.5493271585573186 0
1701096054205 0.5493695352979274 0
1701096096043 0.5497224639734456 0
1701096134329 0.5503878420498705 0
1701096172853 0.5504055517325129 0
1701096211324 0.5507584804080311 0
1701096249803 0.5511038192195595 0
1701096288275 0.5514358757691062 0
1701096326718 0.5517603424546632 0
1701096365206 0.5520980914022021 0
1701096403690 0.5524377378157384 0
1701096442273 0.5527659994332902 0
1701096480774 0.5534010180537565 0
1701096519289 0.5537084075453368 0
1701096557996 0.5536767831120466 0
1701096596390 0.5539860700696243 0
1701096635023 0.5542877671632125 0
1701096673445 0.5545894642568006 0
1701096711860 0.5548968537483808 0
1701096750247 0.5555091027768783 0
1701096788771 0.5557595682885362 0
1701096827174 0.5560062388681994 0
1701096865691 0.5562699866418394 0
1701096904105 0.5565678888034327 0
1701096942545 0.5568373289750648 0
1701096981005 0.5571105640786918 0
1701097019322 0.5573781067843264 0
1701097058379 0.5576380596259715 0
1701097096756 0.5578980124676166 0
1701097135196 0.5581143235913213 0
1701097173727 0.5583325321810233 0
1701097212155 0.5585526382367227 0
1701097250565 0.5587784366904145 0
1701097289101 0.5590156199400906 0
1701097327689 0.5592338285297928 0
1701097366178 0.5591282029226037 0
1701097404787 0.5593521039102979 0
1701097443193 0.5595513378400259 0
1701097481602 0.5597296996437824 0
1701097519971 0.5599289335735104 0
1701097558659 0.5601281675032384 0
1701097597128 0.560302734375 0
1701097635503 0.5604829936447538 0
1701097673894 0.5606613554485104 0
1701097712354 0.5608548969802462 0
1701097750752 0.5610180790560233 0
1701097789268 0.561160389005829 0
1701097827545 0.561308391353627 0
1701097866036 0.5614374190414507 0
1701097904362 0.5615721391272669 0
1701097946174 0.561735321203044 0
1701097984619 0.5619079906088082 0
1701098023109 0.5620825574805699 0
1701098061613 0.5622609192843264 0
1701098101501 0.5621116519591969 0
1701098141245 0.5622710391029793 0
1701098182123 0.5627542604436528 0
1701098222685 0.5632185071243523 0
1701098261195 0.5630464702072538 0
1701098299540 0.5634974346259715 0
1701098337994 0.5635998977898317 0
1701098376380 0.5636776938957254 0
1701098414917 0.5637839519915803 0
1701098453401 0.5635682733565415 0
1701098491972 0.5639869808533031 0
1701098530487 0.5640970338811528 0
1701098568844 0.5642127793069949 0
1701098607290 0.5639933057399611 0
1701098645513 0.5644006284407384 0
1701098683838 0.5645049890705959 0
1701098722284 0.5642779256395726 0
1701098760787 0.5643424394834845 0
1701098799219 0.5643803888034327 0
1701098837653 0.5647706343102331 0
1701098876080 0.5645416734132125 0
1701098914390 0.5646403416450777 0
1701098952832 0.5650305871518783 0
1701098991132 0.565076126335816 0
1701099029477 0.5650400744818653 0
1701099068008 0.5650514592778497 0
1701099106396 0.5654113453286918 0
1701099144977 0.5651387427137305 0
1701099183285 0.5652032565576425 0
1701099221780 0.5652450008095855 0
1701099260349 0.5656010919284327 0
1701099298824 0.5656276564523963 0
1701099337202 0.5653265918474741 0
1701099375645 0.5653284893134715 0
1701099415806 0.565339874109456 0
1701099455592 0.5653227969154793 0
1701099496273 0.5652715653335493 0
1701099535865 0.565201359091645 0
1701099574200 0.5651880768296632 0
1701099612554 0.5651842818976683 0
1701099650981 0.5651596148397021 0
1701099689383 0.5651425376457254 0
1701099727948 0.565098895927785 0
1701099766348 0.5650381770158679 0
1701099804935 0.564983150501943 0
1701099843338 0.5649262265220207 0
1701099881571 0.5648332506881477 0
1701099919964 0.5647573520482513 0
1701099958448 0.5646738635443653 0
1701099996936 0.5642323864556347 0
1701100035405 0.5644385777606865 0
1701100073894 0.5640141778659327 0
1701100112431 0.5638680729841321 0
1701100150908 0.5634038263034327 0
1701100189286 0.5635967353465026 0
1701100265609 0.5634468355327072 0
1701100304114 0.5632779610589378 0
1701100342521 0.5631052916531736 0
1701100381084 0.5626049931185233 0
1701100419488 0.562455093304728 0
1701100457931 0.5619718719640544 0
1701100496379 0.5621287291531736 0
1701100534755 0.5615942762305699 0
1701100573299 0.5616828246437824 0
1701100611758 0.5617505009310233 0
1701100650199 0.5615209075453368 0
1701100688623 0.5612970065576425 0
1701100727251 0.5607359891110751 0
1701100765702 0.5600687135686528 0
1701100804103 0.5590643215673575 0
1701100842554 0.5587132903578368 0
1701100880795 0.5584002084682642 0
1701100919196 0.558092818976684 0
1701100957589 0.5580864940900259 0
1701100996114 0.5577601299384715 0
1701101034421 0.5567348658112047 0
1701101073284 0.5563231156897669 0
1701101113862 0.5562446870952072 0
1701101155028 0.5554825382529145 0
1701101195104 0.5546976198186528 0
1701101233529 0.5538595723364638 0
1701101271840 0.5527204602493523 0
1701101310366 0.5522650684099741 0
1701101348803 0.5518153689685881 0
1701101387284 0.5509754240204016 0
1701101425817 0.5501639410621761 0
1701101464189 0.5502746265786918 0
1701101502549 0.5497680031573834 0
1701101541077 0.5488939038212435 0
1701101579452 0.5485688046470207 0
1701101617875 0.5473329217940415 0
1701101656357 0.5464360528659327 0
1701101695053 0.5458326586787565 0
1701101733397 0.5451913151716321 0
1701101771747 0.543932662726684 0
1701101810095 0.5429997419446243 0
1701101848603 0.5424760413293394 0
1701101887138 0.5416398913131477 0
1701101925580 0.5410725489799223 0
1701101963935 0.5401092687419041 0
1701102002439 0.5384945251781088 0
1701102041772 0.5382187601198186 0
1701102080164 0.5373029165317358 0
1701102118564 0.5366615730246114 0
1701102157028 0.5354389724336139 0
1701102195356 0.5345174364475389 0
1701102233812 0.5341733626133419 0
1701102272252 0.5338330837111399 0
1701102310690 0.5332258945919689 0
1701102349012 0.5315997662321891 0
1701102387535 0.531175998826101 0
1701102425895 0.5305384502509715 0
1701102464151 0.5292266687580959 0
1701102502443 0.5289053645158679 0
1701102540818 0.5292469083954016 0
1701102579381 0.5289749382691062 0
1701102617832 0.5284038010038861 0
1701102656356 0.5268896231379534 0
1701102694780 0.5253602655440415 0
1701102733383 0.5247948206768135 0
1701102771963 0.524577877064443 0
1701102810550 0.5233704562014249 0
1701102849137 0.5231857695110104 0
1701102887340 0.522701915681671 0
1701102926033 0.5215419314685881 0
1701102964446 0.5200125738746761 0
1701103002784 0.5191593466645078 0
1701103041299 0.518936710654145 0
1701103079776 0.5180720986479922 0
1701103118801 0.5175389107027202 0
1701103159442 0.5166875809585493 0
1701103200082 0.5152530966645078 0
1701103240266 0.5151120516920337 0
1701103278711 0.5149785965835493 0
1701103317242 0.5142164477412565 0
1701103355660 0.5133973749190415 0
1701103394070 0.5129324957496761 0
1701103432557 0.5127800659812176 0
1701103470957 0.5121482098040803 0
1701103509405 0.5119806003076425 0
1701103547889 0.5112108616013601 0
1701103586364 0.5107991114799223 0
1701103624749 0.510334232310557 0
1701103663251 0.5099300720531088 0
1701103701660 0.5095562712516192 0
1701103740041 0.5091369312661918 0
1701103778744 0.5087593355327072 0
1701103817056 0.5087093689281088 0
1701103855518 0.5083754149125648 0
1701103894143 0.5083785773558938 0
1701103932550 0.5080484182723446 0
1701103971008 0.5077144642568006 0
1701104009747 0.5073615355812824 0
1701104048217 0.5060238220531088 0
1701104086781 0.505705047765544 0
1701104125379 0.505403350671956 0
1701104163801 0.5042060496275906 0
1701104202357 0.5036355448510362 0
1701104240760 0.5033680021454016 0
1701104279336 0.5034413708306347 0
1701104317837 0.5028765584520726 0
1701104356344 0.5026355802704016 0
1701104394975 0.5024192691466969 0
1701104433518 0.5015666744251943 0
1701104472015 0.5016704025663861 0
1701104510650 0.5020865801084845 0
1701104549357 0.501843704460816 0
1701104587960 0.5016198034731217 0
1701104626669 0.501449031533355 0
1701104665261 0.5012706697295984 0
1701104703821 0.5010657434018783 0
1701104742229 0.5011448044851037 0
1701104783238 0.5006369160864638 0
1701104824028 0.5001593871437824 0
1701104864882 0.500350398720855 0
1701104903676 0.500456024328044 0
1701104942225 0.5002264309423575 0
1701104980637 0.49968628562176165 0
1701105019128 0.49948705169203367 0
1701105057595 0.4993086898882772 0
1701105096165 0.4991493027444948 0
1701105134659 0.49934031432156734 0
1701105173032 0.4988798625728627 0
1701105211626 0.49840992349417096 0
1701105250128 0.4982486388843912 0
1701105288938 0.49845483018944303 0
1701105327457 0.4986439443005181 0
1701105365939 0.4981664153578368 0
1701105609270 0.49801651554404147 0
1701105647815 0.4982151169851036 0
1701105686394 0.4984554626781088 0
1701105724989 0.49800260079339376 0
1701105763768 0.49787926550356215 0
1701105802403 0.4974207112208549 0
1701105841461 0.4969735417341321 0
1701105880075 0.4965624241013601 0
1701105918507 0.49620633298251293 0
1701105957670 0.4961987431185233 0
1701105996200 0.49649411532545334 0
1701106034637 0.49645806347150256 0
1701106073111 0.49702983322538863 0
1701106111753 0.49626831687176165 0
1701106150213 0.4963986095369171 0
1701106188683 0.4952126932885363 0
1701106227357 0.4951159225226684 0
1701106265925 0.4957066669365285 0
1701106304375 0.4950229466887953 0
1701106342843 0.495316421429728 0
1701106381466 0.49527277971178757 0
1701106420025 0.49523103545984454 0
1701106458641 0.4955377924627591 0
1701106497151 0.49551312540479275 0
1701106535680 0.49583695960168395 0
1701106574140 0.49548276594883417 0
1701106612587 0.4961057672846503 0
1701106651083 0.49610386981865284 0
1701106689537 0.495772445757772 0
1701106727999 0.4950906229760363 0
1701106766300 0.4950412888601036 0
1701106804642 0.4950128268701425 0
1701106842896 0.49527973708711137 0
1701106881479 0.4952740446891192 0
1701106920023 0.4955845966240285 0
1701106958263 0.49553146757610106 0
1701106996634 0.49516019672927464 0
1701107035089 0.49511276007933935 0
1701107073391 0.4950824006233808 0
1701107112284 0.49537397789831605 0
1701107153026 0.4953853626943005 0
1701107194040 0.495406234820272 0
1701107233842 0.49510706768134716 0
1701107272115 0.49512983727331605 0
1701107310651 0.4951279398073187 0
1701107349262 0.4954555689362047 0
1701107387702 0.49512983727331605 0
1701107426229 0.4954290044122409 0
1701107464796 0.4957490436771373 0
1701107503225 0.49542710694624353 0
1701107541795 0.49572058168717614 0
1701107580502 0.4956864272992228 0
1701107619034 0.4953436184423575 0
1701107657455 0.4953455159083549 0
1701107695838 0.4953891576262953 0
1701107734480 0.4953891576262953 0
1701107773029 0.4950216817114637 0
1701107811505 0.49502357917746115 0
1701107850009 0.4953455159083549 0
1701107888429 0.49536449056832904 0
1701107927043 0.49505963103141193 0
1701107965630 0.4950539386334197 0
1701108004203 0.49507670822538863 0
1701108042702 0.49545177400420987 0
1701108081104 0.49549162079015546 0
1701108119588 0.4952019409812176 0
1701108158057 0.49555423716806996 0
1701108196907 0.4952949168150907 0
1701108235569 0.4953176864070596 0
1701108274145 0.4953214813390544 0
1701108312590 0.49563962313795334 0
1701108351100 0.4956453155359456 0
1701108389651 0.49598053452882124 0
1701108428267 0.496016586382772 0
1701108466686 0.4960829976926813 0
1701108505223 0.4961171520806347 0
1701108543624 0.49614751153659326 0
1701108582182 0.4958312672036917 0
1701108620703 0.4958445494656736 0
1701108659150 0.4961892557885363 0
1701108698756 0.49621771777849744 0
1701108738468 0.49626325696243523 0
1701108779213 0.49632397587435234 0
1701108818543 0.49636382266029794 0
1701108856895 0.4957237441305052 0
1701108895229 0.4957066669365285 0
1701108933652 0.49638469478626945 0
1701108972097 0.49640936184423573 0
1701109010678 0.4964397213001943 0
1701109049133 0.4964624908921632 0
1701109087461 0.4965232098040803 0
1701109125913 0.49657444138601037 0
1701109164371 0.49659721097797926 0
1701109202935 0.49660669830796633 0
1701109241823 0.49598179950615284 0
1701109280272 0.4962942489070596 0
1701109318711 0.49630753116904147 0
1701109356928 0.49632840329501293 0
1701109395184 0.4963910196729275 0
1701109433345 0.49641189179889894 0
1701109471660 0.49612221198996115 0
1701109509856 0.4958628916369819 0
1701109548009 0.49593499534488344 0
1701109586277 0.49696342191547926 0
1701109624386 0.4970279357593912 0
1701109662661 0.4970089610994171 0
1701109700892 0.4967003066305052 0
1701109739192 0.49707347494332904 0
1701109777345 0.4974713103141192 0
1701109815526 0.4975016697700777 0
1701109853617 0.4972176823591321 0
1701109891935 0.4975547988180052 0
1701109930025 0.4976022354679404 0
1701109968378 0.4979886860427461 0
1701110007042 0.49801335310071243 0
1701110045365 0.49807976441062174 0
1701110083685 0.49780716179566065 0
1701110121885 0.49816704784650256 0
1701110160137 0.4979077274935233 0
1701110198223 0.4982960755343264 0
1701110236431 0.4983150501943005 0
1701110274653 0.4983321273882772 0
1701110312938 0.49837007670822536 0
1701110354678 0.4984383854841321 0
1701110392781 0.49848582213406734 0
1701110431112 0.49854464357998707 0
1701110469474 0.4985920802299223 0
1701110507812 0.49864710674384716 0
1701110546161 0.49870023579177464 0
1701110584532 0.49837640159488344 0
1701110622912 0.49874577497571243 0
1701110661363 0.49879321162564766 0
1701110701872 0.49882926347959844 0
