1701084715435 8699904.0 0
1701084750312 9043968.0 0
1701084788458 9621504.0 0
1701084826712 10223616.0 0
1701084864849 11243520.0 0
1701084903071 12754944.0 0
1701084941186 14536704.0 0
1701084979584 15482880.0 0
1701085017727 16048128.0 0
1701085056006 16551936.0 0
1701085094262 16969728.0 0
1701085133030 19533824.0 0
1701085171326 20111360.0 0
1701085209645 20725760.0 0
1701085248603 21352448.0 0
1701085288398 22102016.0 0
1701085329437 22888448.0 0
1701085369414 23650304.0 0
1701085407688 24621056.0 0
1701085445860 25702400.0 0
1701085484036 26918912.0 0
1701085522240 27938816.0 0
1701085560421 29069312.0 0
1701085598572 30261248.0 0
1701085636820 31465472.0 0
1701085675103 36962304.0 0
1701085713397 40620032.0 0
1701085751603 44449792.0 0
1701085789995 48451584.0 0
1701085828338 56967168.0 0
1701085866599 59314176.0 0
1701085904786 66383872.0 0
1701085942949 78557184.0 0
1701085981227 89223168.0 0
1701086019498 95694848.0 0
1701086057857 104079360.0 0
1701086096189 112549888.0 0
1701086134314 121487360.0 0
1701086172584 133271552.0 0
1701086210674 141193216.0 0
1701086248962 149372928.0 0
1701086287377 166359040.0 0
1701086325593 179519488.0 0
1701086363659 191012864.0 0
1701086401901 209301504.0 0
1701086440408 225849344.0 0
1701086478669 244887552.0 0
1701086516845 260345856.0 0
1701086555110 285028352.0 0
1701086593435 299704320.0 0
1701086631873 312344576.0 0
1701086670252 331730944.0 0
1701086708567 361934848.0 0
1701086746842 385945600.0 0
1701086785044 406302720.0 0
1701086824044 441475072.0 0
1701086864568 464101376.0 0
1701086905453 487022592.0 0
1701086945595 512409600.0 0
1701086984027 533712896.0 0
1701087022359 559173632.0 0
1701087060511 583139328.0 0
1701087098820 602824704.0 0
1701087137063 628875264.0 0
1701087175366 659525632.0 0
1701087213650 679837696.0 0
1701087251905 700125184.0 0
1701087290154 722644992.0 0
1701087328670 745299968.0 0
1701087366914 774811648.0 0
1701087405091 804188160.0 0
1701087443513 825802752.0 0
1701087481941 855351296.0 0
1701087520366 876646400.0 0
1701087558588 904151040.0 0
1701087597440 935321600.0 0
1701087635649 954667008.0 0
1701087674001 979836928.0 0
1701087712148 1000873984.0 0
1701087750353 1019408384.0 0
1701087788630 1044455424.0 0
1701087826836 1067810816.0 0
1701087864959 1097555968.0 0
1701087903329 1120763904.0 0
1701087941469 1145995264.0 0
1701087979641 1169313792.0 0
1701088017839 1190768640.0 0
1701088055993 1218367488.0 0
1701088094338 1243758592.0 0
1701088132554 1262944256.0 0
1701088170653 1284116480.0 0
1701088208846 1303252992.0 0
1701088246936 1328656384.0 0
1701088285193 1353998336.0 0
1701088323547 1387790336.0 0
1701088361874 1415290880.0 0
1701088400242 1440657408.0 0
1701088438607 1461583872.0 0
1701088476754 1478180864.0 0
1701088515063 1505497088.0 0
1701088553338 1530568704.0 0
1701088591543 1549324288.0 0
1701088629846 1574248448.0 0
1701088668798 1597321216.0 0
1701088709061 1622773760.0 0
1701088749142 1639739392.0 0
1701088789334 1667166208.0 0
1701088827586 1686228992.0 0
1701088865839 1707192320.0 0
1701088903943 1734631424.0 0
1701088942177 1759727616.0 0
1701088980428 1784909824.0 0
1701089018640 1810030592.0 0
1701089056885 1830957056.0 0
1701089095125 1856004096.0 0
1701089133205 1870589952.0 0
1701089171324 1897574400.0 0
1701089209459 1922486272.0 0
1701089247763 1945251840.0 0
1701089286096 1974444032.0 0
1701089324303 1993162752.0 0
1701089362591 2007638016.0 0
1701089400910 2026024960.0 0
1701089439106 2042339328.0 0
1701089477273 2056531968.0 0
1701089515540 2079260672.0 0
1701089553709 2102063104.0 0
1701089591964 2122645504.0 0
1701089629995 2139217920.0 0
1701089668323 2157604864.0 0
1701089706443 2176028672.0 0
1701089744733 2198708224.0 0
1701089782997 2221314048.0 0
1701089821269 2247917568.0 0
1701089897802 2268266496.0 0
1701089936554 2286321664.0 0
1701089975024 2299899904.0 0
1701090013662 2321633280.0 0
1701090052416 2341085184.0 0
1701090091132 2360401920.0 0
1701090130177 2373550080.0 0
1701090170695 2390757376.0 0
1701090211136 2407669760.0 0
1701090251848 2420412416.0 0
1701090290304 2441383936.0 0
1701090328822 2460233728.0 0
1701090367316 2478899200.0 0
1701090405830 2499477504.0 0
1701090444252 2513899520.0 0
1701090482751 2526113792.0 0
1701090521173 2542510080.0 0
1701090560014 2556588032.0 0
1701090598650 2574503936.0 0
1701090637027 2585956352.0 0
1701090675511 2599272448.0 0
1701090713867 2610257920.0 0
1701090752341 2627534848.0 0
1701090790801 2640543744.0 0
1701090829487 2653442048.0 0
1701090867947 2664439808.0 0
1701090906388 2681679872.0 0
1701090944830 2694676480.0 0
1701090983244 2711707648.0 0
1701091021715 2732748800.0 0
1701091060118 2747191296.0 0
1701091098894 2761388032.0 0
1701091137525 2777374720.0 0
1701091175997 2789154816.0 0
1701091214800 2800738304.0 0
1701091253344 2812284928.0 0
1701091291741 2821562368.0 0
1701091330211 2830852096.0 0
1701091368622 2839908352.0 0
1701091407215 2853085184.0 0
1701091445713 2864078848.0 0
1701091484393 2877108224.0 0
1701091522772 2885918720.0 0
1701091561207 2894716928.0 0
1701091599620 2905550848.0 0
1701091638122 2914066432.0 0
1701091676538 2920226816.0 0
1701091715078 2928312320.0 0
1701091753534 2936459264.0 0
1701091792064 2944557056.0 0
1701091830780 2954690560.0 0
1701091869401 2964676608.0 0
1701091907859 2978820096.0 0
1701091946309 2986426368.0 0
1701091984885 2993946624.0 0
1701092023449 3005440000.0 0
1701092061924 3016896512.0 0
1701092100534 3030573056.0 0
1701092139029 3033616384.0 0
1701092177496 3042975744.0 0
1701092216100 3052691456.0 0
1701092254441 3062345728.0 0
1701092292887 3073863680.0 0
1701092331589 3085357056.0 0
1701092370169 3094495232.0 0
1701092408865 3101560832.0 0
1701092447506 3108552704.0 0
1701092485902 3117654016.0 0
1701092524521 3126632448.0 0
1701092563001 3133267968.0 0
1701092602630 3139989504.0 0
1701092642376 3146661888.0 0
1701092682700 3153321984.0 0
1701092723060 3161821184.0 0
1701092761627 3166162944.0 0
1701092800168 3174539264.0 0
1701092838669 3180584960.0 0
1701092877257 3186520064.0 0
1701092915909 3192344576.0 0
1701092954368 3202449408.0 0
1701092992780 3206336512.0 0
1701093031247 3212382208.0 0
1701093069729 3220377600.0 0
1701093108067 3226128384.0 0
1701093146668 3231866880.0 0
1701093185129 3235594240.0 0
1701093223516 3241295872.0 0
1701093261945 3248750592.0 0
1701093300425 3256193024.0 0
1701093338972 3263586304.0 0
1701093377388 3268796416.0 0
1701093415945 3276152832.0 0
1701093454516 3281338368.0 0
1701093492961 3286413312.0 0
1701093531463 3293376512.0 0
1701093569782 3298254848.0 0
1701093608146 3305095168.0 0
1701093646654 3309690880.0 0
1701093685015 3316457472.0 0
1701093723543 3321004032.0 0
1701093762132 3329622016.0 0
1701093800602 3332034560.0 0
1701093839197 3340566528.0 0
1701093877588 3349393408.0 0
1701093916041 3354124288.0 0
1701093954525 3358842880.0 0
1701093993096 3363463168.0 0
1701094031639 3368157184.0 0
1701094069946 3372642304.0 0
1701094108464 3379064832.0 0
1701094147097 3383267328.0 0
1701094185527 3385163776.0 0
1701094223981 3389218816.0 0
1701094262408 3393323008.0 0
1701094300864 3397378048.0 0
1701094339322 3399176192.0 0
1701094377728 3405144064.0 0
1701094416333 3409174528.0 0
1701094454766 3413118976.0 0
1701094493243 3421159424.0 0
1701094532965 3424956416.0 0
1701094572743 3432837120.0 0
1701094613336 3438645248.0 0
1701094652674 3440283648.0 0
1701094691097 3441811456.0 0
1701094729529 3447619584.0 0
1701094767941 3451244544.0 0
1701094806260 3452760064.0 0
1701094844530 3456299008.0 0
1701094883089 3461799936.0 0
1701094921403 3465326592.0 0
1701094959944 3468681216.0 0
1701094998317 3472035840.0 0
1701095085964 3475341312.0 0
1701095124286 3478757376.0 0
1701095162760 3483975680.0 0
1701095201256 3487182848.0 0
1701095239766 3490414592.0 0
1701095278120 3493781504.0 0
1701095316341 3501121536.0 0
1701095354871 3504168960.0 0
1701095393299 3507081216.0 0
1701095431705 3512066048.0 0
1701095469967 3515002880.0 0
1701095508423 3517988864.0 0
1701095546839 3518730240.0 0
1701095585374 3521445888.0 0
1701095623747 3524050944.0 0
1701095662234 3528531968.0 0
1701095701987 3531296768.0 0
1701095742937 3538182144.0 0
1701095784457 3540664320.0 0
1701095823403 3542999040.0 0
1701095861784 3545296896.0 0
1701095900165 3549925376.0 0
1701095938876 3550347264.0 0
1701095977380 3552866304.0 0
1701096015888 3557445632.0 0
1701096054204 3557720064.0 0
1701096096042 3560005632.0 0
1701096134328 3564314624.0 0
1701096172852 3564429312.0 0
1701096211322 3566714880.0 0
1701096249802 3568951296.0 0
1701096288274 3571101696.0 0
1701096326717 3573202944.0 0
1701096365205 3575390208.0 0
1701096403688 3577589760.0 0
1701096442271 3579715584.0 0
1701096480773 3583827968.0 0
1701096519288 3585818624.0 0
1701096557995 3585613824.0 0
1701096596389 3587616768.0 0
1701096635022 3589570560.0 0
1701096673444 3591524352.0 0
1701096711859 3593515008.0 0
1701096750245 3597479936.0 0
1701096788769 3599101952.0 0
1701096827173 3600699392.0 0
1701096865690 3602407424.0 0
1701096904104 3604336640.0 0
1701096942544 3606081536.0 0
1701096981003 3607851008.0 0
1701097019321 3609583616.0 0
1701097058377 3611267072.0 0
1701097096754 3612950528.0 0
1701097135195 3614351360.0 0
1701097173725 3615764480.0 0
1701097212154 3617189888.0 0
1701097250564 3618652160.0 0
1701097289099 3620188160.0 0
1701097327687 3621601280.0 0
1701097366176 3620917248.0 0
1701097404786 3622367232.0 0
1701097443191 3623657472.0 0
1701097481601 3624812544.0 0
1701097519969 3626102784.0 0
1701097558658 3627393024.0 0
1701097597127 3628523520.0 0
1701097635502 3629690880.0 0
1701097673892 3630845952.0 0
1701097712353 3632099328.0 0
1701097750751 3633156096.0 0
1701097789266 3634077696.0 0
1701097827543 3635036160.0 0
1701097866035 3635871744.0 0
1701097904361 3636744192.0 0
1701097946173 3637800960.0 0
1701097984618 3638919168.0 0
1701098023107 3640049664.0 0
1701098061612 3641204736.0 0
1701098101499 3640238080.0 0
1701098141243 3641270272.0 0
1701098182122 3644399616.0 0
1701098222684 3647406080.0 0
1701098261193 3646291968.0 0
1701098299539 3649212416.0 0
1701098337992 3649875968.0 0
1701098376379 3650379776.0 0
1701098414916 3651067904.0 0
1701098453399 3649671168.0 0
1701098491971 3652382720.0 0
1701098530486 3653095424.0 0
1701098568843 3653844992.0 0
1701098607289 3652423680.0 0
1701098645512 3655061504.0 0
1701098683836 3655737344.0 0
1701098722283 3654266880.0 0
1701098760786 3654684672.0 0
1701098799218 3654930432.0 0
1701098837651 3657457664.0 0
1701098876079 3655974912.0 0
1701098914389 3656613888.0 0
1701098952831 3659141120.0 0
1701098991131 3659436032.0 0
1701099029476 3659202560.0 0
1701099068007 3659276288.0 0
1701099106394 3661606912.0 0
1701099144976 3659841536.0 0
1701099183283 3660259328.0 0
1701099221779 3660529664.0 0
1701099260347 3662835712.0 0
1701099298823 3663007744.0 0
1701099337201 3661058048.0 0
1701099375644 3661070336.0 0
1701099415804 3661144064.0 0
1701099455591 3661033472.0 0
1701099496271 3660701696.0 0
1701099535864 3660247040.0 0
1701099574198 3660161024.0 0
1701099612552 3660136448.0 0
1701099650980 3659976704.0 0
1701099689382 3659866112.0 0
1701099727947 3659583488.0 0
1701099766347 3659190272.0 0
1701099804934 3658833920.0 0
1701099843337 3658465280.0 0
1701099881569 3657863168.0 0
1701099919963 3657371648.0 0
1701099958447 3656830976.0 0
1701099996934 3653971968.0 0
1701100035404 3655307264.0 0
1701100073893 3652558848.0 0
1701100112430 3651612672.0 0
1701100150906 3648606208.0 0
1701100189285 3649855488.0 0
1701100265608 3648884736.0 0
1701100304112 3647791104.0 0
1701100342520 3646672896.0 0
1701100381083 3643432960.0 0
1701100419486 3642462208.0 0
1701100457930 3639332864.0 0
1701100496378 3640348672.0 0
1701100534753 3636887552.0 0
1701100573298 3637460992.0 0
1701100611757 3637899264.0 0
1701100650198 3636412416.0 0
1701100688622 3634962432.0 0
1701100727249 3631329280.0 0
1701100765701 3627008000.0 0
1701100804101 3620503552.0 0
1701100842553 3618230272.0 0
1701100880794 3616202752.0 0
1701100919195 3614212096.0 0
1701100957587 3614171136.0 0
1701100996113 3612057600.0 0
1701101034420 3605417984.0 0
1701101073283 3602751488.0 0
1701101113860 3602243584.0 0
1701101155027 3597307904.0 0
1701101195103 3592224768.0 0
1701101233528 3586797568.0 0
1701101271838 3579420672.0 0
1701101310364 3576471552.0 0
1701101348802 3573559296.0 0
1701101387283 3568119808.0 0
1701101425816 3562864640.0 0
1701101464187 3563581440.0 0
1701101502548 3560300544.0 0
1701101541076 3554639872.0 0
1701101579450 3552534528.0 0
1701101617874 3544530944.0 0
1701101656355 3538722816.0 0
1701101695051 3534815232.0 0
1701101733396 3530661888.0 0
1701101771745 3522510848.0 0
1701101810094 3516469248.0 0
1701101848602 3513077760.0 0
1701101887136 3507662848.0 0
1701101925579 3503988736.0 0
1701101963934 3497750528.0 0
1701102002438 3487293440.0 0
1701102041771 3485507584.0 0
1701102080163 3479576576.0 0
1701102118563 3475423232.0 0
1701102157027 3467505664.0 0
1701102195354 3461537792.0 0
1701102233810 3459309568.0 0
1701102272251 3457105920.0 0
1701102310689 3453173760.0 0
1701102349011 3442642944.0 0
1701102387534 3439898624.0 0
1701102425894 3435769856.0 0
1701102464150 3427274752.0 0
1701102502441 3425193984.0 0
1701102540817 3427405824.0 0
1701102579380 3425644544.0 0
1701102617831 3421945856.0 0
1701102656355 3412140032.0 0
1701102694779 3402235904.0 0
1701102733382 3398574080.0 0
1701102771962 3397169152.0 0
1701102810549 3389349888.0 0
1701102849136 3388153856.0 0
1701102887338 3385020416.0 0
1701102926032 3377508352.0 0
1701102964445 3367604224.0 0
1701103002783 3362078720.0 0
1701103041298 3360636928.0 0
1701103079775 3355037696.0 0
1701103118800 3351584768.0 0
1701103159441 3346071552.0 0
1701103200081 3336781824.0 0
1701103240265 3335868416.0 0
1701103278710 3335004160.0 0
1701103317240 3330068480.0 0
1701103355658 3324764160.0 0
1701103394068 3321753600.0 0
1701103432555 3320766464.0 0
1701103470956 3316674560.0 0
1701103509404 3315589120.0 0
1701103547888 3310604288.0 0
1701103586363 3307937792.0 0
1701103624748 3304927232.0 0
1701103663250 3302309888.0 0
1701103701658 3299889152.0 0
1701103740039 3297173504.0 0
1701103778743 3294728192.0 0
1701103817055 3294404608.0 0
1701103855517 3292241920.0 0
1701103894141 3292262400.0 0
1701103932549 3290124288.0 0
1701103971007 3287961600.0 0
1701104009745 3285676032.0 0
1701104048216 3277012992.0 0
1701104086779 3274948608.0 0
1701104125378 3272994816.0 0
1701104163799 3265241088.0 0
1701104202356 3261546496.0 0
1701104240759 3259813888.0 0
1701104279335 3260289024.0 0
1701104317836 3256631296.0 0
1701104356342 3255070720.0 0
1701104394974 3253669888.0 0
1701104433516 3248148480.0 0
1701104472014 3248820224.0 0
1701104510649 3251515392.0 0
1701104549355 3249942528.0 0
1701104587959 3248492544.0 0
1701104626668 3247386624.0 0
1701104665260 3246231552.0 0
1701104703820 3244904448.0 0
1701104742228 3245416448.0 0
1701104783236 3242127360.0 0
1701104824027 3239034880.0 0
1701104864880 3240271872.0 0
1701104903674 3240955904.0 0
1701104942224 3239469056.0 0
1701104980635 3235971072.0 0
1701105019127 3234680832.0 0
1701105057594 3233525760.0 0
1701105096164 3232493568.0 0
1701105134658 3233730560.0 0
1701105173031 3230748672.0 0
1701105211625 3227705344.0 0
1701105250126 3226660864.0 0
1701105288936 3227996160.0 0
1701105327456 3229220864.0 0
1701105365937 3226128384.0 0
1701105609269 3225157632.0 0
1701105647813 3226443776.0 0
1701105686393 3228000256.0 0
1701105724988 3225067520.0 0
1701105763767 3224268800.0 0
1701105802401 3221299200.0 0
1701105841459 3218403328.0 0
1701105880073 3215740928.0 0
1701105918506 3213434880.0 0
1701105957668 3213385728.0 0
1701105996199 3215298560.0 0
1701106034635 3215065088.0 0
1701106073110 3218767872.0 0
1701106111752 3213836288.0 0
1701106150211 3214680064.0 0
1701106188681 3207000064.0 0
1701106227356 3206373376.0 0
1701106265924 3210199040.0 0
1701106304374 3205771264.0 0
1701106342842 3207671808.0 0
1701106381465 3207389184.0 0
1701106420023 3207118848.0 0
1701106458640 3209105408.0 0
1701106497150 3208945664.0 0
1701106535679 3211042816.0 0
1701106574139 3208749056.0 0
1701106612586 3212783616.0 0
1701106651082 3212771328.0 0
1701106689535 3210625024.0 0
1701106727997 3206209536.0 0
1701106766299 3205890048.0 0
1701106804641 3205705728.0 0
1701106842894 3207434240.0 0
1701106881478 3207397376.0 0
1701106920021 3209408512.0 0
1701106958261 3209064448.0 0
1701106996633 3206660096.0 0
1701107035088 3206352896.0 0
1701107073390 3206156288.0 0
1701107112283 3208044544.0 0
1701107153025 3208118272.0 0
1701107194038 3208253440.0 0
1701107233840 3206316032.0 0
1701107272114 3206463488.0 0
1701107310650 3206451200.0 0
1701107349261 3208572928.0 0
1701107387701 3206463488.0 0
1701107426228 3208400896.0 0
1701107464795 3210473472.0 0
1701107503224 3208388608.0 0
1701107541793 3210289152.0 0
1701107580501 3210067968.0 0
1701107619032 3207847936.0 0
1701107657454 3207860224.0 0
1701107695837 3208142848.0 0
1701107734479 3208142848.0 0
1701107773028 3205763072.0 0
1701107811503 3205775360.0 0
1701107850008 3207860224.0 0
1701107888428 3207983104.0 0
1701107927042 3206008832.0 0
1701107965629 3205971968.0 0
1701108004201 3206119424.0 0
1701108042701 3208548352.0 0
1701108081102 3208806400.0 0
1701108119587 3206930432.0 0
1701108158055 3209211904.0 0
1701108196906 3207532544.0 0
1701108235568 3207680000.0 0
1701108274143 3207704576.0 0
1701108312589 3209764864.0 0
1701108351098 3209801728.0 0
1701108389649 3211972608.0 0
1701108428265 3212206080.0 0
1701108466685 3212636160.0 0
1701108505221 3212857344.0 0
1701108543622 3213053952.0 0
1701108582181 3211005952.0 0
1701108620702 3211091968.0 0
1701108659148 3213324288.0 0
1701108698755 3213508608.0 0
1701108738467 3213803520.0 0
1701108779211 3214196736.0 0
1701108818541 3214454784.0 0
1701108856893 3210309632.0 0
1701108895228 3210199040.0 0
1701108933650 3214589952.0 0
1701108972096 3214749696.0 0
1701109010676 3214946304.0 0
1701109049131 3215093760.0 0
1701109087460 3215486976.0 0
1701109125911 3215818752.0 0
1701109164369 3215966208.0 0
1701109202934 3216027648.0 0
1701109241822 3211980800.0 0
1701109280271 3214004224.0 0
1701109318710 3214090240.0 0
1701109356927 3214225408.0 0
1701109395182 3214630912.0 0
1701109433344 3214766080.0 0
1701109471659 3212890112.0 0
1701109509854 3211210752.0 0
1701109548007 3211677696.0 0
1701109586276 3218337792.0 0
1701109624385 3218755584.0 0
1701109662659 3218632704.0 0
1701109700891 3216633856.0 0
1701109739190 3219050496.0 0
1701109777343 3221626880.0 0
1701109815525 3221823488.0 0
1701109853616 3219984384.0 0
1701109891934 3222167552.0 0
1701109930024 3222474752.0 0
1701109968376 3224977408.0 0
1701110007040 3225137152.0 0
1701110045363 3225567232.0 0
1701110083683 3223801856.0 0
1701110121883 3226132480.0 0
1701110160136 3224453120.0 0
1701110198222 3226968064.0 0
1701110236429 3227090944.0 0
1701110274651 3227201536.0 0
1701110312937 3227447296.0 0
1701110354677 3227889664.0 0
1701110392780 3228196864.0 0
1701110431110 3228577792.0 0
1701110469473 3228884992.0 0
1701110507811 3229241344.0 0
1701110546159 3229585408.0 0
1701110584530 3227488256.0 0
1701110622911 3229880320.0 0
1701110661361 3230187520.0 0
1701110701871 3230420992.0 0
