1701084715436 6467305472.0 0
1701084750313 6466961408.0 0
1701084788459 6466383872.0 0
1701084826713 6465781760.0 0
1701084864849 6464761856.0 0
1701084903072 6463250432.0 0
1701084941187 6461468672.0 0
1701084979585 6460522496.0 0
1701085017728 6459957248.0 0
1701085056007 6459453440.0 0
1701085094263 6459035648.0 0
1701085133030 6456471552.0 0
1701085171327 6455894016.0 0
1701085209646 6455279616.0 0
1701085248603 6454652928.0 0
1701085288399 6453903360.0 0
1701085329438 6453116928.0 0
1701085369415 6452355072.0 0
1701085407689 6451384320.0 0
1701085445861 6450302976.0 0
1701085484037 6449086464.0 0
1701085522240 6448066560.0 0
1701085560421 6446936064.0 0
1701085598573 6445744128.0 0
1701085636821 6444539904.0 0
1701085675104 6439043072.0 0
1701085713398 6435385344.0 0
1701085751604 6431555584.0 0
1701085789995 6427553792.0 0
1701085828339 6419038208.0 0
1701085866600 6416691200.0 0
1701085904786 6409621504.0 0
1701085942950 6397448192.0 0
1701085981228 6386782208.0 0
1701086019499 6380310528.0 0
1701086057858 6371926016.0 0
1701086096189 6363455488.0 0
1701086134315 6354518016.0 0
1701086172585 6342733824.0 0
1701086210674 6334812160.0 0
1701086248962 6326632448.0 0
1701086287377 6309646336.0 0
1701086325593 6296485888.0 0
1701086363660 6284992512.0 0
1701086401901 6266703872.0 0
1701086440409 6250156032.0 0
1701086478670 6231117824.0 0
1701086516846 6215659520.0 0
1701086555111 6190977024.0 0
1701086593435 6176301056.0 0
1701086631874 6163660800.0 0
1701086670253 6144274432.0 0
1701086708568 6114070528.0 0
1701086746843 6090059776.0 0
1701086785045 6069702656.0 0
1701086824044 6034530304.0 0
1701086864569 6011904000.0 0
1701086905453 5988982784.0 0
1701086945596 5963595776.0 0
1701086984027 5942292480.0 0
1701087022360 5916831744.0 0
1701087060511 5892866048.0 0
1701087098820 5873180672.0 0
1701087137064 5847130112.0 0
1701087175366 5816479744.0 0
1701087213651 5796167680.0 0
1701087251905 5775880192.0 0
1701087290155 5753360384.0 0
1701087328671 5730705408.0 0
1701087366914 5701193728.0 0
1701087405092 5671817216.0 0
1701087443514 5650202624.0 0
1701087481942 5620654080.0 0
1701087520366 5599358976.0 0
1701087558589 5571854336.0 0
1701087597441 5540683776.0 0
1701087635650 5521338368.0 0
1701087674002 5496168448.0 0
1701087712149 5475131392.0 0
1701087750354 5456596992.0 0
1701087788631 5431549952.0 0
1701087826836 5408194560.0 0
1701087864959 5378449408.0 0
1701087903329 5355241472.0 0
1701087941469 5330010112.0 0
1701087979642 5306691584.0 0
1701088017840 5285236736.0 0
1701088055994 5257637888.0 0
1701088094338 5232246784.0 0
1701088132555 5213061120.0 0
1701088170654 5191888896.0 0
1701088208847 5172752384.0 0
1701088246937 5147348992.0 0
1701088285194 5122007040.0 0
1701088323548 5088215040.0 0
1701088361875 5060714496.0 0
1701088400243 5035347968.0 0
1701088438608 5014421504.0 0
1701088476755 4997824512.0 0
1701088515064 4970508288.0 0
1701088553339 4945436672.0 0
1701088591544 4926681088.0 0
1701088629847 4901756928.0 0
1701088668799 4878684160.0 0
1701088709061 4853231616.0 0
1701088749142 4836265984.0 0
1701088789335 4808839168.0 0
1701088827586 4789776384.0 0
1701088865840 4768813056.0 0
1701088903943 4741373952.0 0
1701088942177 4716277760.0 0
1701088980429 4691095552.0 0
1701089018640 4665974784.0 0
1701089056885 4645048320.0 0
1701089095126 4620001280.0 0
1701089133206 4605415424.0 0
1701089171325 4578430976.0 0
1701089209459 4553519104.0 0
1701089247764 4530753536.0 0
1701089286096 4501561344.0 0
1701089324304 4482842624.0 0
1701089362591 4468367360.0 0
1701089400911 4449980416.0 0
1701089439106 4433666048.0 0
1701089477274 4419473408.0 0
1701089515540 4396744704.0 0
1701089553710 4373942272.0 0
1701089591965 4353359872.0 0
1701089629996 4336787456.0 0
1701089668323 4318400512.0 0
1701089706444 4299976704.0 0
1701089744734 4277297152.0 0
1701089782998 4254691328.0 0
1701089821269 4228087808.0 0
1701089897802 4207738880.0 0
1701089936555 4189683712.0 0
1701089975025 4176105472.0 0
1701090013663 4154372096.0 0
1701090052417 4134920192.0 0
1701090091132 4115603456.0 0
1701090130178 4102455296.0 0
1701090170696 4085248000.0 0
1701090211137 4068335616.0 0
1701090251848 4055592960.0 0
1701090290305 4034621440.0 0
1701090328822 4015771648.0 0
1701090367317 3997106176.0 0
1701090405831 3976527872.0 0
1701090444252 3962105856.0 0
1701090482751 3949891584.0 0
1701090521174 3933495296.0 0
1701090560015 3919417344.0 0
1701090598651 3901501440.0 0
1701090637028 3890049024.0 0
1701090675511 3876732928.0 0
1701090713868 3865747456.0 0
1701090752342 3848470528.0 0
1701090790802 3835461632.0 0
1701090829487 3822563328.0 0
1701090867948 3811565568.0 0
1701090906388 3794325504.0 0
1701090944831 3781328896.0 0
1701090983244 3764297728.0 0
1701091021716 3743256576.0 0
1701091060119 3728814080.0 0
1701091098894 3714617344.0 0
1701091137526 3698630656.0 0
1701091175998 3686850560.0 0
1701091214800 3675267072.0 0
1701091253344 3663720448.0 0
1701091291741 3654443008.0 0
1701091330212 3645153280.0 0
1701091368623 3636097024.0 0
1701091407216 3622920192.0 0
1701091445713 3611926528.0 0
1701091484393 3598897152.0 0
1701091522773 3590086656.0 0
1701091561208 3581288448.0 0
1701091599621 3570454528.0 0
1701091638123 3561938944.0 0
1701091676539 3555778560.0 0
1701091715079 3547693056.0 0
1701091753535 3539546112.0 0
1701091792064 3531448320.0 0
1701091830781 3521314816.0 0
1701091869402 3511328768.0 0
1701091907860 3497185280.0 0
1701091946310 3489579008.0 0
1701091984886 3482058752.0 0
1701092023449 3470565376.0 0
1701092061925 3459108864.0 0
1701092100534 3445432320.0 0
1701092139030 3442388992.0 0
1701092177497 3433029632.0 0
1701092216101 3423313920.0 0
1701092254442 3413659648.0 0
1701092292888 3402141696.0 0
1701092331589 3390648320.0 0
1701092370170 3381510144.0 0
1701092408865 3374444544.0 0
1701092447507 3367452672.0 0
1701092485902 3358351360.0 0
1701092524522 3349372928.0 0
1701092563002 3342737408.0 0
1701092602631 3336015872.0 0
1701092642377 3329343488.0 0
1701092682701 3322683392.0 0
1701092723060 3314184192.0 0
1701092761627 3309842432.0 0
1701092800168 3301466112.0 0
1701092838670 3295420416.0 0
1701092877257 3289485312.0 0
1701092915910 3283660800.0 0
1701092954368 3273555968.0 0
1701092992781 3269668864.0 0
1701093031247 3263623168.0 0
1701093069729 3255627776.0 0
1701093108068 3249876992.0 0
1701093146669 3244138496.0 0
1701093185130 3240411136.0 0
1701093223516 3234709504.0 0
1701093261946 3227254784.0 0
1701093300425 3219812352.0 0
1701093338972 3212419072.0 0
1701093377389 3207208960.0 0
1701093415946 3199852544.0 0
1701093454517 3194667008.0 0
1701093492961 3189592064.0 0
1701093531463 3182628864.0 0
1701093569782 3177750528.0 0
1701093608147 3170910208.0 0
1701093646654 3166314496.0 0
1701093685016 3159547904.0 0
1701093723544 3155001344.0 0
1701093762133 3146383360.0 0
1701093800603 3143970816.0 0
1701093839197 3135438848.0 0
1701093877589 3126611968.0 0
1701093916041 3121881088.0 0
1701093954526 3117162496.0 0
1701093993097 3112542208.0 0
1701094031640 3107848192.0 0
1701094069947 3103363072.0 0
1701094108465 3096940544.0 0
1701094147098 3092738048.0 0
1701094185527 3090841600.0 0
1701094223982 3086786560.0 0
1701094262408 3082682368.0 0
1701094300864 3078627328.0 0
1701094339322 3076829184.0 0
1701094377728 3070861312.0 0
1701094416334 3066830848.0 0
1701094454767 3062886400.0 0
1701094493244 3054845952.0 0
1701094532966 3051048960.0 0
1701094572744 3043168256.0 0
1701094613337 3037360128.0 0
1701094652675 3035721728.0 0
1701094691098 3034193920.0 0
1701094729530 3028385792.0 0
1701094767942 3024760832.0 0
1701094806261 3023245312.0 0
1701094844531 3019706368.0 0
1701094883090 3014205440.0 0
1701094921404 3010678784.0 0
1701094959944 3007324160.0 0
1701094998318 3003969536.0 0
1701095085964 3000664064.0 0
1701095124286 2997248000.0 0
1701095162761 2992029696.0 0
1701095201257 2988822528.0 0
1701095239767 2985590784.0 0
1701095278120 2982223872.0 0
1701095316342 2974883840.0 0
1701095354871 2971836416.0 0
1701095393300 2968924160.0 0
1701095431706 2963939328.0 0
1701095469968 2961002496.0 0
1701095508424 2958016512.0 0
1701095546840 2957275136.0 0
1701095585374 2954559488.0 0
1701095623748 2951954432.0 0
1701095662234 2947473408.0 0
1701095701988 2944708608.0 0
1701095742938 2937823232.0 0
1701095784458 2935341056.0 0
1701095823404 2933006336.0 0
1701095861785 2930708480.0 0
1701095900166 2926080000.0 0
1701095938877 2925658112.0 0
1701095977380 2923139072.0 0
1701096015888 2918559744.0 0
1701096054205 2918285312.0 0
1701096096043 2915999744.0 0
1701096134328 2911690752.0 0
1701096172853 2911576064.0 0
1701096211323 2909290496.0 0
1701096249802 2907054080.0 0
1701096288274 2904903680.0 0
1701096326718 2902802432.0 0
1701096365206 2900615168.0 0
1701096403689 2898415616.0 0
1701096442272 2896289792.0 0
1701096480773 2892177408.0 0
1701096519289 2890186752.0 0
1701096557996 2890391552.0 0
1701096596389 2888388608.0 0
1701096635022 2886434816.0 0
1701096673445 2884481024.0 0
1701096711860 2882490368.0 0
1701096750246 2878525440.0 0
1701096788770 2876903424.0 0
1701096827174 2875305984.0 0
1701096865691 2873597952.0 0
1701096904105 2871668736.0 0
1701096942545 2869923840.0 0
1701096981004 2868154368.0 0
1701097019321 2866421760.0 0
1701097058378 2864738304.0 0
1701097096755 2863054848.0 0
1701097135196 2861654016.0 0
1701097173726 2860240896.0 0
1701097212155 2858815488.0 0
1701097250564 2857353216.0 0
1701097289100 2855817216.0 0
1701097327688 2854404096.0 0
1701097366177 2855088128.0 0
1701097404787 2853638144.0 0
1701097443192 2852347904.0 0
1701097481601 2851192832.0 0
1701097519970 2849902592.0 0
1701097558658 2848612352.0 0
1701097597128 2847481856.0 0
1701097635503 2846314496.0 0
1701097673893 2845159424.0 0
1701097712353 2843906048.0 0
1701097750751 2842849280.0 0
1701097789267 2841927680.0 0
1701097827544 2840969216.0 0
1701097866035 2840133632.0 0
1701097904362 2839261184.0 0
1701097946173 2838204416.0 0
1701097984619 2837086208.0 0
1701098023108 2835955712.0 0
1701098061613 2834800640.0 0
1701098101500 2835767296.0 0
1701098141244 2834735104.0 0
1701098182123 2831605760.0 0
1701098222684 2828599296.0 0
1701098261194 2829713408.0 0
1701098299540 2826792960.0 0
1701098337993 2826129408.0 0
1701098376379 2825625600.0 0
1701098414917 2824937472.0 0
1701098453400 2826334208.0 0
1701098491972 2823622656.0 0
1701098530486 2822909952.0 0
1701098568843 2822160384.0 0
1701098607290 2823581696.0 0
1701098645512 2820943872.0 0
1701098683837 2820268032.0 0
1701098722283 2821738496.0 0
1701098760787 2821320704.0 0
1701098799219 2821074944.0 0
1701098837652 2818547712.0 0
1701098876079 2820030464.0 0
1701098914390 2819391488.0 0
1701098952832 2816864256.0 0
1701098991132 2816569344.0 0
1701099029477 2816802816.0 0
1701099068008 2816729088.0 0
1701099106395 2814398464.0 0
1701099144976 2816163840.0 0
1701099183284 2815746048.0 0
1701099221779 2815475712.0 0
1701099260348 2813169664.0 0
1701099298824 2812997632.0 0
1701099337201 2814947328.0 0
1701099375644 2814935040.0 0
1701099415805 2814861312.0 0
1701099455591 2814971904.0 0
1701099496272 2815303680.0 0
1701099535865 2815758336.0 0
1701099574199 2815844352.0 0
1701099612553 2815868928.0 0
1701099650981 2816028672.0 0
1701099689383 2816139264.0 0
1701099727947 2816421888.0 0
1701099766347 2816815104.0 0
1701099804935 2817171456.0 0
1701099843338 2817540096.0 0
1701099881570 2818142208.0 0
1701099919963 2818633728.0 0
1701099958448 2819174400.0 0
1701099996935 2822033408.0 0
1701100035405 2820698112.0 0
1701100073894 2823446528.0 0
1701100112431 2824392704.0 0
1701100150907 2827399168.0 0
1701100189285 2826149888.0 0
1701100265609 2827120640.0 0
1701100304113 2828214272.0 0
1701100342520 2829332480.0 0
1701100381084 2832572416.0 0
1701100419488 2833543168.0 0
1701100457930 2836672512.0 0
1701100496378 2835656704.0 0
1701100534754 2839117824.0 0
1701100573299 2838544384.0 0
1701100611757 2838106112.0 0
1701100650198 2839592960.0 0
1701100688622 2841042944.0 0
1701100727250 2844676096.0 0
1701100765701 2848997376.0 0
1701100804102 2855501824.0 0
1701100842553 2857775104.0 0
1701100880794 2859802624.0 0
1701100919195 2861793280.0 0
1701100957588 2861834240.0 0
1701100996113 2863947776.0 0
1701101034421 2870587392.0 0
1701101073284 2873253888.0 0
1701101113861 2873761792.0 0
1701101155028 2878697472.0 0
1701101195103 2883780608.0 0
1701101233529 2889207808.0 0
1701101271839 2896584704.0 0
1701101310365 2899533824.0 0
1701101348803 2902446080.0 0
1701101387283 2907885568.0 0
1701101425817 2913140736.0 0
1701101464188 2912423936.0 0
1701101502548 2915704832.0 0
1701101541076 2921365504.0 0
1701101579451 2923470848.0 0
1701101617875 2931474432.0 0
1701101656356 2937282560.0 0
1701101695052 2941190144.0 0
1701101733396 2945343488.0 0
1701101771746 2953494528.0 0
1701101810095 2959536128.0 0
1701101848603 2962927616.0 0
1701101887137 2968342528.0 0
1701101925580 2972016640.0 0
1701101963934 2978254848.0 0
1701102002439 2988711936.0 0
1701102041771 2990497792.0 0
1701102080164 2996428800.0 0
1701102118564 3000582144.0 0
1701102157027 3008499712.0 0
1701102195355 3014467584.0 0
1701102233811 3016695808.0 0
1701102272252 3018899456.0 0
1701102310690 3022831616.0 0
1701102349012 3033362432.0 0
1701102387534 3036106752.0 0
1701102425894 3040235520.0 0
1701102464151 3048730624.0 0
1701102502442 3050811392.0 0
1701102540817 3048599552.0 0
1701102579381 3050360832.0 0
1701102617831 3054059520.0 0
1701102656355 3063865344.0 0
1701102694780 3073769472.0 0
1701102733383 3077431296.0 0
1701102771962 3078836224.0 0
1701102810550 3086655488.0 0
1701102849137 3087851520.0 0
1701102887339 3090984960.0 0
1701102926033 3098497024.0 0
1701102964445 3108401152.0 0
1701103002783 3113926656.0 0
1701103041298 3115368448.0 0
1701103079776 3120967680.0 0
1701103118801 3124420608.0 0
1701103159441 3129933824.0 0
1701103200082 3139223552.0 0
1701103240265 3140136960.0 0
1701103278710 3141001216.0 0
1701103317241 3145936896.0 0
1701103355659 3151241216.0 0
1701103394069 3154251776.0 0
1701103432556 3155238912.0 0
1701103470957 3159330816.0 0
1701103509405 3160416256.0 0
1701103547889 3165401088.0 0
1701103586364 3168067584.0 0
1701103624749 3171078144.0 0
1701103663251 3173695488.0 0
1701103701659 3176116224.0 0
1701103740040 3178831872.0 0
1701103778744 3181277184.0 0
1701103817056 3181600768.0 0
1701103855518 3183763456.0 0
1701103894142 3183742976.0 0
1701103932550 3185881088.0 0
1701103971008 3188043776.0 0
1701104009746 3190329344.0 0
1701104048216 3198992384.0 0
1701104086780 3201056768.0 0
1701104125379 3203010560.0 0
1701104163800 3210764288.0 0
1701104202357 3214458880.0 0
1701104240760 3216191488.0 0
1701104279335 3215716352.0 0
1701104317837 3219374080.0 0
1701104356343 3220934656.0 0
1701104394975 3222335488.0 0
1701104433517 3227856896.0 0
1701104472015 3227185152.0 0
1701104510650 3224489984.0 0
1701104549356 3226062848.0 0
1701104587960 3227512832.0 0
1701104626668 3228618752.0 0
1701104665260 3229773824.0 0
1701104703820 3231100928.0 0
1701104742229 3230588928.0 0
1701104783237 3233878016.0 0
1701104824028 3236970496.0 0
1701104864881 3235733504.0 0
1701104903675 3235049472.0 0
1701104942225 3236536320.0 0
1701104980636 3240034304.0 0
1701105019127 3241324544.0 0
1701105057595 3242479616.0 0
1701105096165 3243511808.0 0
1701105134659 3242274816.0 0
1701105173032 3245256704.0 0
1701105211626 3248300032.0 0
1701105250127 3249344512.0 0
1701105288937 3248009216.0 0
1701105327457 3246784512.0 0
1701105365938 3249876992.0 0
1701105609269 3250847744.0 0
1701105647814 3249561600.0 0
1701105686393 3248005120.0 0
1701105724989 3250937856.0 0
1701105763767 3251736576.0 0
1701105802402 3254706176.0 0
1701105841460 3257602048.0 0
1701105880074 3260264448.0 0
1701105918507 3262570496.0 0
1701105957669 3262619648.0 0
1701105996199 3260706816.0 0
1701106034636 3260940288.0 0
1701106073110 3257237504.0 0
1701106111752 3262169088.0 0
1701106150212 3261325312.0 0
1701106188682 3269005312.0 0
1701106227357 3269632000.0 0
1701106265925 3265806336.0 0
1701106304374 3270234112.0 0
1701106342842 3268333568.0 0
1701106381466 3268616192.0 0
1701106420024 3268886528.0 0
1701106458641 3266899968.0 0
1701106497150 3267059712.0 0
1701106535679 3264962560.0 0
1701106574139 3267256320.0 0
1701106612587 3263221760.0 0
1701106651082 3263234048.0 0
1701106689536 3265380352.0 0
1701106727998 3269795840.0 0
1701106766300 3270115328.0 0
1701106804641 3270299648.0 0
1701106842895 3268571136.0 0
1701106881478 3268608000.0 0
1701106920022 3266596864.0 0
1701106958262 3266940928.0 0
1701106996634 3269345280.0 0
1701107035089 3269652480.0 0
1701107073391 3269849088.0 0
1701107112284 3267960832.0 0
1701107153025 3267887104.0 0
1701107194039 3267751936.0 0
1701107233841 3269689344.0 0
1701107272114 3269541888.0 0
1701107310650 3269554176.0 0
1701107349261 3267432448.0 0
1701107387702 3269541888.0 0
1701107426228 3267604480.0 0
1701107464795 3265531904.0 0
1701107503225 3267616768.0 0
1701107541794 3265716224.0 0
1701107580502 3265937408.0 0
1701107619033 3268157440.0 0
1701107657455 3268145152.0 0
1701107695837 3267862528.0 0
1701107734479 3267862528.0 0
1701107773028 3270242304.0 0
1701107811504 3270230016.0 0
1701107850008 3268145152.0 0
1701107888429 3268022272.0 0
1701107927043 3269996544.0 0
1701107965630 3270033408.0 0
1701108004202 3269885952.0 0
1701108042701 3267457024.0 0
1701108081103 3267198976.0 0
1701108119587 3269074944.0 0
1701108158056 3266793472.0 0
1701108196907 3268472832.0 0
1701108235568 3268325376.0 0
1701108274144 3268300800.0 0
1701108312590 3266240512.0 0
1701108351099 3266203648.0 0
1701108389650 3264032768.0 0
1701108428266 3263799296.0 0
1701108466685 3263369216.0 0
1701108505222 3263148032.0 0
1701108543623 3262951424.0 0
1701108582182 3264999424.0 0
1701108620703 3264913408.0 0
1701108659149 3262681088.0 0
1701108698756 3262496768.0 0
1701108738467 3262201856.0 0
1701108779212 3261808640.0 0
1701108818542 3261550592.0 0
1701108856894 3265695744.0 0
1701108895229 3265806336.0 0
1701108933651 3261415424.0 0
1701108972097 3261255680.0 0
1701109010677 3261059072.0 0
1701109049132 3260911616.0 0
1701109087460 3260518400.0 0
1701109125912 3260186624.0 0
1701109164370 3260039168.0 0
1701109202934 3259977728.0 0
1701109241823 3264024576.0 0
1701109280271 3262001152.0 0
1701109318711 3261915136.0 0
1701109356927 3261779968.0 0
1701109395183 3261374464.0 0
1701109433345 3261239296.0 0
1701109471660 3263115264.0 0
1701109509855 3264794624.0 0
1701109548008 3264327680.0 0
1701109586276 3257667584.0 0
1701109624386 3257249792.0 0
1701109662660 3257372672.0 0
1701109700892 3259371520.0 0
1701109739191 3256954880.0 0
1701109777344 3254378496.0 0
1701109815526 3254181888.0 0
1701109853617 3256020992.0 0
1701109891934 3253837824.0 0
1701109930024 3253530624.0 0
1701109968377 3251027968.0 0
1701110007041 3250868224.0 0
1701110045364 3250438144.0 0
1701110083684 3252203520.0 0
1701110121884 3249872896.0 0
1701110160137 3251552256.0 0
1701110198222 3249037312.0 0
1701110236430 3248914432.0 0
1701110274652 3248803840.0 0
1701110312937 3248558080.0 0
1701110354677 3248115712.0 0
1701110392781 3247808512.0 0
1701110431111 3247427584.0 0
1701110469474 3247120384.0 0
1701110507811 3246764032.0 0
1701110546160 3246419968.0 0
1701110584531 3248517120.0 0
1701110622911 3246125056.0 0
1701110661362 3245817856.0 0
1701110701871 3245584384.0 0
