1701084713108 0.0 0
1701084747449 0.0033809166040570998 0
1701084785949 0.007137490608564989 0
1701084824378 0.010894064613072877 0
1701084862486 0.014650638617580767 0
1701084900701 0.018407212622088654 0
1701084938851 0.022163786626596543 0
1701084977214 0.025920360631104433 0
1701085015360 0.029676934635612322 0
1701085053670 0.03343350864012021 0
1701085091886 0.0371900826446281 0
1701085130682 0.040946656649135986 0
1701085168943 0.04470323065364388 0
1701085207293 0.048459804658151764 0
1701085246195 0.05221637866265966 0
1701085285928 0.05597295266716754 0
1701085326930 0.05972952667167543 0
1701085366962 0.06348610067618332 0
1701085405238 0.06724267468069121 0
1701085443533 0.07099924868519909 0
1701085481701 0.07475582268970699 0
1701085519930 0.07851239669421488 0
1701085558030 0.08226897069872277 0
1701085596210 0.08602554470323065 0
1701085634524 0.08978211870773854 0
1701085672758 0.09353869271224644 0
1701085711029 0.09729526671675431 0
1701085749285 0.1010518407212622 0
1701085787662 0.1048084147257701 0
1701085825958 0.10856498873027799 0
1701085864257 0.11232156273478587 0
1701085902433 0.11607813673929376 0
1701085940609 0.11983471074380166 0
1701085978898 0.12359128474830954 0
1701086017122 0.12734785875281743 0
1701086055545 0.1311044327573253 0
1701086093826 0.1348610067618332 0
1701086131988 0.1386175807663411 0
1701086170226 0.142374154770849 0
1701086208330 0.14613072877535688 0
1701086246565 0.14988730277986476 0
1701086285033 0.15364387678437266 0
1701086323236 0.15740045078888054 0
1701086361345 0.16115702479338842 0
1701086399550 0.16491359879789633 0
1701086438013 0.1686701728024042 0
1701086476338 0.17242674680691208 0
1701086514493 0.17618332081142 0
1701086552784 0.17993989481592787 0
1701086591075 0.18369646882043575 0
1701086629405 0.18745304282494366 0
1701086667814 0.19120961682945153 0
1701086706152 0.19496619083395944 0
1701086744507 0.19872276483846732 0
1701086782713 0.2024793388429752 0
1701086821625 0.2062359128474831 0
1701086862141 0.20999248685199098 0
1701086902979 0.21374906085649886 0
1701086943181 0.21750563486100677 0
1701086981619 0.22126220886551465 0
1701087020034 0.22501878287002253 0
1701087058206 0.22877535687453043 0
1701087096441 0.2325319308790383 0
1701087134733 0.23628850488354622 0
1701087173045 0.2400450788880541 0
1701087211273 0.24380165289256198 0
1701087249521 0.24755822689706988 0
1701087287813 0.25131480090157776 0
1701087326306 0.25507137490608567 0
1701087364558 0.2588279489105935 0
1701087402773 0.2625845229151014 0
1701087441113 0.26634109691960933 0
1701087479554 0.2700976709241172 0
1701087518056 0.2738542449286251 0
1701087556291 0.277610818933133 0
1701087595096 0.28136739293764085 0
1701087633314 0.28512396694214875 0
1701087671676 0.28888054094665666 0
1701087709870 0.2926371149511645 0
1701087748069 0.2963936889556724 0
1701087786292 0.3001502629601803 0
1701087824533 0.30390683696468823 0
1701087862593 0.3076634109691961 0
1701087900985 0.311419984973704 0
1701087939153 0.3151765589782119 0
1701087977345 0.31893313298271975 0
1701088015507 0.32268970698722765 0
1701088053720 0.32644628099173556 0
1701088091975 0.3302028549962434 0
1701088130237 0.3339594290007513 0
1701088168345 0.3377160030052592 0
1701088206529 0.3414725770097671 0
1701088244632 0.345229151014275 0
1701088282894 0.3489857250187829 0
1701088321117 0.35274229902329074 0
1701088359457 0.35649887302779865 0
1701088397804 0.36025544703230655 0
1701088436243 0.3640120210368144 0
1701088474417 0.3677685950413223 0
1701088512706 0.3715251690458302 0
1701088550965 0.37528174305033807 0
1701088589205 0.379038317054846 0
1701088627475 0.3827948910593539 0
1701088666292 0.38655146506386173 0
1701088706579 0.39030803906836964 0
1701088746593 0.39406461307287755 0
1701088786980 0.39782118707738545 0
1701088825233 0.4015777610818933 0
1701088863477 0.4053343350864012 0
1701088901585 0.4090909090909091 0
1701088939829 0.41284748309541697 0
1701088978065 0.4166040570999249 0
1701089016330 0.4203606311044328 0
1701089054581 0.42411720510894063 0
1701089092809 0.42787377911344854 0
1701089130870 0.43163035311795644 0
1701089169007 0.4353869271224643 0
1701089207153 0.4391435011269722 0
1701089245402 0.4429000751314801 0
1701089283713 0.44665664913598796 0
1701089321881 0.45041322314049587 0
1701089360254 0.4541697971450038 0
1701089398553 0.4579263711495116 0
1701089436761 0.46168294515401953 0
1701089474952 0.46543951915852744 0
1701089513188 0.4691960931630353 0
1701089551334 0.4729526671675432 0
1701089589674 0.4767092411720511 0
1701089627703 0.48046581517655895 0
1701089665954 0.48422238918106686 0
1701089704117 0.48797896318557477 0
1701089742296 0.49173553719008267 0
1701089780650 0.4954921111945905 0
1701089818926 0.49924868519909843 0
1701089895476 0.5 0
1701089934171 0.5 0
1701089972700 0.5 0
1701090011234 0.5 0
1701090050057 0.5 0
1701090088814 0.5 0
1701090127795 0.5 0
1701090167900 0.5 0
1701090208548 0.5 0
1701090249461 0.5 0
1701090287981 0.5 0
1701090326443 0.5 0
1701090364949 0.5 0
1701090403437 0.5 0
1701090441957 0.5 0
1701090480402 0.5 0
1701090518833 0.5 0
1701090557705 0.5 0
1701090596329 0.5 0
1701090634688 0.5 0
1701090673186 0.5 0
1701090711612 0.5 0
1701090750066 0.5 0
1701090788529 0.5 0
1701090827166 0.5 0
1701090865627 0.5 0
1701090904065 0.5 0
1701090942534 0.5 0
1701090980921 0.5 0
1701091019421 0.5 0
1701091057805 0.5 0
1701091096550 0.5 0
1701091135029 0.5 0
1701091173674 0.5 0
1701091212462 0.5 0
1701091251009 0.5 0
1701091289456 0.5 0
1701091327869 0.5 0
1701091366352 0.5 0
1701091404875 0.5 0
1701091443377 0.5 0
1701091482038 0.5 0
1701091520500 0.5 0
1701091558848 0.5 0
1701091597297 0.5 0
1701091635765 0.5 0
1701091674205 0.5 0
1701091712681 0.5 0
1701091751207 0.5 0
1701091789717 0.5 0
1701091828429 0.5 0
1701091867102 0.5 0
1701091905541 0.5 0
1701091943984 0.5 0
1701091982509 0.5 0
1701092021142 0.5 0
1701092059588 0.5 0
1701092098177 0.5 0
1701092136650 0.5 0
1701092175183 0.5 0
1701092213741 0.5 0
1701092252121 0.5 0
1701092290564 0.5 0
1701092329241 0.5 0
1701092367852 0.5 0
1701092406490 0.5 0
1701092445218 0.5 0
1701092483636 0.5 0
1701092522137 0.5 0
1701092560572 0.5 0
1701092600185 0.5 0
1701092639910 0.5 0
1701092680183 0.5 0
1701092720669 0.5 0
1701092759329 0.5 0
1701092797830 0.5 0
1701092836397 0.5 0
1701092874869 0.5 0
1701092913578 0.5 0
1701092951998 0.5 0
1701092990445 0.5 0
1701093028909 0.5 0
1701093067393 0.5 0
1701093105795 0.5 0
1701093144361 0.5 0
1701093182837 0.5 0
1701093221205 0.5 0
1701093259666 0.5 0
1701093298115 0.5 0
1701093336589 0.5 0
1701093375041 0.5 0
1701093413489 0.5 0
1701093452194 0.5 0
1701093490647 0.5 0
1701093529148 0.5 0
1701093567457 0.5 0
1701093605786 0.5 0
1701093644309 0.5 0
1701093682705 0.5 0
1701093721228 0.5 0
1701093759815 0.5 0
1701093798268 0.5 0
1701093836760 0.5 0
1701093875248 0.5 0
1701093913705 0.5 0
1701093952217 0.5 0
1701093990713 0.5 0
1701094029321 0.5 0
1701094067640 0.5 0
1701094106026 0.5 0
1701094144710 0.5 0
1701094183143 0.5 0
1701094221662 0.5 0
1701094260085 0.5 0
1701094298581 0.5 0
1701094336988 0.5 0
1701094375413 0.5 0
1701094414005 0.5 0
1701094452453 0.5 0
1701094490949 0.5 0
1701094530471 0.5 0
1701094570355 0.5 0
1701094610676 0.5 0
1701094650340 0.5 0
1701094688769 0.5 0
1701094727233 0.5 0
1701094765607 0.5 0
1701094803970 0.5 0
1701094842226 0.5 0
1701094880769 0.5 0
1701094919122 0.5 0
1701094957617 0.5 0
1701094996025 0.5 0
1701095083656 0.5 0
1701095121923 0.5 0
1701095160377 0.5 0
1701095198793 0.5 0
1701095237419 0.5 0
1701095275764 0.5 0
1701095314077 0.5 0
1701095352514 0.5 0
1701095391014 0.5 0
1701095429401 0.5 0
1701095467677 0.5 0
1701095506153 0.5 0
1701095544506 0.5 0
1701095582891 0.5 0
1701095621435 0.5 0
1701095659915 0.5 0
1701095699506 0.5 0
1701095740507 0.5 0
1701095781741 0.5 0
1701095821057 0.5 0
1701095859457 0.5 0
1701095897850 0.5 0
1701095936446 0.5 0
1701095974959 0.5 0
1701096013502 0.5 0
1701096051885 0.5 0
1701096090285 0.5 0
1701096132005 0.5 0
1701096170526 0.5 0
1701096208899 0.5 0
1701096247416 0.5 0
1701096285900 0.5 0
1701096324357 0.5 0
1701096362906 0.5 0
1701096401348 0.5 0
1701096439897 0.5 0
1701096478453 0.5 0
1701096516905 0.5 0
1701096555550 0.5 0
1701096594063 0.5 0
1701096632504 0.5 0
1701096671134 0.5 0
1701096709535 0.5 0
1701096747934 0.5 0
1701096786422 0.5 0
1701096824814 0.5 0
1701096863353 0.5 0
1701096901653 0.5 0
1701096940213 0.5 0
1701096978714 0.5 0
1701097017071 0.5 0
1701097055376 0.5 0
1701097094496 0.5 0
1701097132881 0.5 0
1701097171382 0.5 0
1701097209825 0.5 0
1701097248189 0.5 0
1701097286698 0.5 0
1701097325194 0.5 0
1701097363862 0.5 0
1701097402411 0.5 0
1701097440900 0.5 0
1701097479275 0.5 0
1701097517690 0.5 0
1701097556369 0.5 0
1701097594776 0.5 0
1701097633241 0.5 0
1701097671541 0.5 0
1701097710025 0.5 0
1701097748443 0.5 0
1701097786953 0.5 0
1701097825238 0.5 0
1701097863741 0.5 0
1701097902013 0.5 0
1701097940329 0.5 0
1701097982297 0.5 0
1701098020764 0.5 0
1701098059185 0.5 0
1701098098600 0.5 0
1701098138570 0.5 0
1701098179354 0.5 0
1701098220324 0.5 0
1701098258877 0.5 0
1701098297187 0.5 0
1701098335709 0.5 0
1701098374053 0.5 0
1701098412612 0.5 0
1701098451101 0.5 0
1701098489625 0.5 0
1701098528165 0.5 0
1701098566521 0.5 0
1701098604925 0.5 0
1701098643197 0.5 0
1701098681553 0.5 0
1701098719993 0.5 0
1701098758489 0.5 0
1701098796902 0.5 0
1701098835365 0.5 0
1701098873749 0.5 0
1701098912056 0.5 0
1701098950457 0.5 0
1701098988789 0.5 0
1701099027150 0.5 0
1701099065597 0.5 0
1701099104059 0.5 0
1701099142618 0.5 0
1701099180952 0.5 0
1701099219432 0.5 0
1701099258001 0.5 0
1701099296545 0.5 0
1701099334882 0.5 0
1701099373325 0.5 0
1701099413176 0.5 0
1701099453090 0.5 0
1701099493808 0.5 0
1701099533530 0.5 0
1701099571901 0.5 0
1701099610265 0.5 0
1701099648565 0.5 0
1701099686943 0.5 0
1701099725507 0.5 0
1701099764065 0.5 0
1701099802496 0.5 0
1701099841007 0.5 0
1701099879298 0.5 0
1701099917659 0.5 0
1701099956162 0.5 0
1701099994597 0.5 0
1701100033085 0.5 0
1701100071577 0.5 0
1701100110065 0.5 0
1701100148536 0.5 0
1701100186933 0.5 0
1701100263277 0.5 0
1701100301749 0.5 0
1701100340242 0.5 0
1701100378725 0.5 0
1701100417153 0.5 0
1701100455590 0.5 0
1701100494048 0.5 0
1701100532441 0.5 0
1701100570884 0.5 0
1701100609398 0.5 0
1701100647863 0.5 0
1701100686246 0.5 0
1701100724945 0.5 0
1701100763418 0.5 0
1701100801765 0.5 0
1701100840221 0.5 0
1701100878525 0.5 0
1701100916881 0.5 0
1701100955289 0.5 0
1701100993785 0.5 0
1701101032063 0.5 0
1701101070845 0.5 0
1701101111179 0.5 0
1701101152567 0.5 0
1701101192668 0.5 0
1701101231194 0.5 0
1701101269537 0.5 0
1701101308105 0.5 0
1701101346477 0.5 0
1701101385001 0.5 0
1701101423481 0.5 0
1701101461846 0.5 0
1701101500229 0.5 0
1701101538801 0.5 0
1701101577102 0.5 0
1701101615593 0.5 0
1701101654096 0.5 0
1701101692573 0.5 0
1701101731085 0.5 0
1701101769410 0.5 0
1701101807807 0.5 0
1701101846281 0.5 0
1701101884809 0.5 0
1701101923253 0.5 0
1701101961668 0.5 0
1701102000078 0.5 0
1701102039383 0.5 0
1701102077841 0.5 0
1701102116224 0.5 0
1701102154703 0.5 0
1701102193018 0.5 0
1701102231485 0.5 0
1701102269913 0.5 0
1701102308392 0.5 0
1701102346737 0.5 0
1701102385162 0.5 0
1701102423609 0.5 0
1701102461843 0.5 0
1701102500140 0.5 0
1701102538505 0.5 0
1701102577101 0.5 0
1701102615524 0.5 0
1701102653974 0.5 0
1701102692413 0.5 0
1701102730996 0.5 0
1701102769538 0.5 0
1701102808138 0.5 0
1701102846787 0.5 0
1701102885053 0.5 0
1701102923664 0.5 0
1701102962101 0.5 0
1701103000490 0.5 0
1701103038843 0.5 0
1701103077429 0.5 0
1701103116375 0.5 0
1701103156962 0.5 0
1701103197655 0.5 0
1701103237927 0.5 0
1701103276380 0.5 0
1701103314842 0.5 0
1701103353365 0.5 0
1701103391777 0.5 0
1701103430185 0.5 0
1701103468642 0.5 0
1701103507087 0.5 0
1701103545461 0.5 0
1701103584014 0.5 0
1701103622441 0.5 0
1701103660881 0.5 0
1701103699369 0.5 0
1701103737745 0.5 0
1701103776493 0.5 0
1701103814789 0.5 0
1701103853157 0.5 0
1701103891805 0.5 0
1701103930220 0.5 0
1701103968699 0.5 0
1701104007381 0.5 0
1701104045828 0.5 0
1701104084399 0.5 0
1701104123060 0.5 0
1701104161521 0.5 0
1701104200021 0.5 0
1701104238450 0.5 0
1701104277013 0.5 0
1701104315533 0.5 0
1701104353941 0.5 0
1701104392556 0.5 0
1701104431149 0.5 0
1701104469636 0.5 0
1701104508317 0.5 0
1701104546891 0.5 0
1701104585533 0.5 0
1701104624301 0.5 0
1701104662896 0.5 0
1701104701489 0.5 0
1701104739892 0.5 0
1701104780728 0.5 0
1701104821138 0.5 0
1701104862361 0.5 0
1701104901381 0.5 0
1701104939833 0.5 0
1701104978305 0.5 0
1701105016729 0.5 0
1701105055300 0.5 0
1701105093849 0.5 0
1701105132323 0.5 0
1701105170696 0.5 0
1701105209248 0.5 0
1701105247782 0.5 0
1701105286566 0.5 0
1701105325089 0.5 0
1701105363584 0.5 0
1701105606914 0.5 0
1701105645487 0.5 0
1701105684040 0.5 0
1701105722696 0.5 0
1701105761393 0.5 0
1701105800032 0.5 0
1701105838542 0.5 0
1701105877704 0.5 0
1701105916181 0.5 0
1701105954785 0.5 0
1701105993813 0.5 0
1701106032325 0.5 0
1701106070791 0.5 0
1701106109382 0.5 0
1701106147925 0.5 0
1701106186330 0.5 0
1701106225032 0.5 0
1701106263605 0.5 0
1701106302037 0.5 0
1701106340481 0.5 0
1701106379085 0.5 0
1701106417705 0.5 0
1701106456182 0.5 0
1701106494797 0.5 0
1701106533352 0.5 0
1701106571827 0.5 0
1701106610274 0.5 0
1701106648721 0.5 0
1701106687213 0.5 0
1701106725626 0.5 0
1701106763981 0.5 0
1701106802310 0.5 0
1701106840582 0.5 0
1701106879026 0.5 0
1701106917581 0.5 0
1701106955882 0.5 0
1701106994298 0.5 0
1701107032690 0.5 0
1701107071081 0.5 0
1701107109882 0.5 0
1701107150562 0.5 0
1701107191149 0.5 0
1701107231514 0.5 0
1701107269798 0.5 0
1701107308330 0.5 0
1701107346886 0.5 0
1701107385360 0.5 0
1701107423882 0.5 0
1701107462440 0.5 0
1701107500933 0.5 0
1701107539349 0.5 0
1701107578065 0.5 0
1701107616717 0.5 0
1701107655132 0.5 0
1701107693483 0.5 0
1701107732201 0.5 0
1701107770681 0.5 0
1701107809145 0.5 0
1701107847643 0.5 0
1701107886035 0.5 0
1701107924721 0.5 0
1701107963332 0.5 0
1701108001861 0.5 0
1701108040322 0.5 0
1701108078781 0.5 0
1701108117254 0.5 0
1701108155733 0.5 0
1701108194498 0.5 0
1701108233216 0.5 0
1701108271845 0.5 0
1701108310281 0.5 0
1701108348750 0.5 0
1701108387321 0.5 0
1701108425889 0.5 0
1701108464345 0.5 0
1701108502756 0.5 0
1701108541334 0.5 0
1701108579778 0.5 0
1701108618337 0.5 0
1701108656778 0.5 0
1701108696356 0.5 0
1701108736069 0.5 0
1701108776544 0.5 0
1701108816272 0.5 0
1701108854585 0.5 0
1701108892905 0.5 0
1701108931288 0.5 0
1701108969805 0.5 0
1701109008354 0.5 0
1701109046804 0.5 0
1701109085146 0.5 0
1701109123613 0.5 0
1701109162010 0.5 0
1701109200605 0.5 0
1701109239522 0.5 0
1701109277909 0.5 0
1701109316334 0.5 0
1701109354624 0.5 0
1701109392900 0.5 0
1701109431058 0.5 0
1701109469258 0.5 0
1701109507509 0.5 0
1701109545643 0.5 0
1701109583961 0.5 0
1701109622105 0.5 0
1701109660353 0.5 0
1701109698601 0.5 0
1701109736856 0.5 0
1701109775049 0.5 0
1701109813209 0.5 0
1701109851333 0.5 0
1701109889625 0.5 0
1701109927749 0.5 0
1701109966089 0.5 0
1701110004763 0.5 0
1701110043013 0.5 0
1701110081363 0.5 0
1701110119601 0.5 0
1701110157845 0.5 0
1701110195912 0.5 0
1701110234141 0.5 0
1701110272313 0.5 0
1701110310593 0.5 0
1701110348903 0.5 0
1701110390496 0.5 0
1701110428757 0.5 0
1701110467179 0.5 0
1701110505422 0.5 0
1701110543744 0.5 0
1701110582137 0.5 0
1701110620592 0.5 0
1701110658989 0.5 0
1701110698947 0.5 0
