1700908846257 7.2375 0
1700908886710 7.9181640625 0
1700908931509 4.4474609375 0
1700908978011 4.1736328125 0
1700909022949 4.8353515625 0
1700909067525 18.7447265625 0
1700909112166 8.2552734375 0
1700909156769 4.9689453125 0
1700909201432 4.720703125 0
1700909246249 27.2287109375 0
1700909291526 17.783203125 0
1700909338572 8.391796875 0
1700909383497 7.370703125 0
1700909428789 5.0666015625 0
1700909473746 14.87578125 0
1700909518534 7.9375 0
1700909563143 5.1296875 0
1700909607802 4.73515625 0
1700909652461 12.82265625 0
1700909697141 4.9140625 0
1700909741682 13.325390625 0
1700909786686 12.635546875 0
1700909831397 5.1140625 0
1700909875898 5.452734375 0
1700909920557 6.9654296875 0
1700909965229 4.9373046875 0
1700910010265 5.5078125 0
1700910054573 4.727734375 0
1700910099109 7.117578125 0
1700910143678 4.7576171875 0
1700910188303 5.58125 0
1700910232981 35.00078125 0
1700910277617 5.834765625 0
1700910322218 9.8923828125 0
1700910366843 4.7412109375 0
1700910411440 4.4544921875 0
1700910456034 45.7427734375 0
1700910501023 5.237890625 0
1700910546069 12.3041015625 0
1700910590769 4.9662109375 0
1700910635438 5.823046875 0
1700910680041 43.716796875 0
1700910725277 5.801953125 0
1700910770814 5.788671875 0
1700910818922 4.576953125 0
1700910867386 5.826171875 0
1700910915065 7.193359375 0
1700910960046 11.427734375 0
1700911004737 5.3953125 0
1700911049749 15.122265625 0
1700911094422 42.3625 0
1700911139101 5.136328125 0
1700911183684 5.839453125 0
1700911228368 8.845703125 0
1700911273297 6.819140625 0
1700911317877 5.2203125 0
1700911362506 9.5421875 0
1700911407113 5.375 0
1700911452060 4.98828125 0
1700911496987 5.339453125 0
1700911541789 12.790234375 0
1700911586497 6.303515625 0
1700911631217 6.3828125 0
1700911675699 5.40859375 0
1700911720390 44.340625 0
1700911765113 5.321875 0
1700911809676 4.925390625 0
1700911854381 5.48359375 0
1700911898826 5.58359375 0
1700911943385 42.103515625 0
1700911989551 5.9078125 0
1700912037717 5.8828125 0
1700912085869 13.2546875 0
1700912131965 5.625 0
1700912176265 11.646875 0
1700912220806 5.498828125 0
1700912265373 6.665234375 0
1700912311166 6.111328125 0
1700912356097 5.52421875 0
1700912401453 12.43828125 0
1700912446892 5.884375 0
1700912491783 7.964453125 0
1700912536914 5.869921875 0
1700912581836 8.21484375 0
1700912626419 8.62890625 0
1700912671470 8.6515625 0
1700912716425 7.314453125 0
1700912761053 17.954296875 0
1700912806062 7.32734375 0
1700912850897 7.09765625 0
1700912895660 15.19375 0
1700912940525 8.88125 0
1700912985261 14.76171875 0
1700913029881 16.17421875 0
1700913074587 13.93515625 0
1700913119381 10.88359375 0
1700913163946 11.09296875 0
1700913208784 16.13828125 0
1700913254167 9.615625 0
1700913299194 10.0109375 0
1700913344554 10.1515625 0
1700913389505 11.13125 0
1700913434137 21.140625 0
1700913478882 18.87734375 0
1700913523438 12.85625 0
1700913568003 14.74921875 0
1700913612599 15.6375 0
1700913657305 48.2046875 0
1700913701876 14.31953125 0
1700913746513 13.5296875 0
1700913791569 13.58046875 0
1700913835857 13.71328125 0
1700913880313 14.5765625 0
1700913927505 20.5109375 0
1700913975332 17.89921875 0
1700914023887 23.64609375 0
1700914069910 17.971875 0
1700914115072 19.95390625 0
1700914160108 23.66171875 0
1700914205223 19.12421875 0
1700914249641 20.32421875 0
1700914294049 18.58984375 0
1700914338570 54.38203125 0
1700914383164 18.67265625 0
1700914427880 20.1546875 0
1700914472589 17.8890625 0
1700914517012 24.72109375 0
1700914561651 18.003125 0
1700914606507 19.5359375 0
1700914651448 27.6546875 0
1700914696864 18.6203125 0
1700914741637 21.553125 0
1700914785873 20.6453125 0
1700914870426 20.134375 0
1700914915084 21.4203125 0
1700914959827 18.4515625 0
1700915004670 19.065625 0
1700915049403 26.403125 0
1700915094082 47.1390625 0
1700915138809 20.8296875 0
1700915183585 20.8953125 0
1700915228441 27.225 0
1700915273265 21.884375 0
1700915318021 46.571875 0
1700915362805 26.1125 0
1700915407525 21.7625 0
1700915452280 22.2625 0
1700915497065 22.6390625 0
1700915541863 28.675 0
1700915586741 23.5328125 0
1700915631601 25.0828125 0
1700915676232 23.7484375 0
1700915721057 23.6296875 0
1700915765815 29.2296875 0
1700915810765 24.46875 0
1700915855561 30.8375 0
1700915904083 23.840625 0
1700915952354 24.5578125 0
1700916000386 23.675 0
1700916045241 26.4546875 0
1700916090210 23.88125 0
1700916135253 26.3453125 0
1700916179929 31.9125 0
1700916224781 24.4 0
1700916269505 26.475 0
1700916314445 25.071875 0
1700916359356 25.6296875 0
1700916404105 26.2171875 0
1700916448909 27.5015625 0
1700916493853 27.0375 0
1700916538669 27.0234375 0
1700916583405 26.153125 0
1700916628005 29.615625 0
1700916672781 29.0578125 0
1700916717537 26.3578125 0
1700916762231 32.41875 0
1700916806817 27.0453125 0
1700916851492 34.059375 0
1700916896372 25.9515625 0
1700916941231 27.4421875 0
1700916985857 28.7484375 0
1700917030612 29.4171875 0
1700917075260 31.0125 0
1700917119857 28.271875 0
1700917164653 35.140625 0
1700917209451 29.6625 0
1700917254214 27.3359375 0
1700917298893 28.584375 0
1700917343641 29.128125 0
1700917388581 32.5875 0
1700917433147 28.1390625 0
1700917477841 30.834375 0
1700917522505 33.8625 0
1700917567065 27.696875 0
1700917611703 29.5921875 0
1700917656537 30.646875 0
1700917701340 29.165625 0
1700917746053 30.8640625 0
1700917790788 32.4078125 0
1700917838629 37.796875 0
1700917887408 31.0734375 0
1700917936295 31.0171875 0
1700917981122 31.1078125 0
1700918025635 31.734375 0
1700918070665 33.4984375 0
1700918115365 30.30625 0
1700918160065 30.91875 0
1700918204705 30.6171875 0
1700918249541 30.828125 0
1700918294245 34.35625 0
1700918338987 31.8296875 0
1700918383525 32.475 0
1700918428248 32.1046875 0
1700918472991 31.5953125 0
1700918517574 32.48125 0
1700918562297 36.2671875 0
1700918606955 31.6109375 0
1700918651661 32.7953125 0
1700918696152 31.584375 0
1700918740928 33.19375 0
1700918785638 33.340625 0
1700918830218 36.23125 0
1700918874862 35.2671875 0
1700918919637 32.5984375 0
1700918964300 33.925 0
1700919009048 33.09375 0
1700919053785 33.3171875 0
1700919098357 34.059375 0
1700919143044 32.86875 0
1700919187941 34.384375 0
1700919232590 39.353125 0
1700919277561 33.0890625 0
1700919322610 33.175 0
1700919367556 35.8921875 0
1700919412161 34.0109375 0
1700919457018 34.78125 0
1700919501817 36.709375 0
1700919546468 34.50625 0
1700919591221 35.8125 0
1700919635833 35.19375 0
1700919680493 58.7953125 0
1700919725206 35.09375 0
1700919772829 35.6421875 0
1700919821435 35.15 0
1700919870649 36.903125 0
1700919915914 35.8875 0
1700919960574 36.496875 0
1700920005277 34.74375 0
1700920049988 36.034375 0
1700920094661 37.171875 0
1700920139270 36.284375 0
1700920183945 36.390625 0
1700920228764 38.746875 0
1700920273531 35.540625 0
1700920318629 41.73125 0
1700920363441 36.4875 0
1700920408549 35.11875 0
1700920453365 38.56875 0
1700920498201 40.509375 0
1700920542768 36.03125 0
1700920587389 37.45 0
1700920631969 36.95 0
1700920676717 36.9625 0
1700920721333 37.428125 0
1700920765903 37.94375 0
1700920810501 37.059375 0
1700920855052 39.025 0
