1700908846261 0.0013113617897033691 0
1700908886714 0.004032492637634277 0
1700908931513 0.004140913486480713 0
1700908978014 0.004223465919494629 0
1700909022953 0.004292845726013184 0
1700909067529 0.004881680011749268 0
1700909112170 0.005269289016723633 0
1700909156773 0.005278289318084717 0
1700909201435 0.0051850080490112305 0
1700909246253 0.005164921283721924 0
1700909291530 0.0052343010902404785 0
1700909338576 0.005314171314239502 0
1700909383501 0.0053681135177612305 0
1700909428793 0.005388319492340088 0
1700909473749 0.005411624908447266 0
1700909518537 0.005435585975646973 0
1700909563146 0.0054645538330078125 0
1700909607806 0.005486190319061279 0
1700909652465 0.005501389503479004 0
1700909697145 0.005552709102630615 0
1700909741685 0.005639433860778809 0
1700909786690 0.005761563777923584 0
1700909831401 0.005834698677062988 0
1700909875902 0.0058484673500061035 0
1700909920561 0.00587773323059082 0
1700909965233 0.0059317946434021 0
1700910010269 0.005962550640106201 0
1700910054577 0.006106734275817871 0
1700910099113 0.006072044372558594 0
1700910143682 0.006163299083709717 0
1700910188307 0.006196558475494385 0
1700910232985 0.006359219551086426 0
1700910277621 0.006757378578186035 0
1700910322222 0.007328331470489502 0
1700910366847 0.007223904132843018 0
1700910411444 0.007334113121032715 0
1700910456037 0.008197188377380371 0
1700910501027 0.008615612983703613 0
1700910546072 0.00878763198852539 0
1700910590773 0.008518517017364502 0
1700910635442 0.00857478380203247 0
1700910680045 0.008706867694854736 0
1700910725280 0.009521305561065674 0
1700910770817 0.009974479675292969 0
1700910818926 0.010501384735107422 0
1700910867389 0.010264098644256592 0
1700910915069 0.010743677616119385 0
1700910960049 0.011525869369506836 0
1700911004740 0.01187986135482788 0
1700911049753 0.012647688388824463 0
1700911094425 0.013697385787963867 0
1700911139105 0.014684021472930908 0
1700911183688 0.015369892120361328 0
1700911228372 0.016168296337127686 0
1700911273300 0.016543030738830566 0
1700911317881 0.016651451587677002 0
1700911362510 0.016513586044311523 0
1700911407117 0.016805827617645264 0
1700911452064 0.017676949501037598 0
1700911496991 0.018573880195617676 0
1700911541793 0.019282042980194092 0
1700911586501 0.019683361053466797 0
1700911631221 0.020160973072052002 0
1700911675703 0.020800352096557617 0
1700911720394 0.021627724170684814 0
1700911765117 0.022571802139282227 0
1700911809680 0.023514091968536377 0
1700911854385 0.023832499980926514 0
1700911898829 0.024328649044036865 0
1700911943388 0.0251731276512146 0
1700911989555 0.02597576379776001 0
1700912037721 0.026655912399291992 0
1700912085873 0.027095019817352295 0
1700912131969 0.027517974376678467 0
1700912176269 0.02824985980987549 0
1700912220809 0.029249131679534912 0
1700912265377 0.03023630380630493 0
1700912311169 0.031183958053588867 0
1700912356101 0.032024502754211426 0
1700912401457 0.03405493497848511 0
1700912446896 0.036283791065216064 0
1700912491787 0.03768050670623779 0
1700912536917 0.03942161798477173 0
1700912581840 0.0412256121635437 0
1700912626423 0.043557584285736084 0
1700912671474 0.045955657958984375 0
1700912716429 0.04858958721160889 0
1700912761057 0.051416754722595215 0
1700912806066 0.054234325885772705 0
1700912850900 0.0570560097694397 0
1700912895664 0.06069844961166382 0
1700912940529 0.0639638900756836 0
1700912985265 0.06713122129440308 0
1700913029884 0.07041400671005249 0
1700913074590 0.07391774654388428 0
1700913119385 0.07724475860595703 0
1700913163950 0.08096945285797119 0
1700913208787 0.08480829000473022 0
1700913254170 0.08866012096405029 0
1700913299197 0.09211546182632446 0
1700913344558 0.09545928239822388 0
1700913389509 0.09902316331863403 0
1700913434141 0.10325479507446289 0
1700913478885 0.10683667659759521 0
1700913523442 0.11024528741836548 0
1700913568006 0.11314398050308228 0
1700913612603 0.11599302291870117 0
1700913657308 0.11928212642669678 0
1700913701880 0.12305527925491333 0
1700913746516 0.12630373239517212 0
1700913791573 0.12982618808746338 0
1700913835860 0.133569598197937 0
1700913880316 0.13671660423278809 0
1700913927508 0.13983243703842163 0
1700913975335 0.14262902736663818 0
1700914023890 0.146234393119812 0
1700914069913 0.14977294206619263 0
1700914115075 0.15253323316574097 0
1700914160112 0.1552734375 0
1700914205227 0.15827983617782593 0
1700914249644 0.16139119863510132 0
1700914294053 0.16377484798431396 0
1700914338574 0.16676181554794312 0
1700914383168 0.16933268308639526 0
1700914427884 0.17237305641174316 0
1700914472592 0.17612671852111816 0
1700914517016 0.17963331937789917 0
1700914561654 0.18223166465759277 0
1700914606511 0.18534988164901733 0
1700914651451 0.18856710195541382 0
1700914696867 0.19122004508972168 0
1700914741640 0.19358336925506592 0
1700914785876 0.19612634181976318 0
1700914870430 0.19858849048614502 0
1700914915087 0.20135658979415894 0
1700914959830 0.20409303903579712 0
1700915004673 0.2068004012107849 0
1700915049406 0.2098689079284668 0
1700915094086 0.2124173641204834 0
1700915138813 0.21524298191070557 0
1700915183588 0.21778005361557007 0
1700915228445 0.22067993879318237 0
1700915273269 0.2232133150100708 0
1700915318025 0.22569501399993896 0
1700915362809 0.22850525379180908 0
1700915407529 0.2309311032295227 0
1700915452284 0.2332392930984497 0
1700915497069 0.2357916235923767 0
1700915541867 0.23766154050827026 0
1700915586745 0.23966890573501587 0
1700915631604 0.24150431156158447 0
1700915676236 0.2434711456298828 0
1700915721061 0.24546265602111816 0
1700915765818 0.24750304222106934 0
1700915810769 0.2496625781059265 0
1700915855565 0.2518397569656372 0
1700915904086 0.2538663148880005 0
1700915952358 0.25629866123199463 0
1700916000390 0.25864464044570923 0
1700916045244 0.2607283592224121 0
1700916090213 0.2626778483390808 0
1700916135256 0.26449286937713623 0
1700916179932 0.2663757801055908 0
1700916224784 0.2681983709335327 0
1700916269508 0.2698993682861328 0
1700916314448 0.2717705965042114 0
1700916359360 0.2735496759414673 0
1700916404108 0.27514874935150146 0
1700916448912 0.2771565318107605 0
1700916493857 0.2789073586463928 0
1700916538673 0.28098922967910767 0
1700916583409 0.282779335975647 0
1700916628009 0.28430110216140747 0
1700916672784 0.28575748205184937 0
1700916717541 0.2874748110771179 0
1700916762235 0.2890893816947937 0
1700916806820 0.2907371520996094 0
1700916851496 0.29219740629196167 0
1700916896376 0.2940215468406677 0
1700916941234 0.29583650827407837 0
1700916985861 0.2975172996520996 0
1700917030616 0.2989102005958557 0
1700917075264 0.30070018768310547 0
1700917119861 0.3027232885360718 0
1700917164657 0.30440962314605713 0
1700917209455 0.3055790066719055 0
1700917254218 0.3067423701286316 0
1700917298896 0.3080030083656311 0
1700917343645 0.309326171875 0
1700917388584 0.3105963468551636 0
1700917433151 0.3119574785232544 0
1700917477844 0.3134753108024597 0
1700917522509 0.3150739073753357 0
1700917567069 0.31676924228668213 0
1700917611707 0.3181913495063782 0
1700917656540 0.3194735050201416 0
1700917701344 0.32078874111175537 0
1700917746057 0.3221452832221985 0
1700917790792 0.3238673806190491 0
1700917838633 0.3254789710044861 0
1700917887412 0.3268383741378784 0
1700917936298 0.32824522256851196 0
1700917981126 0.3299752473831177 0
1700918025638 0.3314082622528076 0
1700918070669 0.3328615427017212 0
1700918115368 0.3343186378479004 0
1700918160069 0.3354528546333313 0
1700918204709 0.3366812467575073 0
1700918249545 0.3378363847732544 0
1700918294249 0.3388451933860779 0
1700918338991 0.34005534648895264 0
1700918383529 0.34125155210494995 0
1700918428252 0.3424443006515503 0
1700918472995 0.3436749577522278 0
1700918517578 0.3451019525527954 0
1700918562301 0.3465355634689331 0
1700918606958 0.347786545753479 0
1700918651664 0.34905290603637695 0
1700918696156 0.3501873016357422 0
1700918740932 0.35123002529144287 0
1700918785642 0.3522506356239319 0
1700918830222 0.353334903717041 0
1700918874865 0.3544326424598694 0
1700918919640 0.35567325353622437 0
1700918964304 0.3568226099014282 0
1700919009051 0.3579484224319458 0
1700919053788 0.3589437007904053 0
1700919098361 0.3600394129753113 0
1700919143048 0.3613026738166809 0
1700919187944 0.36231493949890137 0
1700919232593 0.3632493019104004 0
1700919277565 0.3643763065338135 0
1700919322614 0.36569827795028687 0
1700919367560 0.366974413394928 0
1700919412164 0.36796069145202637 0
1700919457021 0.36893749237060547 0
1700919501820 0.36991041898727417 0
1700919546472 0.37090426683425903 0
1700919591225 0.37184613943099976 0
1700919635837 0.37291419506073 0
1700919680497 0.3742055296897888 0
1700919725210 0.3753749132156372 0
1700919772832 0.37674427032470703 0
1700919821438 0.3778388500213623 0
1700919870653 0.37889134883880615 0
1700919915917 0.37988483905792236 0
1700919960578 0.3808630108833313 0
1700920005281 0.3818807601928711 0
1700920049992 0.3828497529029846 0
1700920094665 0.3840360641479492 0
1700920139274 0.38537460565567017 0
1700920183949 0.3865509629249573 0
1700920228768 0.38758385181427 0
1700920273534 0.3885694742202759 0
1700920318632 0.3895644545555115 0
1700920363444 0.390749454498291 0
1700920408552 0.3917320966720581 0
1700920453368 0.3927064538002014 0
1700920498204 0.39380156993865967 0
1700920542771 0.39492201805114746 0
1700920587393 0.39570683240890503 0
1700920631973 0.3964804410934448 0
1700920676721 0.3973156809806824 0
1700920721337 0.3982604146003723 0
1700920765907 0.3992078900337219 0
1700920810504 0.400002658367157 0
1700920855056 0.400876522064209 0
