1700908848760 4088.0 0
1700908889163 4088.0 0
1700908933924 4087.0 0
1700908980448 4087.0 0
1700909025347 4087.0 0
1700909069960 4086.0 0
1700909114596 4085.0 0
1700909159185 4085.0 0
1700909203835 4086.0 0
1700909248656 4086.0 0
1700909293919 4086.0 0
1700909340963 4086.0 0
1700909385951 4086.0 0
1700909431215 4086.0 0
1700909476140 4086.0 0
1700909520942 4087.0 0
1700909565528 4087.0 0
1700909610223 4087.0 0
1700909654895 4087.0 0
1700909699540 4087.0 0
1700909744109 4087.0 0
1700909789091 4086.0 0
1700909833787 4086.0 0
1700909878309 4087.0 0
1700909923000 4087.0 0
1700909967637 4087.0 0
1700910012664 4087.0 0
1700910056956 4087.0 0
1700910101500 4087.0 0
1700910146067 4087.0 0
1700910190673 4087.0 0
1700910235337 4087.0 0
1700910279998 4087.0 0
1700910324657 4087.0 0
1700910369228 4087.0 0
1700910413822 4087.0 0
1700910458406 4087.0 0
1700910503419 4087.0 0
1700910548506 4087.0 0
1700910593159 4087.0 0
1700910637839 4087.0 0
1700910682430 4087.0 0
1700910727642 4087.0 0
1700910773269 4087.0 0
1700910821468 4087.0 0
1700910869949 4087.0 0
1700910917567 4087.0 0
1700910962503 4087.0 0
1700911007138 4087.0 0
1700911052190 4087.0 0
1700911096827 4086.0 0
1700911141528 4086.0 0
1700911186090 4086.0 0
1700911230774 4086.0 0
1700911275685 4087.0 0
1700911320297 4087.0 0
1700911364919 4087.0 0
1700911409526 4087.0 0
1700911454458 4087.0 0
1700911499399 4087.0 0
1700911544215 4087.0 0
1700911588938 4087.0 0
1700911633624 4087.0 0
1700911678125 4087.0 0
1700911722813 4087.0 0
1700911767508 4087.0 0
1700911812044 4087.0 0
1700911856791 4087.0 0
1700911901272 4087.0 0
1700911945766 4087.0 0
1700911992079 4087.0 0
1700912040218 4087.0 0
1700912088338 4087.0 0
1700912134333 4087.0 0
1700912178651 4087.0 0
1700912223236 4087.0 0
1700912267809 4087.0 0
1700912313568 4087.0 0
1700912358495 4087.0 0
1700912403869 4087.0 0
1700912449383 4087.0 0
1700912494273 4087.0 0
1700912539388 4086.0 0
1700912584213 4086.0 0
1700912628804 4086.0 0
1700912673886 4086.0 0
1700912718823 4086.0 0
1700912763433 4086.0 0
1700912808455 4085.0 0
1700912853287 4085.0 0
1700912898077 4085.0 0
1700912942916 4085.0 0
1700912987670 4085.0 0
1700913032260 4085.0 0
1700913077023 4085.0 0
1700913121767 4084.0 0
1700913166344 4084.0 0
1700913211185 4084.0 0
1700913256529 4084.0 0
1700913301624 4084.0 0
1700913346983 4084.0 0
1700913391853 4084.0 0
1700913436558 4084.0 0
1700913481249 4083.0 0
1700913525796 4083.0 0
1700913570395 4083.0 0
1700913615006 4083.0 0
1700913659731 4082.0 0
1700913704233 4081.0 0
1700913748898 4079.0 0
1700913793986 4078.0 0
1700913838218 4078.0 0
1700913882680 4078.0 0
1700913930085 4077.0 0
1700913977868 4077.0 0
1700914026436 4076.0 0
1700914072284 4075.0 0
1700914117450 4075.0 0
1700914162487 4075.0 0
1700914207598 4075.0 0
1700914252009 4074.0 0
1700914296458 4074.0 0
1700914340980 4075.0 0
1700914385578 4074.0 0
1700914430356 4074.0 0
1700914475009 4074.0 0
1700914519406 4074.0 0
1700914563997 4073.0 0
1700914608967 4073.0 0
1700914653831 4072.0 0
1700914699264 4072.0 0
1700914744008 4071.0 0
1700914788228 4071.0 0
1700914872793 4071.0 0
1700914917450 4071.0 0
1700914962237 4071.0 0
1700915007042 4071.0 0
1700915051805 4071.0 0
1700915096439 4070.0 0
1700915141218 4070.0 0
1700915185987 4069.0 0
1700915230796 4069.0 0
1700915275607 4069.0 0
1700915320407 4069.0 0
1700915365186 4067.0 0
1700915409876 4066.0 0
1700915454666 4065.0 0
1700915499494 4065.0 0
1700915544279 4065.0 0
1700915589142 4065.0 0
1700915634029 4064.0 0
1700915678606 4064.0 0
1700915723459 4064.0 0
1700915768206 4064.0 0
1700915813213 4064.0 0
1700915858040 4064.0 0
1700915906735 4063.0 0
1700915954841 4061.0 0
1700916002902 4060.0 0
1700916047604 4060.0 0
1700916092601 4060.0 0
1700916137660 4060.0 0
1700916182320 4060.0 0
1700916227166 4060.0 0
1700916271893 4060.0 0
1700916316880 4060.0 0
1700916361763 4060.0 0
1700916406502 4060.0 0
1700916451293 4060.0 0
1700916496214 4060.0 0
1700916541057 4060.0 0
1700916585795 4059.0 0
1700916630377 4059.0 0
1700916675167 4059.0 0
1700916719898 4059.0 0
1700916764602 4059.0 0
1700916809172 4059.0 0
1700916853896 4058.0 0
1700916898740 4057.0 0
1700916943561 4057.0 0
1700916988242 4057.0 0
1700917032993 4057.0 0
1700917077650 4057.0 0
1700917122246 4057.0 0
1700917167018 4057.0 0
1700917211828 4056.0 0
1700917256583 4056.0 0
1700917301235 4056.0 0
1700917346053 4056.0 0
1700917390959 4056.0 0
1700917435624 4055.0 0
1700917480177 4055.0 0
1700917524877 4054.0 0
1700917569420 4054.0 0
1700917614067 4054.0 0
1700917659020 4054.0 0
1700917703763 4054.0 0
1700917748516 4054.0 0
1700917793169 4054.0 0
1700917841089 4054.0 0
1700917889968 4054.0 0
1700917938832 4054.0 0
1700917983514 4054.0 0
1700918028063 4053.0 0
1700918073025 4053.0 0
1700918117736 4053.0 0
1700918162426 4053.0 0
1700918207060 4053.0 0
1700918251913 4053.0 0
1700918296593 4053.0 0
1700918341357 4053.0 0
1700918385882 4052.0 0
1700918430612 4052.0 0
1700918475355 4052.0 0
1700918519960 4052.0 0
1700918564677 4052.0 0
1700918609352 4051.0 0
1700918654059 4051.0 0
1700918698498 4051.0 0
1700918743325 4050.0 0
1700918787994 4050.0 0
1700918832626 4050.0 0
1700918877221 4049.0 0
1700918922022 4049.0 0
1700918966696 4048.0 0
1700919011439 4048.0 0
1700919056181 4048.0 0
1700919100704 4048.0 0
1700919145418 4048.0 0
1700919190332 4048.0 0
1700919235061 4047.0 0
1700919280008 4047.0 0
1700919325100 4046.0 0
1700919369994 4046.0 0
1700919414512 4047.0 0
1700919459382 4047.0 0
1700919504207 4047.0 0
1700919548827 4047.0 0
1700919593626 4047.0 0
1700919638211 4047.0 0
1700919682886 4047.0 0
1700919727607 4046.0 0
1700919775357 4046.0 0
1700919824018 4045.0 0
1700919873113 4045.0 0
1700919918293 4045.0 0
1700919962935 4045.0 0
1700920007687 4045.0 0
1700920052348 4045.0 0
1700920097096 4045.0 0
1700920141667 4045.0 0
1700920186273 4045.0 0
1700920231147 4045.0 0
1700920275865 4045.0 0
1700920321010 4045.0 0
1700920365812 4045.0 0
1700920410901 4045.0 0
1700920455709 4045.0 0
1700920500548 4045.0 0
1700920545141 4045.0 0
1700920589784 4045.0 0
1700920634326 4045.0 0
1700920679083 4046.0 0
1700920723712 4046.0 0
1700920768255 4046.0 0
1700920812911 4046.0 0
1700920857408 4046.0 0
