1700908846258 0.0 0
1700908886711 0.0007050029467791319 0
1700908931510 -0.0016356635373085738 0
1700908978012 -0.0038176778703927993 0
1700909022950 0.0030575528740882873 0
1700909067526 0.021185201406478883 0
1700909112167 0.04961277097463608 0
1700909156770 0.08986141681671142 0
1700909201433 0.14595264196395874 0
1700909246250 0.21483807563781737 0
1700909291527 0.29675021171569826 0
1700909338573 0.39189796447753905 0
1700909383498 0.5009665489196777 0
1700909428790 0.6243778228759765 0
1700909473746 0.7623449325561523 0
1700909518534 0.9145210266113282 0
1700909563143 1.0813156127929688 0
1700909607803 1.2638755798339845 0
1700909652462 1.4595619201660157 0
1700909697142 1.6708526611328125 0
1700909741682 1.89652099609375 0
1700909786687 2.135350799560547 0
1700909831398 2.389912414550781 0
1700909875899 2.661956787109375 0
1700909920558 2.950982666015625 0
1700909965230 3.253826904296875 0
1700910010266 3.573773193359375 0
1700910054574 3.9080780029296873 0
1700910099110 4.256076049804688 0
1700910143679 4.62645263671875 0
1700910188304 5.011770629882813 0
1700910232982 5.411386108398437 0
1700910277618 5.8129150390625 0
1700910322219 6.22117919921875 0
1700910366844 6.6576171875 0
1700910411441 7.12791748046875 0
1700910456034 7.58798828125 0
1700910501024 8.036322021484375 0
1700910546069 8.535052490234374 0
1700910590770 9.074945068359375 0
1700910635439 9.63721923828125 0
1700910680042 10.2036865234375 0
1700910725277 10.75830078125 0
1700910770814 11.30531005859375 0
1700910818923 11.88182373046875 0
1700910867387 12.51539306640625 0
1700910915066 13.16612548828125 0
1700910960046 13.77215576171875 0
1700911004737 14.41177978515625 0
1700911049750 15.06689453125 0
1700911094423 15.6827392578125 0
1700911139102 16.3287109375 0
1700911183685 16.996923828125 0
1700911228369 17.68564453125 0
1700911273297 18.4078125 0
1700911317878 19.19482421875 0
1700911362507 20.0266357421875 0
1700911407114 20.86767578125 0
1700911452061 21.6728759765625 0
1700911496988 22.426708984375 0
1700911541790 23.22724609375 0
1700911586498 24.08330078125 0
1700911631218 24.965283203125 0
1700911675700 25.846435546875 0
1700911720391 26.71376953125 0
1700911765114 27.58193359375 0
1700911809677 28.440087890625 0
1700911854382 29.39013671875 0
1700911898827 30.377392578125 0
1700911943385 31.365478515625 0
1700911989552 32.291650390625 0
1700912037718 33.274169921875 0
1700912085870 34.31123046875 0
1700912131966 35.389599609375 0
1700912176266 36.4890625 0
1700912220806 37.4744140625 0
1700912265374 38.50849609375 0
1700912311167 39.53046875 0
1700912356098 40.63857421875 0
1700912401454 41.60986328125 0
1700912446893 42.4265625 0
1700912491784 43.3669921875 0
1700912536914 44.3626953125 0
1700912581837 45.29619140625 0
1700912626420 46.1896484375 0
1700912671471 47.0310546875 0
1700912716426 47.81142578125 0
1700912761054 48.616015625 0
1700912806063 49.31513671875 0
1700912850897 50.09091796875 0
1700912895661 50.719921875 0
1700912940526 51.30947265625 0
1700912985262 51.9669921875 0
1700913029881 52.62734375 0
1700913074587 53.2279296875 0
1700913119382 53.836328125 0
1700913163947 54.381640625 0
1700913208784 54.8841796875 0
1700913254167 55.3787109375 0
1700913299194 55.8853515625 0
1700913344555 56.4822265625 0
1700913389506 57.0873046875 0
1700913434138 57.5048828125 0
1700913478883 57.9564453125 0
1700913523439 58.5087890625 0
1700913568003 59.1662109375 0
1700913612600 59.8904296875 0
1700913657305 60.5615234375 0
1700913701877 61.121875 0
1700913746514 61.6318359375 0
1700913791570 62.233203125 0
1700913835858 62.737109375 0
1700913880313 63.2884765625 0
1700913927505 63.945703125 0
1700913975332 64.660546875 0
1700914023888 65.3177734375 0
1700914069910 65.7919921875 0
1700914115073 66.4501953125 0
1700914160109 67.2587890625 0
1700914205224 67.991796875 0
1700914249642 68.640625 0
1700914294050 69.465234375 0
1700914338571 70.2390625 0
1700914383165 71.040234375 0
1700914427881 71.837109375 0
1700914472589 72.394921875 0
1700914517013 72.875 0
1700914561651 73.6421875 0
1700914606508 74.439453125 0
1700914651448 75.0734375 0
1700914696864 75.81875 0
1700914741638 76.721875 0
1700914785873 77.65 0
1700914870427 78.55234375 0
1700914915084 78.980859375 0
1700914959828 78.54765625 0
1700915004670 78.124609375 0
1700915049404 77.6515625 0
1700915094083 77.128515625 0
1700915138810 76.672265625 0
1700915183586 76.21640625 0
1700915228442 75.6953125 0
1700915273266 75.201171875 0
1700915318022 74.769921875 0
1700915362806 74.209375 0
1700915407526 73.73515625 0
1700915452281 73.330078125 0
1700915497066 72.834375 0
1700915541864 72.45546875 0
1700915586742 72.17265625 0
1700915631602 71.828515625 0
1700915676233 71.532421875 0
1700915721058 71.15703125 0
1700915765816 70.803515625 0
1700915810766 70.375390625 0
1700915855562 69.95390625 0
1700915904084 69.566796875 0
1700915952355 69.066015625 0
1700916000387 68.5203125 0
1700916045241 68.062109375 0
1700916090211 67.62890625 0
1700916135253 67.276953125 0
1700916179929 66.8890625 0
1700916224782 66.51875 0
1700916269505 66.166015625 0
1700916314446 65.8203125 0
1700916359357 65.41328125 0
1700916404106 65.0828125 0
1700916448909 64.703125 0
1700916493854 64.290625 0
1700916538670 63.84609375 0
1700916583406 63.3875 0
1700916628006 63.04921875 0
1700916672781 62.76875 0
1700916717538 62.4234375 0
1700916762232 62.04765625 0
1700916806818 61.6796875 0
1700916851493 61.36875 0
1700916896373 60.990625 0
1700916941232 60.55703125 0
1700916985858 60.1203125 0
1700917030613 59.80625 0
1700917075261 59.41796875 0
1700917119858 58.965625 0
1700917164654 58.41953125 0
1700917209452 58.1671875 0
1700917254215 57.9390625 0
1700917298893 57.6875 0
1700917343642 57.40390625 0
1700917388582 57.121875 0
1700917433148 56.828125 0
1700917477842 56.51015625 0
1700917522506 56.10625 0
1700917567066 55.66796875 0
1700917611704 55.28046875 0
1700917656538 54.96640625 0
1700917701341 54.671875 0
1700917746054 54.34296875 0
1700917790789 53.9640625 0
1700917838630 53.4890625 0
1700917887409 53.12578125 0
1700917936295 52.79375 0
1700917981123 52.346875 0
1700918025635 51.940625 0
1700918070666 51.571875 0
1700918115365 51.17421875 0
1700918160066 50.8640625 0
1700918204706 50.56796875 0
1700918249542 50.28046875 0
1700918294246 50.02265625 0
1700918338988 49.753125 0
1700918383526 49.45234375 0
1700918428249 49.153125 0
1700918472992 48.83046875 0
1700918517575 48.49375 0
1700918562298 48.08203125 0
1700918606956 47.721875 0
1700918651662 47.3875 0
1700918696153 47.08046875 0
1700918740929 46.8 0
1700918785639 46.5421875 0
1700918830219 46.28046875 0
1700918874862 45.975 0
1700918919637 45.7046875 0
1700918964301 45.34296875 0
1700919009048 45.0484375 0
1700919053786 44.77109375 0
1700919098358 44.50390625 0
1700919143045 44.1640625 0
1700919187942 43.85859375 0
1700919232590 43.6109375 0
1700919277562 43.35859375 0
1700919322611 42.9859375 0
1700919367557 42.603125 0
1700919412162 42.29453125 0
1700919457018 42.03828125 0
1700919501818 41.7734375 0
1700919546469 41.50078125 0
1700919591222 41.2625 0
1700919635834 40.971875 0
1700919680494 40.634375 0
1700919725207 40.27421875 0
1700919772829 39.88984375 0
1700919821435 39.52109375 0
1700919870650 39.22421875 0
1700919915915 38.93046875 0
1700919960575 38.65859375 0
1700920005278 38.371875 0
1700920049989 38.08828125 0
1700920094662 37.7828125 0
1700920139271 37.3859375 0
1700920183946 36.9953125 0
1700920228765 36.68046875 0
1700920273532 36.3859375 0
1700920318630 36.1 0
1700920363442 35.76953125 0
1700920408550 35.43984375 0
1700920453365 35.16015625 0
1700920498202 34.85703125 0
1700920542769 34.49921875 0
1700920587390 34.23046875 0
1700920631970 34.0171875 0
1700920676718 33.7875 0
1700920721334 33.525 0
1700920765904 33.23125 0
1700920810501 32.98203125 0
1700920855053 32.7421875 0
