1700908846260 0.09942184388637543 0
1700908886713 0.8390203714370728 0
1700908931512 1.3692659139633179 0
1700908978014 2.440319061279297 0
1700909022952 3.8082969188690186 0
1700909067528 5.3374223709106445 0
1700909112169 6.96742582321167 0
1700909156772 8.675951957702637 0
1700909201435 10.4690580368042 0
1700909246252 12.321028709411621 0
1700909291529 14.211620330810547 0
1700909338575 16.128721237182617 0
1700909383500 18.066740036010742 0
1700909428792 20.022783279418945 0
1700909473749 21.994707107543945 0
1700909518537 23.979585647583008 0
1700909563146 25.97503662109375 0
1700909607805 27.97977066040039 0
1700909652465 29.991893768310547 0
1700909697144 32.00922393798828 0
1700909741685 34.03059768676758 0
1700909786689 36.053977966308594 0
1700909831400 38.07851028442383 0
1700909875901 40.105316162109375 0
1700909920560 42.13554382324219 0
1700909965232 44.16815185546875 0
1700910010268 46.20244216918945 0
1700910054576 48.23784255981445 0
1700910099112 50.271915435791016 0
1700910143681 52.307350158691406 0
1700910188306 54.343421936035156 0
1700910232984 56.37960433959961 0
1700910277620 58.412052154541016 0
1700910322221 60.436832427978516 0
1700910366846 62.45341491699219 0
1700910411443 64.4708251953125 0
1700910456037 66.4872817993164 0
1700910501026 68.49278259277344 0
1700910546072 70.49154663085938 0
1700910590773 72.49070739746094 0
1700910635441 74.49622344970703 0
1700910680044 76.50537872314453 0
1700910725280 78.51374816894531 0
1700910770817 80.51319885253906 0
1700910818925 82.5045394897461 0
1700910867389 84.49201202392578 0
1700910915068 86.48219299316406 0
1700910960049 88.46814727783203 0
1700911004740 90.4466552734375 0
1700911049752 92.41995239257812 0
1700911094424 94.38325500488281 0
1700911139104 96.33556365966797 0
1700911183687 98.2782211303711 0
1700911228371 100.21401977539062 0
1700911273300 102.14476013183594 0
1700911317880 104.07581329345703 0
1700911362509 106.01154327392578 0
1700911407116 107.95391845703125 0
1700911452064 109.89864349365234 0
1700911496990 111.83788299560547 0
1700911541792 113.76998138427734 0
1700911586501 115.69771575927734 0
1700911631221 117.62407684326172 0
1700911675702 119.549072265625 0
1700911720393 121.47076416015625 0
1700911765116 123.38722229003906 0
1700911809679 125.29664611816406 0
1700911854384 127.20108795166016 0
1700911898829 129.1050262451172 0
1700911943387 131.00885009765625 0
1700911989554 132.90924072265625 0
1700912037720 134.8050537109375 0
1700912085872 136.6983184814453 0
1700912131968 138.59149169921875 0
1700912176268 140.48602294921875 0
1700912220809 142.37692260742188 0
1700912265377 144.26226806640625 0
1700912311168 146.1412811279297 0
1700912356100 148.01577758789062 0
1700912401456 149.88404846191406 0
1700912446895 151.7375946044922 0
1700912491786 153.5751495361328 0
1700912536917 155.40159606933594 0
1700912581839 157.21673583984375 0
1700912626422 159.01956176757812 0
1700912671473 160.8075714111328 0
1700912716428 162.5789031982422 0
1700912761056 164.3333282470703 0
1700912806065 166.06918334960938 0
1700912850900 167.7875213623047 0
1700912895663 169.487548828125 0
1700912940528 171.16616821289062 0
1700912985264 172.8252410888672 0
1700913029884 174.4669952392578 0
1700913074589 176.0916290283203 0
1700913119384 177.6990966796875 0
1700913163949 179.2896728515625 0
1700913208787 180.8623046875 0
1700913254169 182.41685485839844 0
1700913299196 183.9539794921875 0
1700913344557 185.47674560546875 0
1700913389508 186.9875946044922 0
1700913434140 188.48477172851562 0
1700913478885 189.9661865234375 0
1700913523441 191.4346466064453 0
1700913568005 192.89353942871094 0
1700913612602 194.3466339111328 0
1700913657307 195.795166015625 0
1700913701879 197.23715209960938 0
1700913746516 198.6700439453125 0
1700913791572 200.09515380859375 0
1700913835860 201.51182556152344 0
1700913880316 202.9197235107422 0
1700913927508 204.32162475585938 0
1700913975334 205.71971130371094 0
1700914023890 207.11520385742188 0
1700914069912 208.5043487548828 0
1700914115075 209.8875732421875 0
1700914160111 211.26913452148438 0
1700914205226 212.6502227783203 0
1700914249644 214.02938842773438 0
1700914294052 215.4074249267578 0
1700914338573 216.78623962402344 0
1700914383167 218.16517639160156 0
1700914427883 219.54505920410156 0
1700914472591 220.92274475097656 0
1700914517015 222.29415893554688 0
1700914561653 223.66114807128906 0
1700914606510 225.0275115966797 0
1700914651450 226.3920440673828 0
1700914696866 227.75433349609375 0
1700914741640 229.11732482910156 0
1700914785876 230.4832000732422 0
1700914870429 231.85206604003906 0
1700914915087 233.22030639648438 0
1700914959830 234.57106018066406 0
1700915004672 235.895751953125 0
1700915049406 237.19212341308594 0
1700915094085 238.45892333984375 0
1700915138812 239.69786071777344 0
1700915183588 240.90992736816406 0
1700915228444 242.09625244140625 0
1700915273268 243.2571563720703 0
1700915318024 244.3945770263672 0
1700915362809 245.5088348388672 0
1700915407528 246.60055541992188 0
1700915452283 247.6717071533203 0
1700915497068 248.72303771972656 0
1700915541866 249.75538635253906 0
1700915586744 250.77159118652344 0
1700915631604 251.77239990234375 0
1700915676235 252.7587890625 0
1700915721060 253.73065185546875 0
1700915765818 254.6881866455078 0
1700915810768 255.63108825683594 0
1700915855564 256.5592041015625 0
1700915904086 257.47296142578125 0
1700915952357 258.3724060058594 0
1700916000389 259.2562255859375 0
1700916045243 260.125 0
1700916090213 260.9798583984375 0
1700916135256 261.8222351074219 0
1700916179932 262.65283203125 0
1700916224784 263.4720153808594 0
1700916269508 264.2802734375 0
1700916314448 265.0782165527344 0
1700916359359 265.8654479980469 0
1700916404108 266.6424560546875 0
1700916448911 267.4097595214844 0
1700916493856 268.1665954589844 0
1700916538672 268.9129943847656 0
1700916583408 269.6483459472656 0
1700916628008 270.3736877441406 0
1700916672783 271.0906066894531 0
1700916717540 271.7994384765625 0
1700916762234 272.4996032714844 0
1700916806819 273.1911315917969 0
1700916851495 273.87457275390625 0
1700916896375 274.5500793457031 0
1700916941234 275.21673583984375 0
1700916985860 275.8742370605469 0
1700917030615 276.5234069824219 0
1700917075263 277.16485595703125 0
1700917119860 277.7978210449219 0
1700917164656 278.42083740234375 0
1700917209454 279.03570556640625 0
1700917254217 279.64453125 0
1700917298896 280.2479248046875 0
1700917343644 280.84576416015625 0
1700917388584 281.43792724609375 0
1700917433150 282.0243835449219 0
1700917477844 282.6048278808594 0
1700917522508 283.1787109375 0
1700917567068 283.7450866699219 0
1700917611706 284.30389404296875 0
1700917656540 284.8559875488281 0
1700917701343 285.40216064453125 0
1700917746056 285.9425964355469 0
1700917790791 286.4768981933594 0
1700917838632 287.0039367675781 0
1700917887411 287.5238342285156 0
1700917936297 288.0374450683594 0
1700917981125 288.54449462890625 0
1700918025638 289.0444641113281 0
1700918070668 289.53790283203125 0
1700918115367 290.02484130859375 0
1700918160068 290.50579833984375 0
1700918204708 290.98162841796875 0
1700918249544 291.4525451660156 0
1700918294248 291.9189147949219 0
1700918338990 292.3810729980469 0
1700918383528 292.83868408203125 0
1700918428251 293.29168701171875 0
1700918472994 293.7398681640625 0
1700918517577 294.1830749511719 0
1700918562300 294.6206970214844 0
1700918606958 295.052490234375 0
1700918651663 295.47894287109375 0
1700918696156 295.9004211425781 0
1700918740931 296.3173522949219 0
1700918785641 296.7301940917969 0
1700918830221 297.1391906738281 0
1700918874864 297.5440979003906 0
1700918919640 297.9449157714844 0
1700918964303 298.3412170410156 0
1700919009050 298.7329406738281 0
1700919053788 299.12042236328125 0
1700919098360 299.5040283203125 0
1700919143047 299.8834533691406 0
1700919187944 300.25836181640625 0
1700919232593 300.62939453125 0
1700919277564 300.99688720703125 0
1700919322613 301.3602600097656 0
1700919367560 301.71868896484375 0
1700919412164 302.07232666015625 0
1700919457020 302.4219970703125 0
1700919501820 302.7680358886719 0
1700919546471 303.1104736328125 0
1700919591224 303.4496154785156 0
1700919635836 303.7852478027344 0
1700919680496 304.116943359375 0
1700919725209 304.4441223144531 0
1700919772831 304.7666015625 0
1700919821437 305.08416748046875 0
1700919870652 305.3973083496094 0
1700919915917 305.7065124511719 0
1700919960577 306.01202392578125 0
1700920005280 306.3139953613281 0
1700920049991 306.6124267578125 0
1700920094664 306.9072570800781 0
1700920139273 307.1977844238281 0
1700920183948 307.4835510253906 0
1700920228767 307.7649230957031 0
1700920273534 308.0423583984375 0
1700920318632 308.3161315917969 0
1700920363444 308.5862731933594 0
1700920408552 308.8524475097656 0
1700920453368 309.11492919921875 0
1700920498204 309.3739318847656 0
1700920542770 309.6290588378906 0
1700920587392 309.88043212890625 0
1700920631972 310.1288757324219 0
1700920676720 310.3747253417969 0
1700920721336 310.6177978515625 0
1700920765906 310.8578186035156 0
1700920810504 311.09478759765625 0
1700920855055 311.3289489746094 0
