1700908846259 0.09999923408031464 0
1700908886713 0.9329273104667664 0
1700908931511 1.161869764328003 0
1700908978013 0.28223833441734314 0
1700909022952 -1.004563808441162 0
1700909067528 -2.4374396800994873 0
1700909112169 -3.9326486587524414 0
1700909156772 -5.465809345245361 0
1700909201434 -7.041884899139404 0
1700909246251 -8.64806079864502 0
1700909291528 -10.272195816040039 0
1700909338574 -11.906596183776855 0
1700909383500 -13.547703742980957 0
1700909428792 -15.193952560424805 0
1700909473748 -16.844478607177734 0
1700909518536 -18.498132705688477 0
1700909563145 -20.15398406982422 0
1700909607804 -21.811595916748047 0
1700909652464 -23.470319747924805 0
1700909697144 -25.129247665405273 0
1700909741684 -26.787933349609375 0
1700909786688 -28.445518493652344 0
1700909831399 -30.101640701293945 0
1700909875901 -31.756855010986328 0
1700909920559 -33.41181182861328 0
1700909965232 -35.06621170043945 0
1700910010267 -36.7198371887207 0
1700910054575 -38.37252426147461 0
1700910099112 -40.023258209228516 0
1700910143681 -41.6732063293457 0
1700910188306 -43.32216262817383 0
1700910232984 -44.9699592590332 0
1700910277620 -46.614967346191406 0
1700910322220 -48.25540542602539 0
1700910366845 -49.890872955322266 0
1700910411443 -51.52518844604492 0
1700910456036 -53.15776443481445 0
1700910501025 -54.784339904785156 0
1700910546071 -56.406517028808594 0
1700910590772 -58.02736282348633 0
1700910635440 -59.64957046508789 0
1700910680044 -61.272239685058594 0
1700910725279 -62.89363479614258 0
1700910770816 -64.51026916503906 0
1700910818924 -66.12236785888672 0
1700910867388 -67.73162078857422 0
1700910915067 -69.34088134765625 0
1700910960048 -70.94735717773438 0
1700911004739 -72.54962921142578 0
1700911049752 -74.1485824584961 0
1700911094424 -75.7421875 0
1700911139103 -77.32992553710938 0
1700911183686 -78.91224670410156 0
1700911228370 -80.49031829833984 0
1700911273299 -82.06488800048828 0
1700911317880 -83.63826751708984 0
1700911362508 -85.21240234375 0
1700911407116 -86.78828430175781 0
1700911452063 -88.36425018310547 0
1700911496989 -89.93708038330078 0
1700911541791 -91.50602722167969 0
1700911586500 -93.07219696044922 0
1700911631220 -94.63685607910156 0
1700911675701 -96.20006561279297 0
1700911720392 -97.76102447509766 0
1700911765115 -99.31893920898438 0
1700911809678 -100.87303161621094 0
1700911854383 -102.42412567138672 0
1700911898828 -103.97409057617188 0
1700911943387 -105.5231704711914 0
1700911989554 -107.06997680664062 0
1700912037719 -108.61404418945312 0
1700912085871 -110.15623474121094 0
1700912131967 -111.69757843017578 0
1700912176267 -113.23873901367188 0
1700912220808 -114.77766418457031 0
1700912265376 -116.31356811523438 0
1700912311168 -117.84608459472656 0
1700912356099 -119.37590026855469 0
1700912401456 -120.90235137939453 0
1700912446895 -122.42182922363281 0
1700912491785 -123.93364715576172 0
1700912536916 -125.43978118896484 0
1700912581838 -126.94007873535156 0
1700912626422 -128.43409729003906 0
1700912671472 -129.92066955566406 0
1700912716427 -131.39894104003906 0
1700912761056 -132.86875915527344 0
1700912806064 -134.32928466796875 0
1700912850899 -135.78091430664062 0
1700912895663 -137.2231903076172 0
1700912940527 -138.6547393798828 0
1700912985263 -140.07626342773438 0
1700913029883 -141.4886932373047 0
1700913074589 -142.89202880859375 0
1700913119383 -144.2862091064453 0
1700913163948 -145.6713409423828 0
1700913208786 -147.0469207763672 0
1700913254169 -148.41287231445312 0
1700913299196 -149.7694091796875 0
1700913344556 -151.117919921875 0
1700913389507 -152.45944213867188 0
1700913434139 -153.79324340820312 0
1700913478884 -155.11834716796875 0
1700913523440 -156.43600463867188 0
1700913568005 -157.74778747558594 0
1700913612601 -159.055419921875 0
1700913657307 -160.35948181152344 0
1700913701879 -161.6591033935547 0
1700913746515 -162.95321655273438 0
1700913791572 -164.2423553466797 0
1700913835859 -165.52627563476562 0
1700913880315 -166.80482482910156 0
1700913927507 -168.079345703125 0
1700913975333 -169.35081481933594 0
1700914023889 -170.61981201171875 0
1700914069912 -171.8846893310547 0
1700914115074 -173.14564514160156 0
1700914160111 -174.40464782714844 0
1700914205225 -175.66226196289062 0
1700914249643 -176.9178924560547 0
1700914294052 -178.17189025878906 0
1700914338573 -179.4251708984375 0
1700914383167 -180.677490234375 0
1700914427883 -181.92919921875 0
1700914472591 -183.17897033691406 0
1700914517014 -184.42489624023438 0
1700914561653 -185.66786193847656 0
1700914606509 -186.90960693359375 0
1700914651450 -188.14959716796875 0
1700914696866 -189.3876953125 0
1700914741639 -190.62521362304688 0
1700914785875 -191.86322021484375 0
1700914870429 -193.1017608642578 0
1700914915086 -194.3392333984375 0
1700914959829 -195.56797790527344 0
1700915004672 -196.783935546875 0
1700915049405 -197.9859161376953 0
1700915094084 -199.17323303222656 0
1700915138811 -200.3465118408203 0
1700915183587 -201.5061798095703 0
1700915228443 -202.652587890625 0
1700915273267 -203.7858123779297 0
1700915318024 -204.90670776367188 0
1700915362808 -206.0153350830078 0
1700915407527 -207.11192321777344 0
1700915452283 -208.19735717773438 0
1700915497067 -209.27203369140625 0
1700915541866 -210.33628845214844 0
1700915586743 -211.39151000976562 0
1700915631603 -212.43804931640625 0
1700915676234 -213.47642517089844 0
1700915721059 -214.50656127929688 0
1700915765817 -215.5284881591797 0
1700915810768 -216.54205322265625 0
1700915855563 -217.54713439941406 0
1700915904085 -218.54393005371094 0
1700915952356 -219.5324249267578 0
1700916000388 -220.5118865966797 0
1700916045243 -221.4825897216797 0
1700916090212 -222.4451141357422 0
1700916135255 -223.40025329589844 0
1700916179931 -224.348388671875 0
1700916224783 -225.28970336914062 0
1700916269507 -226.2244415283203 0
1700916314447 -227.15292358398438 0
1700916359359 -228.07498168945312 0
1700916404107 -228.99085998535156 0
1700916448911 -229.9008026123047 0
1700916493856 -230.80433654785156 0
1700916538671 -231.70150756835938 0
1700916583407 -232.59188842773438 0
1700916628007 -233.47613525390625 0
1700916672783 -234.35513305664062 0
1700916717539 -235.22906494140625 0
1700916762233 -236.09764099121094 0
1700916806819 -236.96084594726562 0
1700916851495 -237.81893920898438 0
1700916896375 -238.6720428466797 0
1700916941233 -239.51962280273438 0
1700916985859 -240.3613739013672 0
1700917030615 -241.19784545898438 0
1700917075262 -242.02943420410156 0
1700917119860 -242.8555908203125 0
1700917164655 -243.6753692626953 0
1700917209453 -244.4899139404297 0
1700917254217 -245.3005828857422 0
1700917298895 -246.1077880859375 0
1700917343643 -246.91143798828125 0
1700917388583 -247.71142578125 0
1700917433150 -248.50775146484375 0
1700917477843 -249.3002166748047 0
1700917522507 -250.08837890625 0
1700917567067 -250.87159729003906 0
1700917611706 -251.64976501464844 0
1700917656539 -252.4235382080078 0
1700917701343 -253.19345092773438 0
1700917746056 -253.9595184326172 0
1700917790791 -254.7215576171875 0
1700917838631 -255.47866821289062 0
1700917887411 -256.2309265136719 0
1700917936297 -256.97900390625 0
1700917981124 -257.72259521484375 0
1700918025637 -258.4613037109375 0
1700918070667 -259.195556640625 0
1700918115367 -259.9253845214844 0
1700918160068 -260.65106201171875 0
1700918204707 -261.37322998046875 0
1700918249544 -262.0920715332031 0
1700918294247 -262.807861328125 0
1700918338990 -263.5208740234375 0
1700918383527 -264.23077392578125 0
1700918428251 -264.9374084472656 0
1700918472993 -265.6407775878906 0
1700918517576 -266.3406982421875 0
1700918562299 -267.0365905761719 0
1700918606957 -267.72833251953125 0
1700918651663 -268.416259765625 0
1700918696155 -269.1006164550781 0
1700918740931 -269.78173828125 0
1700918785641 -270.46002197265625 0
1700918830220 -271.1356506347656 0
1700918874864 -271.80841064453125 0
1700918919639 -272.478271484375 0
1700918964302 -273.144775390625 0
1700919009050 -273.8080749511719 0
1700919053787 -274.46826171875 0
1700919098360 -275.1256408691406 0
1700919143047 -275.7799377441406 0
1700919187943 -276.430908203125 0
1700919232592 -277.07904052734375 0
1700919277563 -277.724609375 0
1700919322613 -278.3670654296875 0
1700919367559 -279.0057067871094 0
1700919412163 -279.6406555175781 0
1700919457019 -280.2726135253906 0
1700919501819 -280.90185546875 0
1700919546471 -281.5284423828125 0
1700919591223 -282.1524963378906 0
1700919635835 -282.7739562988281 0
1700919680495 -283.3923645019531 0
1700919725208 -284.0071716308594 0
1700919772831 -284.6181335449219 0
1700919821436 -285.2250061035156 0
1700919870651 -285.82830810546875 0
1700919915916 -286.4284362792969 0
1700919960577 -287.0256042480469 0
1700920005279 -287.61993408203125 0
1700920049990 -288.2113952636719 0
1700920094664 -288.7999267578125 0
1700920139272 -289.38482666015625 0
1700920183947 -289.96551513671875 0
1700920228767 -290.5423583984375 0
1700920273533 -291.1159362792969 0
1700920318631 -291.68646240234375 0
1700920363443 -292.2536926269531 0
1700920408551 -292.8173522949219 0
1700920453367 -293.3778076171875 0
1700920498203 -293.9352111816406 0
1700920542770 -294.4891357421875 0
1700920587391 -295.0396728515625 0
1700920631972 -295.58770751953125 0
1700920676719 -296.1335144042969 0
1700920721335 -296.6769714355469 0
1700920765906 -297.21759033203125 0
1700920810503 -297.75555419921875 0
1700920855054 -298.2910461425781 0
