1700908846259 4.9981217129977465e-05 0
1700908886712 4.981217129977461e-05 0
1700908931511 4.962434259954921e-05 0
1700908978013 4.943651389932382e-05 0
1700909022951 4.924868519909843e-05 0
1700909067527 4.9060856498873034e-05 0
1700909112168 4.887302779864764e-05 0
1700909156771 4.8685199098422243e-05 0
1700909201433 4.849737039819685e-05 0
1700909246251 4.830954169797145e-05 0
1700909291528 4.812171299774606e-05 0
1700909338574 4.793388429752066e-05 0
1700909383499 4.774605559729527e-05 0
1700909428791 4.755822689706987e-05 0
1700909473747 4.737039819684448e-05 0
1700909518535 4.718256949661908e-05 0
1700909563144 4.6994740796393694e-05 0
1700909607803 4.68069120961683e-05 0
1700909652463 4.6619083395942904e-05 0
1700909697143 4.643125469571751e-05 0
1700909741683 4.6243425995492114e-05 0
1700909786687 4.605559729526672e-05 0
1700909831399 4.586776859504133e-05 0
1700909875900 4.567993989481593e-05 0
1700909920559 4.5492111194590534e-05 0
1700909965231 4.530428249436514e-05 0
1700910010267 4.511645379413974e-05 0
1700910054575 4.492862509391435e-05 0
1700910099111 4.474079639368895e-05 0
1700910143680 4.4552967693463565e-05 0
1700910188305 4.436513899323817e-05 0
1700910232983 4.4177310293012775e-05 0
1700910277619 4.398948159278738e-05 0
1700910322220 4.3801652892561984e-05 0
1700910366845 4.361382419233659e-05 0
1700910411442 4.34259954921112e-05 0
1700910456035 4.3238166791885806e-05 0
1700910501025 4.305033809166041e-05 0
1700910546070 4.2862509391435016e-05 0
1700910590771 4.267468069120962e-05 0
1700910635439 4.2486851990984225e-05 0
1700910680043 4.229902329075883e-05 0
1700910725278 4.2111194590533435e-05 0
1700910770815 4.192336589030804e-05 0
1700910818924 4.1735537190082645e-05 0
1700910867387 4.154770848985725e-05 0
1700910915067 4.1359879789631855e-05 0
1700910960047 4.1172051089406467e-05 0
1700911004738 4.098422238918107e-05 0
1700911049751 4.0796393688955676e-05 0
1700911094423 4.060856498873028e-05 0
1700911139102 4.0420736288504886e-05 0
1700911183685 4.023290758827949e-05 0
1700911228369 4.0045078888054096e-05 0
1700911273298 3.98572501878287e-05 0
1700911317879 3.9669421487603306e-05 0
1700911362508 3.948159278737791e-05 0
1700911407115 3.9293764087152516e-05 0
1700911452062 3.910593538692712e-05 0
1700911496989 3.8918106686701725e-05 0
1700911541790 3.873027798647634e-05 0
1700911586499 3.854244928625094e-05 0
1700911631219 3.835462058602555e-05 0
1700911675701 3.816679188580015e-05 0
1700911720392 3.7978963185574757e-05 0
1700911765115 3.779113448534936e-05 0
1700911809678 3.760330578512397e-05 0
1700911854382 3.741547708489858e-05 0
1700911898827 3.722764838467318e-05 0
1700911943386 3.703981968444779e-05 0
1700911989553 3.685199098422239e-05 0
1700912037719 3.6664162283997e-05 0
1700912085871 3.64763335837716e-05 0
1700912131966 3.628850488354621e-05 0
1700912176267 3.610067618332081e-05 0
1700912220807 3.591284748309542e-05 0
1700912265375 3.572501878287002e-05 0
1700912311167 3.553719008264463e-05 0
1700912356099 3.534936138241923e-05 0
1700912401455 3.5161532682193844e-05 0
1700912446894 3.497370398196845e-05 0
1700912491785 3.4785875281743053e-05 0
1700912536915 3.459804658151766e-05 0
1700912581838 3.441021788129226e-05 0
1700912626421 3.422238918106687e-05 0
1700912671471 3.403456048084147e-05 0
1700912716427 3.384673178061608e-05 0
1700912761055 3.365890308039068e-05 0
1700912806063 3.347107438016529e-05 0
1700912850898 3.328324567993989e-05 0
1700912895662 3.30954169797145e-05 0
1700912940527 3.290758827948911e-05 0
1700912985263 3.2719759579263714e-05 0
1700913029882 3.253193087903832e-05 0
1700913074588 3.2344102178812924e-05 0
1700913119382 3.215627347858753e-05 0
1700913163947 3.1968444778362134e-05 0
1700913208785 3.1780616078136745e-05 0
1700913254168 3.159278737791135e-05 0
1700913299195 3.1404958677685955e-05 0
1700913344556 3.121712997746056e-05 0
1700913389507 3.1029301277235165e-05 0
1700913434138 3.084147257700977e-05 0
1700913478883 3.0653643876784375e-05 0
1700913523440 3.0465815176558983e-05 0
1700913568004 3.0277986476333588e-05 0
1700913612601 3.009015777610819e-05 0
1700913657306 2.9902329075882794e-05 0
1700913701878 2.97145003756574e-05 0
1700913746514 2.9526671675432004e-05 0
1700913791571 2.9338842975206616e-05 0
1700913835858 2.915101427498122e-05 0
1700913880314 2.8963185574755826e-05 0
1700913927506 2.877535687453043e-05 0
1700913975333 2.8587528174305035e-05 0
1700914023888 2.8399699474079637e-05 0
1700914069911 2.821187077385425e-05 0
1700914115073 2.8024042073628854e-05 0
1700914160110 2.783621337340346e-05 0
1700914205225 2.7648384673178063e-05 0
1700914249642 2.7460555972952668e-05 0
1700914294051 2.7272727272727273e-05 0
1700914338572 2.708489857250188e-05 0
1700914383166 2.6897069872276486e-05 0
1700914427882 2.670924117205109e-05 0
1700914472590 2.6521412471825696e-05 0
1700914517013 2.63335837716003e-05 0
1700914561652 2.6145755071374906e-05 0
1700914606509 2.595792637114951e-05 0
1700914651449 2.577009767092412e-05 0
1700914696865 2.5582268970698724e-05 0
1700914741638 2.539444027047333e-05 0
1700914785874 2.5206611570247934e-05 0
1700914870428 2.501878287002254e-05 0
1700914915085 2.4830954169797147e-05 0
1700914959828 2.4643125469571752e-05 0
1700915004671 2.445529676934636e-05 0
1700915049404 2.426746806912096e-05 0
1700915094084 2.4079639368895567e-05 0
1700915138811 2.389181066867017e-05 0
1700915183586 2.370398196844478e-05 0
1700915228442 2.3516153268219385e-05 0
1700915273267 2.332832456799399e-05 0
1700915318023 2.3140495867768598e-05 0
1700915362807 2.2952667167543203e-05 0
1700915407527 2.2764838467317808e-05 0
1700915452282 2.2577009767092413e-05 0
1700915497067 2.2389181066867017e-05 0
1700915541865 2.2201352366641622e-05 0
1700915586743 2.201352366641623e-05 0
1700915631602 2.1825694966190836e-05 0
1700915676233 2.163786626596544e-05 0
1700915721059 2.145003756574005e-05 0
1700915765816 2.126220886551465e-05 0
1700915810767 2.1074380165289255e-05 0
1700915855563 2.0886551465063863e-05 0
1700915904084 2.0698722764838468e-05 0
1700915952356 2.0510894064613073e-05 0
1700916000388 2.032306536438768e-05 0
1700916045242 2.0135236664162286e-05 0
1700916090211 1.994740796393689e-05 0
1700916135254 1.9759579263711496e-05 0
1700916179930 1.95717505634861e-05 0
1700916224782 1.9383921863260706e-05 0
1700916269506 1.919609316303531e-05 0
1700916314446 1.900826446280992e-05 0
1700916359358 1.8820435762584524e-05 0
1700916404106 1.863260706235913e-05 0
1700916448910 1.8444778362133737e-05 0
1700916493855 1.825694966190834e-05 0
1700916538671 1.8069120961682944e-05 0
1700916583406 1.7881292261457552e-05 0
1700916628007 1.7693463561232157e-05 0
1700916672782 1.7505634861006762e-05 0
1700916717539 1.731780616078137e-05 0
1700916762233 1.7129977460555975e-05 0
1700916806818 1.694214876033058e-05 0
1700916851494 1.6754320060105185e-05 0
1700916896374 1.656649135987979e-05 0
1700916941232 1.6378662659654395e-05 0
1700916985859 1.6190833959429003e-05 0
1700917030614 1.6003005259203608e-05 0
1700917075262 1.5815176558978213e-05 0
1700917119859 1.562734785875282e-05 0
1700917164655 1.5439519158527422e-05 0
1700917209452 1.5251690458302029e-05 0
1700917254216 1.5063861758076636e-05 0
1700917298894 1.487603305785124e-05 0
1700917343643 1.4688204357625845e-05 0
1700917388583 1.450037565740045e-05 0
1700917433149 1.4312546957175057e-05 0
1700917477842 1.4124718256949662e-05 0
1700917522507 1.3936889556724267e-05 0
1700917567067 1.3749060856498875e-05 0
1700917611705 1.3561232156273478e-05 0
1700917656538 1.3373403456048083e-05 0
1700917701342 1.3185574755822691e-05 0
1700917746055 1.2997746055597296e-05 0
1700917790790 1.2809917355371901e-05 0
1700917838631 1.2622088655146508e-05 0
1700917887410 1.2434259954921113e-05 0
1700917936296 1.224643125469572e-05 0
1700917981124 1.2058602554470322e-05 0
1700918025636 1.1870773854244929e-05 0
1700918070667 1.1682945154019536e-05 0
1700918115366 1.149511645379414e-05 0
1700918160067 1.1307287753568745e-05 0
1700918204707 1.1119459053343352e-05 0
1700918249543 1.0931630353117957e-05 0
1700918294246 1.0743801652892564e-05 0
1700918338989 1.0555972952667167e-05 0
1700918383527 1.0368144252441773e-05 0
1700918428250 1.018031555221638e-05 0
1700918472993 9.992486851990985e-06 0
1700918517575 9.80465815176559e-06 0
1700918562299 9.616829451540196e-06 0
1700918606956 9.429000751314801e-06 0
1700918651662 9.241172051089408e-06 0
1700918696154 9.053343350864013e-06 0
1700918740930 8.865514650638618e-06 0
1700918785640 8.677685950413224e-06 0
1700918830220 8.489857250187829e-06 0
1700918874863 8.302028549962434e-06 0
1700918919638 8.11419984973704e-06 0
1700918964302 7.926371149511645e-06 0
1700919009049 7.738542449286252e-06 0
1700919053786 7.550713749060857e-06 0
1700919098359 7.362885048835462e-06 0
1700919143046 7.175056348610068e-06 0
1700919187942 6.987227648384674e-06 0
1700919232591 6.799398948159279e-06 0
1700919277562 6.611570247933885e-06 0
1700919322612 6.423741547708491e-06 0
1700919367558 6.2359128474830955e-06 0
1700919412162 6.048084147257701e-06 0
1700919457019 5.860255447032307e-06 0
1700919501818 5.672426746806912e-06 0
1700919546470 5.484598046581518e-06 0
1700919591222 5.296769346356123e-06 0
1700919635835 5.108940646130729e-06 0
1700919680495 4.921111945905334e-06 0
1700919725208 4.733283245679941e-06 0
1700919772830 4.5454545454545455e-06 0
1700919821436 4.357625845229151e-06 0
1700919870651 4.169797145003756e-06 0
1700919915915 3.981968444778363e-06 0
1700919960576 3.794139744552968e-06 0
1700920005278 3.6063110443275734e-06 0
1700920049989 3.4184823441021787e-06 0
1700920094663 3.2306536438767845e-06 0
1700920139272 3.0428249436513902e-06 0
1700920183947 2.8549962434259955e-06 0
1700920228766 2.6671675432006013e-06 0
1700920273532 2.4793388429752066e-06 0
1700920318630 2.2915101427498124e-06 0
1700920363442 2.1036814425244177e-06 0
1700920408550 1.9158527422990234e-06 0
1700920453366 1.728024042073629e-06 0
1700920498202 1.5401953418482345e-06 0
1700920542769 1.35236664162284e-06 0
1700920587391 1.1645379413974456e-06 0
1700920631971 9.767092411720513e-07 0
1700920676719 7.888805409466567e-07 0
1700920721335 6.010518407212623e-07 0
1700920765905 4.132231404958678e-07 0
1700920810502 2.2539444027047334e-07 0
1700920855053 3.756574004507889e-08 0
