1700908846257 7.2375 0
1700908886709 7.918359375 0
1700908931508 4.44609375 0
1700908978010 4.1697265625 0
1700909022948 4.8384765625 0
1700909067524 18.76484375 0
1700909112165 8.3056640625 0
1700909156768 5.0591796875 0
1700909201431 4.866796875 0
1700909246248 27.4474609375 0
1700909291525 18.0798828125 0
1700909338571 8.7830078125 0
1700909383496 7.873046875 0
1700909428789 5.691015625 0
1700909473745 15.640625 0
1700909518532 8.853125 0
1700909563141 6.210546875 0
1700909607801 5.99921875 0
1700909652460 14.2828125 0
1700909697140 6.58515625 0
1700909741681 15.220703125 0
1700909786685 14.76796875 0
1700909831396 7.50390625 0
1700909875897 8.114453125 0
1700909920556 9.916796875 0
1700909965228 8.191796875 0
1700910009840 9.081640625 0
1700910054572 8.6359375 0
1700910099108 11.37421875 0
1700910143677 9.38359375 0
1700910188302 10.59296875 0
1700910232980 40.415625 0
1700910277616 11.6484375 0
1700910322217 16.11484375 0
1700910366842 11.39921875 0
1700910411439 11.58125 0
1700910456033 53.33984375 0
1700910501023 13.27421875 0
1700910546068 20.83671875 0
1700910590768 14.0421875 0
1700910635437 15.46015625 0
1700910680040 53.909375 0
1700910725275 16.5609375 0
1700910770813 17.09296875 0
1700910818921 16.45625 0
1700910867385 18.3375 0
1700910915064 20.3578125 0
1700910960044 25.203125 0
1700911004735 19.8046875 0
1700911049748 30.1921875 0
1700911094421 58.0453125 0
1700911139100 21.4640625 0
1700911183683 22.8359375 0
1700911228367 26.5296875 0
1700911273296 25.2234375 0
1700911317876 24.415625 0
1700911362505 29.5703125 0
1700911407112 26.2421875 0
1700911452059 26.6609375 0
1700911496986 27.765625 0
1700911541788 36.0171875 0
1700911586496 30.384375 0
1700911631216 31.3515625 0
1700911675698 31.253125 0
1700911720389 71.0453125 0
1700911765112 32.90625 0
1700911809675 33.365625 0
1700911854379 34.86875 0
1700911898825 35.959375 0
1700911943384 73.471875 0
1700911989550 38.2 0
1700912037716 39.15625 0
1700912085868 47.5625 0
1700912131964 41.009375 0
1700912176264 48.134375 0
1700912220805 42.975 0
1700912265372 45.171875 0
1700912311165 45.64375 0
1700912356096 46.1625 0
1700912401452 54.053125 0
1700912446891 48.309375 0
1700912491782 51.328125 0
1700912536913 50.23125 0
1700912581835 53.509375 0
1700912626418 54.81875 0
1700912671469 55.684375 0
1700912716424 55.128125 0
1700912761052 66.565625 0
1700912806061 56.646875 0
1700912850896 57.184375 0
1700912895659 65.915625 0
1700912940524 60.19375 0
1700912985260 66.728125 0
1700913029880 68.8 0
1700913074585 67.1625 0
1700913119380 64.728125 0
1700913163945 65.46875 0
1700913208783 71.015625 0
1700913254166 64.99375 0
1700913299192 65.90625 0
1700913344553 66.6375 0
1700913389504 68.225 0
1700913434136 78.6501953125 0
1700913478881 76.8375 0
1700913523437 71.36875 0
1700913568001 73.9125 0
1700913612598 75.525 0
1700913657304 108.75625 0
1700913701875 75.44375 0
1700913746512 75.1625 0
1700913791568 75.81875 0
1700913835856 76.45625 0
1700913880311 77.8625 0
1700913927504 84.4625 0
1700913975331 82.5625 0
1700914023886 88.96875 0
1700914069909 83.76875 0
1700914115071 86.4125 0
1700914160107 90.91875 0
1700914205222 87.125 0
1700914249640 88.9625 0
1700914294048 88.05625 0
1700914338569 124.61875 0
1700914383163 89.725 0
1700914427879 91.99375 0
1700914472588 90.2875 0
1700914517011 97.59375 0
1700914561650 91.65 0
1700914606506 93.975 0
1700914651446 102.725 0
1700914696863 94.44375 0
1700914741636 98.26875 0
1700914785872 98.2875 0
1700914870426 98.69375 0
1700914915083 100.39375 0
1700914959826 97.00625 0
1700915004669 97.19375 0
1700915049402 104.0625 0
1700915094081 124.2625 0
1700915138808 97.50625 0
1700915183584 97.11875 0
1700915228440 102.925 0
1700915273264 97.09375 0
1700915318020 121.35 0
1700915362804 100.3125 0
1700915407524 95.4875 0
1700915452279 95.6 0
1700915497064 95.4625 0
1700915541862 101.13125 0
1700915586740 95.70625 0
1700915631600 96.9125 0
1700915676231 95.26875 0
1700915721056 94.7875 0
1700915765814 100.025 0
1700915810764 94.85 0
1700915855560 100.79375 0
1700915904082 93.40625 0
1700915952353 93.61875 0
1700916000385 92.19375 0
1700916045240 94.5125 0
1700916090209 91.5 0
1700916135251 93.61875 0
1700916179928 98.79375 0
1700916224780 90.91875 0
1700916269504 92.6375 0
1700916314444 90.9 0
1700916359355 91.04375 0
1700916404104 91.2875 0
1700916448908 92.2 0
1700916493852 91.33125 0
1700916538668 90.86875 0
1700916583404 89.55 0
1700916628004 92.6625 0
1700916672780 91.8375 0
1700916717536 88.775 0
1700916762230 94.46875 0
1700916806816 88.725 0
1700916851492 95.425 0
1700916896371 86.94375 0
1700916941230 88.0125 0
1700916985856 88.85 0
1700917030611 89.23125 0
1700917075259 90.41875 0
1700917119856 87.23125 0
1700917164652 93.55625 0
1700917209450 87.81875 0
1700917254213 85.28125 0
1700917298892 86.2625 0
1700917343640 86.53125 0
1700917388581 89.71875 0
1700917433146 84.9625 0
1700917477840 87.35625 0
1700917522504 89.96875 0
1700917567064 83.3625 0
1700917611703 84.88125 0
1700917656536 85.6125 0
1700917701339 83.84375 0
1700917746052 85.20625 0
1700917790787 86.375 0
1700917838628 91.28125 0
1700917887407 84.19375 0
1700917936294 83.81875 0
1700917981121 83.45625 0
1700918025634 83.675 0
1700918070664 85.08125 0
1700918115363 81.48125 0
1700918160064 81.7875 0
1700918204704 81.1875 0
1700918249540 81.10625 0
1700918294244 84.375 0
1700918338987 81.58125 0
1700918383524 81.925 0
1700918428247 81.2625 0
1700918472990 80.43125 0
1700918517573 80.98125 0
1700918562296 84.35625 0
1700918606954 79.3375 0
1700918651660 80.1875 0
1700918696151 78.66875 0
1700918740927 79.9875 0
1700918785637 79.88125 0
1700918830217 82.5125 0
1700918874860 81.25 0
1700918919636 78.30625 0
1700918964299 79.26875 0
1700919009047 78.1375 0
1700919053784 78.09375 0
1700919098356 78.5625 0
1700919143043 77.0375 0
1700919187940 78.2375 0
1700919232589 82.9625 0
1700919277560 76.45625 0
1700919322609 76.16875 0
1700919367555 78.50625 0
1700919412160 76.3125 0
1700919457017 76.81875 0
1700919501816 78.48125 0
1700919546467 76.01875 0
1700919591220 77.08125 0
1700919635832 76.16875 0
1700919680492 99.45 0
1700919725205 75.36875 0
1700919772828 75.53125 0
1700919821434 74.675 0
1700919870648 76.125 0
1700919915913 74.8125 0
1700919960573 75.15 0
1700920005276 73.125 0
1700920049987 74.1125 0
1700920094660 74.95 0
1700920139269 73.675 0
1700920183944 73.39375 0
1700920228763 75.425 0
1700920273530 71.925 0
1700920318628 77.825 0
1700920363440 72.25625 0
1700920408548 70.5625 0
1700920453363 73.725 0
1700920498200 75.36875 0
1700920542767 70.5375 0
1700920587388 71.68125 0
1700920631968 70.96875 0
1700920676716 70.75 0
1700920721332 70.94375 0
1700920765902 71.16875 0
1700920810500 70.0375 0
1700920855051 71.7625 0
