1700908848763 0.003290119566447994 0
1700908889166 0.0033488261267311213 0
1700908933926 0.003674037098266918 0
1700908980450 0.0037384091881272705 0
1700909025350 0.0037876349039028348 0
1700909069962 0.004101421240080206 0
1700909114598 0.004398141963494256 0
1700909159187 0.004466267292981321 0
1700909203837 0.0042717762561659735 0
1700909248659 0.0043266684280158325 0
1700909293921 0.004387239100401883 0
1700909340965 0.004447809772787934 0
1700909385953 0.004500809111125729 0
1700909431218 0.004531094447318754 0
1700909476142 0.0045670582840479715 0
1700909520944 0.0043631971191248125 0
1700909565531 0.004402956351097383 0
1700909610225 0.004440822286309356 0
1700909654897 0.004459755253915342 0
1700909699542 0.004497621189127314 0
1700909744111 0.004554420091945273 0
1700909789094 0.004856661811393778 0
1700909833789 0.004909661149731572 0
1700909878311 0.004686950865187176 0
1700909923003 0.004709670426314359 0
1700909967640 0.004738069877723338 0
1700910012666 0.004753216251808127 0
1700910056959 0.005070659008668495 0
1700910101502 0.005399461546092454 0
1700910146069 0.005414607920177243 0
1700910190676 0.005425967700740834 0
1700910235340 0.0054751934165163975 0
1700910280000 0.005925166946618668 0
1700910324659 0.00600468541056381 0
1700910369231 0.0063599941026361495 0
1700910413824 0.00667365026597532 0
1700910458408 0.007140663466922977 0
1700910503422 0.007225861821149915 0
1700910548508 0.0075925302937858465 0
1700910593162 0.007615249854913029 0
1700910637841 0.007611463261391832 0
1700910682433 0.007643649306322009 0
1700910727644 0.008458398012299612 0
1700910773271 0.008545489663287147 0
1700910821471 0.009204988034895665 0
1700910869952 0.009182268473768481 0
1700910917570 0.009790647832840836 0
1700910962505 0.010733509619618945 0
1700911007140 0.01103959259591572 0
1700911052192 0.012088479001287351 0
1700911096830 0.012840633565280105 0
1700911141530 0.014044475678952865 0
1700911186092 0.014771954692089495 0
1700911230777 0.01544454153337627 0
1700911275687 0.015513452841210243 0
1700911320299 0.015483160093040665 0
1700911364922 0.016154018245212773 0
1700911409528 0.01618431099338235 0
1700911454461 0.017771524777684188 0
1700911499401 0.017733658842472216 0
1700911544217 0.01872385304826529 0
1700911588940 0.01903372261808326 0
1700911633627 0.019653461757719207 0
1700911678127 0.02027509419411575 0
1700911722815 0.0212993677415996 0
1700911767510 0.021857259187055993 0
1700911812046 0.02291182548270942 0
1700911856794 0.023550497589951352 0
1700911901274 0.023833861005120943 0
1700911945768 0.024280047941702017 0
1700911992081 0.025372480172567418 0
1700912040220 0.026355101191318096 0
1700912088340 0.026676330541699662 0
1700912134335 0.02666497076113607 0
1700912178654 0.02763244540580196 0
1700912223238 0.028594240160186055 0
1700912267811 0.03018524053800909 0
1700912313570 0.031129995621547796 0
1700912358498 0.03137612420042562 0
1700912403872 0.033854449660049205 0
1700912449385 0.03525801365857297 0
1700912494276 0.03684333414611421 0
1700912539391 0.0391497574939629 0
1700912584215 0.040720178364472066 0
1700912628806 0.04279914050522246 0
1700912673888 0.045669937998519664 0
1700912718825 0.048329369082969705 0
1700912763435 0.051510591272245415 0
1700912808457 0.05449485994991243 0
1700912853289 0.05735486220819345 0
1700912898080 0.060934595956703544 0
1700912942918 0.06368736390005121 0
1700912987673 0.06713147777967503 0
1700913032262 0.07061154669430589 0
1700913077025 0.07348731870478299 0
1700913121770 0.07628144501404441 0
1700913166347 0.08078039989570263 0
1700913211187 0.08494511787137837 0
1700913256531 0.08824523434120139 0
1700913301626 0.09153399936893443 0
1700913346986 0.09504348688175024 0
1700913391855 0.09855108248755104 0
1700913436560 0.1027498547894967 0
1700913481251 0.10659355990627269 0
1700913525798 0.11106871585771827 0
1700913570397 0.11356163874191323 0
1700913615008 0.1166339738999006 0
1700913659733 0.11964078301592812 0
1700913704566 0.1232316551122023 0
1700913748900 0.12680624711081154 0
1700913793988 0.13003599489291098 0
1700913838220 0.13426575141867209 0
1700913882682 0.13712840932638534 0
1700913930087 0.14022462108592296 0
1700913977871 0.14279257494550912 0
1700914026438 0.1471833064766128 0
1700914072287 0.15054883286742968 0
1700914117452 0.15263855858787972 0
1700914162490 0.15569669378853832 0
1700914207600 0.15836092103948246 0
1700914252011 0.1615191556011457 0
1700914296460 0.16471745683739222 0
1700914340983 0.16734403587993563 0
1700914385580 0.1695828505748294 0
1700914430358 0.1728396573214951 0
1700914475011 0.17636571523439082 0
1700914519409 0.18019122070599097 0
1700914564000 0.18257297505986506 0
1700914608969 0.1853956447364135 0
1700914653834 0.1883780091537713 0
1700914699267 0.19145967305633071 0
1700914744010 0.1940595939987064 0
1700914788230 0.1964119209526734 0
1700914872795 0.19935704435709226 0
1700914917453 0.20230216776151114 0
1700914962239 0.2043005770043388 0
1700915007044 0.20692761450851518 0
1700915051808 0.2098463355259574 0
1700915096441 0.21265550845645254 0
1700915141220 0.2154025676336931 0
1700915185990 0.21824747972537817 0
1700915230798 0.2214751566321121 0
1700915275610 0.2236793011890174 0
1700915320409 0.22625980908388918 0
1700915365188 0.22904477141064067 0
1700915409878 0.2315555193263632 0
1700915454668 0.2336458207103255 0
1700915499496 0.23643972126313442 0
1700915544282 0.23826947190600972 0
1700915589144 0.24008415770654234 0
1700915634031 0.2420514506997222 0
1700915678608 0.2438148587478875 0
1700915723461 0.24587321404966048 0
1700915768209 0.24793721727756637 0
1700915813215 0.24998427672707355 0
1700915858042 0.2523168702199669 0
1700915906737 0.2541659482093673 0
1700915954843 0.25681504190276944 0
1700916002905 0.25925875574813606 0
1700916047606 0.2612154032899926 0
1700916092603 0.2631758124099494 0
1700916137662 0.2648265182663122 0
1700916182322 0.26743830732731005 0
1700916227168 0.2690551589807698 0
1700916271896 0.27064191800942694 0
1700916316882 0.2722042267804319 0
1700916361765 0.2744122731253273 0
1700916406505 0.2756366667969857 0
1700916451296 0.27813560851497354 0
1700916496216 0.27932238640562856 0
1700916541060 0.2815247903833735 0
1700916585797 0.283565784365402 0
1700916630379 0.2853734042360375 0
1700916675169 0.286850713540853 0
1700916719900 0.2883242621940652 0
1700916764604 0.2901412836937089 0
1700916809174 0.2913070856907207 0
1700916853898 0.2929417101830398 0
1700916898743 0.2948813307161776 0
1700916943563 0.29664295433098786 0
1700916988245 0.2983425577687476 0
1700917032996 0.3000214878141571 0
1700917077652 0.30172672944983053 0
1700917122248 0.3037546012994539 0
1700917167020 0.3048221001044456 0
1700917211830 0.3060606884832827 0
1700917256585 0.30744671698061293 0
1700917301237 0.3088308665418872 0
1700917346055 0.31052065636827536 0
1700917390961 0.3115672237514832 0
1700917435627 0.3131170070541955 0
1700917480180 0.3141464101527021 0
1700917524879 0.3159838463975976 0
1700917569422 0.3176540228986987 0
1700917614069 0.3189980517397273 0
1700917659022 0.3203214224756073 0
1700917703766 0.3213092555036199 0
1700917748518 0.3226138461439103 0
1700917793172 0.3248705876305931 0
1700917841091 0.3261845683186783 0
1700917889970 0.327830330695513 0
1700917938835 0.3288219197426435 0
1700917983516 0.3304489020238886 0
1700918028065 0.3318939208984375 0
1700918073028 0.3338165283203125 0
1700918117738 0.3353980481624603 0
1700918162428 0.33634620904922485 0
1700918207063 0.33760353922843933 0
1700918251915 0.33885523676872253 0
1700918296595 0.3398052752017975 0
1700918341359 0.34074217081069946 0
1700918385884 0.34248220549963915 0
1700918430614 0.34342637827976996 0
1700918475357 0.34433864064784864 0
1700918519962 0.34558064394046606 0
1700918564679 0.3474483415870469 0
1700918609354 0.3485476958319313 0
1700918654061 0.35013594173396806 0
1700918698501 0.3510704984010192 0
1700918743328 0.3524683263017724 0
1700918787997 0.35336888145288653 0
1700918832628 0.3542619319777415 0
1700918877224 0.3556136891940715 0
1700918922025 0.356809756298757 0
1700918966698 0.35784246513880597 0
1700919011441 0.3590194845446651 0
1700919056183 0.3598820903758311 0
1700919100706 0.36107411162223224 0
1700919145421 0.3626086748943428 0
1700919190334 0.36351628624713483 0
1700919235064 0.36454903647071957 0
1700919280010 0.36575201184638423 0
1700919325102 0.3671001646802833 0
1700919369997 0.3682709796441034 0
1700919414514 0.3689659870967964 0
1700919459384 0.3701202185351614 0
1700919504209 0.3709413664019787 0
1700919548830 0.3720843492394284 0
1700919593629 0.37322733207687814 0
1700919638214 0.3743740644479663 0
1700919682888 0.37550392391768145 0
1700919727609 0.3768834045513924 0
1700919775359 0.3781029514080502 0
1700919824020 0.3791279937936852 0
1700919873115 0.38029664554126524 0
1700919918295 0.3814484327259459 0
1700919962937 0.3822504363838255 0
1700920007690 0.38338161132496257 0
1700920052350 0.3845240293080325 0
1700920097099 0.3856533304088474 0
1700920141669 0.3870799475074432 0
1700920186275 0.38786508660242347 0
1700920231150 0.38896253241776185 0
1700920275867 0.3900749689556774 0
1700920321012 0.39087509877323484 0
1700920365814 0.3920137690756605 0
1700920411009 0.3931393224958311 0
1700920455712 0.39424238983213594 0
1700920500551 0.39565776388879886 0
1700920545144 0.3964204168999133 0
1700920589787 0.39748038590880874 0
1700920634328 0.39820743595380237 0
1700920679085 0.3988027600426748 0
1700920723714 0.3998517452744005 0
1700920768258 0.40088386177399 0
1700920812913 0.40160172004156164 0
1700920857410 0.40232520121984533 0
