1700908848761 21306832.0 0
1700908889165 21687016.0 0
1700908933925 23793084.0 0
1700908980449 24209958.0 0
1700909025348 24528744.0 0
1700909069961 26560826.0 0
1700909114596 28482391.0 0
1700909159186 28923571.0 0
1700909203836 27664046.0 0
1700909248657 28019528.0 0
1700909293920 28411784.0 0
1700909340964 28804040.0 0
1700909385952 29147264.0 0
1700909431216 29343392.0 0
1700909476141 29576294.0 0
1700909520943 28256088.0 0
1700909565529 28513569.0 0
1700909610224 28758789.0 0
1700909654896 28881399.0 0
1700909699541 29126619.0 0
1700909744110 29494449.0 0
1700909789092 31451768.0 0
1700909833788 31794992.0 0
1700909878310 30352719.0 0
1700909923001 30499851.0 0
1700909967638 30683766.0 0
1700910012665 30781854.0 0
1700910056957 32837615.0 0
1700910101501 34966942.0 0
1700910146068 35065030.0 0
1700910190674 35138596.0 0
1700910235338 35457382.0 0
1700910279999 38371413.0 0
1700910324658 38886375.0 0
1700910369229 41187356.0 0
1700910413823 43218595.0 0
1700910458407 46242975.0 0
1700910503420 46794720.0 0
1700910548507 49169267.0 0
1700910593160 49316399.0 0
1700910637840 49291877.0 0
1700910682431 49500314.0 0
1700910727643 54776631.0 0
1700910773270 55340637.0 0
1700910821469 59611552.0 0
1700910869950 59464420.0 0
1700910917568 63404288.0 0
1700910962504 69510266.0 0
1700911007139 71492461.0 0
1700911052191 78285055.0 0
1700911096828 83156012.0 0
1700911141529 90952100.0 0
1700911186091 95663258.0 0
1700911230775 100018934.0 0
1700911275686 100465204.0 0
1700911320298 100269028.0 0
1700911364921 104613509.0 0
1700911409527 104809685.0 0
1700911454459 115088490.0 0
1700911499400 114843270.0 0
1700911544216 121255773.0 0
1700911588939 123262490.0 0
1700911633625 127275924.0 0
1700911678126 131301619.0 0
1700911722814 137934820.0 0
1700911767509 141547728.0 0
1700911812045 148377105.0 0
1700911856792 152513149.0 0
1700911901273 154348212.0 0
1700911945767 157237721.0 0
1700911992080 164312318.0 0
1700912040219 170675777.0 0
1700912088339 172756060.0 0
1700912134334 172682494.0 0
1700912178653 178947865.0 0
1700912223237 185176453.0 0
1700912267810 195479780.0 0
1700912313569 201598019.0 0
1700912358496 203191949.0 0
1700912403870 219241598.0 0
1700912449384 228331086.0 0
1700912494275 238597630.0 0
1700912539390 253534040.0 0
1700912584214 263704094.0 0
1700912628805 277167464.0 0
1700912673887 295758764.0 0
1700912718824 312981254.0 0
1700912763433 333582866.0 0
1700912808456 352909006.0 0
1700912853288 371430396.0 0
1700912898078 394612771.0 0
1700912942917 412439711.0 0
1700912987671 434743811.0 0
1700913032261 457280756.0 0
1700913077024 475904271.0 0
1700913121769 493999048.0 0
1700913166345 523134304.0 0
1700913211186 550105040.0 0
1700913256530 571476612.0 0
1700913301625 592774672.0 0
1700913346984 615502132.0 0
1700913391854 638217340.0 0
1700913436559 665408612.0 0
1700913481250 690300467.0 0
1700913525797 719281601.0 0
1700913570395 735425783.0 0
1700913615007 755322242.0 0
1700913659732 774794354.0 0
1700913704565 798048861.0 0
1700913748899 821197938.0 0
1700913793987 842113802.0 0
1700913838219 869505728.0 0
1700913882681 888044316.0 0
1700913930086 908095400.0 0
1700913977869 924725483.0 0
1700914026437 953159884.0 0
1700914072285 974955051.0 0
1700914117451 988488126.0 0
1700914162488 1008292626.0 0
1700914207599 1025546176.0 0
1700914252010 1045998920.0 0
1700914296459 1066711136.0 0
1700914340982 1083720876.0 0
1700914385579 1098219452.0 0
1700914430357 1119310550.0 0
1700914475010 1142145320.0 0
1700914519407 1166919314.0 0
1700914563998 1182343568.0 0
1700914608968 1200623192.0 0
1700914653832 1219937000.0 0
1700914699265 1239893872.0 0
1700914744009 1256730974.0 0
1700914788229 1271964656.0 0
1700914872794 1291037291.0 0
1700914917451 1310109926.0 0
1700914962238 1323051635.0 0
1700915007043 1340064344.0 0
1700915051806 1358965997.0 0
1700915096440 1377158216.0 0
1700915141219 1394948186.0 0
1700915185988 1413371852.0 0
1700915230797 1434274305.0 0
1700915275608 1448548357.0 0
1700915320408 1465259740.0 0
1700915365187 1483295171.0 0
1700915409877 1499554788.0 0
1700915454667 1513091591.0 0
1700915499495 1531184906.0 0
1700915544280 1543034381.0 0
1700915589143 1554786296.0 0
1700915634030 1567526496.0 0
1700915678607 1578946336.0 0
1700915723460 1592276256.0 0
1700915768207 1605642752.0 0
1700915813214 1618899520.0 0
1700915858041 1634005408.0 0
1700915906736 1645980047.0 0
1700915954842 1663135592.0 0
1700916002903 1678961096.0 0
1700916047605 1691632356.0 0
1700916092602 1704327976.0 0
1700916137661 1715017956.0 0
1700916182321 1731931916.0 0
1700916227167 1742402656.0 0
1700916271894 1752678516.0 0
1700916316880 1762796036.0 0
1700916361764 1777095356.0 0
1700916406503 1785024536.0 0
1700916451294 1801207696.0 0
1700916496215 1808893276.0 0
1700916541058 1823156056.0 0
1700916585796 1836373544.0 0
1700916630378 1848079700.0 0
1700916675168 1857646763.0 0
1700916719899 1867189472.0 0
1700916764603 1878956513.0 0
1700916809173 1886506253.0 0
1700916853897 1897092090.0 0
1700916898741 1909653083.0 0
1700916943562 1921061367.0 0
1700916988243 1932068008.0 0
1700917032994 1942940768.0 0
1700917077651 1953983922.0 0
1700917122247 1967116431.0 0
1700917167019 1974029559.0 0
1700917211829 1982050664.0 0
1700917256584 1991026592.0 0
1700917301236 1999990352.0 0
1700917346054 2010933440.0 0
1700917390960 2017711016.0 0
1700917435625 2027747421.0 0
1700917480178 2034413841.0 0
1700917524878 2046313088.0 0
1700917569421 2057129160.0 0
1700917614068 2065833098.0 0
1700917659021 2074403254.0 0
1700917703764 2080800466.0 0
1700917748517 2089249002.0 0
1700917793171 2103863672.0 0
1700917841090 2112373018.0 0
1700917889969 2123030984.0 0
1700917938833 2129452520.0 0
1700917983515 2139988866.0 0
1700918028064 2149346816.0 0
1700918073026 2161797632.0 0
1700918117737 2172039563.0 0
1700918162427 2178179858.0 0
1700918207061 2186322335.0 0
1700918251914 2194428335.0 0
1700918296594 2200580789.0 0
1700918341358 2206648130.0 0
1700918385883 2217916604.0 0
1700918430613 2224031072.0 0
1700918475356 2229938888.0 0
1700918519961 2237982108.0 0
1700918564677 2250077328.0 0
1700918609353 2257196752.0 0
1700918654060 2267482241.0 0
1700918698499 2273534435.0 0
1700918743326 2282586776.0 0
1700918787995 2288418776.0 0
1700918832627 2294202176.0 0
1700918877222 2302956163.0 0
1700918922023 2310701900.0 0
1700918966697 2317389728.0 0
1700919011440 2325012112.0 0
1700919056182 2330598352.0 0
1700919100705 2338317888.0 0
1700919145419 2348255728.0 0
1700919190333 2354133424.0 0
1700919235062 2360821520.0 0
1700919280009 2368611995.0 0
1700919325101 2377342640.0 0
1700919369995 2384924844.0 0
1700919414513 2389425716.0 0
1700919459383 2396900525.0 0
1700919504208 2402218283.0 0
1700919548828 2409620246.0 0
1700919593627 2417022209.0 0
1700919638212 2424448454.0 0
1700919682887 2431765430.0 0
1700919727608 2440698954.0 0
1700919775358 2448596746.0 0
1700919824019 2455234926.0 0
1700919873114 2462803121.0 0
1700919918294 2470262101.0 0
1700919962936 2475455881.0 0
1700920007688 2482781376.0 0
1700920052349 2490179681.0 0
1700920097097 2497493041.0 0
1700920141668 2506731821.0 0
1700920186274 2511816386.0 0
1700920231148 2518923451.0 0
1700920275865 2526127596.0 0
1700920321011 2531309241.0 0
1700920365813 2538683276.0 0
1700920411008 2545972366.0 0
1700920455710 2553115836.0 0
1700920500549 2562281806.0 0
1700920545142 2567220751.0 0
1700920589785 2574085116.0 0
1700920634327 2578793496.0 0
1700920679084 2582648818.0 0
1700920723713 2589442052.0 0
1700920768256 2596126044.0 0
1700920812912 2600774898.0 0
1700920857409 2605460166.0 0
