1700908848762 6454698544.0 0
1700908889165 6454318360.0 0
1700908933925 6452212292.0 0
1700908980449 6451795418.0 0
1700909025349 6451476632.0 0
1700909069961 6449444550.0 0
1700909114597 6447522985.0 0
1700909159187 6447081805.0 0
1700909203837 6448341330.0 0
1700909248658 6447985848.0 0
1700909293921 6447593592.0 0
1700909340965 6447201336.0 0
1700909385953 6446858112.0 0
1700909431217 6446661984.0 0
1700909476142 6446429082.0 0
1700909520944 6447749288.0 0
1700909565530 6447491807.0 0
1700909610224 6447246587.0 0
1700909654897 6447123977.0 0
1700909699541 6446878757.0 0
1700909744111 6446510927.0 0
1700909789093 6444553608.0 0
1700909833789 6444210384.0 0
1700909878310 6445652657.0 0
1700909923002 6445505525.0 0
1700909967639 6445321610.0 0
1700910012666 6445223522.0 0
1700910056958 6443167761.0 0
1700910101502 6441038434.0 0
1700910146068 6440940346.0 0
1700910190675 6440866780.0 0
1700910235339 6440547994.0 0
1700910280000 6437633963.0 0
1700910324658 6437119001.0 0
1700910369230 6434818020.0 0
1700910413824 6432786781.0 0
1700910458408 6429762401.0 0
1700910503421 6429210656.0 0
1700910548508 6426836109.0 0
1700910593161 6426688977.0 0
1700910637841 6426713499.0 0
1700910682432 6426505062.0 0
1700910727644 6421228745.0 0
1700910773270 6420664739.0 0
1700910821470 6416393824.0 0
1700910869951 6416540956.0 0
1700910917569 6412601088.0 0
1700910962505 6406495110.0 0
1700911007139 6404512915.0 0
1700911052192 6397720321.0 0
1700911096829 6392849364.0 0
1700911141530 6385053276.0 0
1700911186091 6380342118.0 0
1700911230776 6375986442.0 0
1700911275686 6375540172.0 0
1700911320298 6375736348.0 0
1700911364921 6371391867.0 0
1700911409527 6371195691.0 0
1700911454460 6360916886.0 0
1700911499400 6361162106.0 0
1700911544217 6354749603.0 0
1700911588939 6352742886.0 0
1700911633626 6348729452.0 0
1700911678127 6344703757.0 0
1700911722814 6338070556.0 0
1700911767510 6334457648.0 0
1700911812046 6327628271.0 0
1700911856793 6323492227.0 0
1700911901273 6321657164.0 0
1700911945768 6318767655.0 0
1700911992080 6311693058.0 0
1700912040220 6305329599.0 0
1700912088340 6303249316.0 0
1700912134335 6303322882.0 0
1700912178653 6297057511.0 0
1700912223237 6290828923.0 0
1700912267811 6280525596.0 0
1700912313569 6274407357.0 0
1700912358497 6272813427.0 0
1700912403871 6256763778.0 0
1700912449385 6247674290.0 0
1700912494275 6237407746.0 0
1700912539390 6222471336.0 0
1700912584215 6212301282.0 0
1700912628805 6198837912.0 0
1700912673888 6180246612.0 0
1700912718825 6163024122.0 0
1700912763434 6142422510.0 0
1700912808456 6123096370.0 0
1700912853289 6104574980.0 0
1700912898079 6081392605.0 0
1700912942918 6063565665.0 0
1700912987672 6041261565.0 0
1700913032262 6018724620.0 0
1700913077024 6000101105.0 0
1700913121769 5982006328.0 0
1700913166346 5952871072.0 0
1700913211187 5925900336.0 0
1700913256531 5904528764.0 0
1700913301625 5883230704.0 0
1700913346985 5860503244.0 0
1700913391854 5837788036.0 0
1700913436560 5810596764.0 0
1700913481251 5785704909.0 0
1700913525798 5756723775.0 0
1700913570396 5740579593.0 0
1700913615008 5720683134.0 0
1700913659732 5701211022.0 0
1700913704566 5677956515.0 0
1700913748899 5654807438.0 0
1700913793987 5633891574.0 0
1700913838219 5606499648.0 0
1700913882681 5587961060.0 0
1700913930087 5567909976.0 0
1700913977870 5551279893.0 0
1700914026437 5522845492.0 0
1700914072286 5501050325.0 0
1700914117452 5487517250.0 0
1700914162489 5467712750.0 0
1700914207600 5450459200.0 0
1700914252011 5430006456.0 0
1700914296460 5409294240.0 0
1700914340982 5392284500.0 0
1700914385579 5377785924.0 0
1700914430357 5356694826.0 0
1700914475011 5333860056.0 0
1700914519408 5309086062.0 0
1700914563999 5293661808.0 0
1700914608969 5275382184.0 0
1700914653833 5256068376.0 0
1700914699266 5236111504.0 0
1700914744010 5219274402.0 0
1700914788230 5204040720.0 0
1700914872795 5184968085.0 0
1700914917452 5165895450.0 0
1700914962239 5152953741.0 0
1700915007043 5135941032.0 0
1700915051807 5117039379.0 0
1700915096440 5098847160.0 0
1700915141219 5081057190.0 0
1700915185989 5062633524.0 0
1700915230797 5041731071.0 0
1700915275609 5027457019.0 0
1700915320408 5010745636.0 0
1700915365188 4992710205.0 0
1700915409878 4976450588.0 0
1700915454668 4962913785.0 0
1700915499495 4944820470.0 0
1700915544281 4932970995.0 0
1700915589143 4921219080.0 0
1700915634030 4908478880.0 0
1700915678607 4897059040.0 0
1700915723460 4883729120.0 0
1700915768208 4870362624.0 0
1700915813214 4857105856.0 0
1700915858042 4841999968.0 0
1700915906737 4830025329.0 0
1700915954842 4812869784.0 0
1700916002904 4797044280.0 0
1700916047606 4784373020.0 0
1700916092602 4771677400.0 0
1700916137662 4760987420.0 0
1700916182321 4744073460.0 0
1700916227168 4733602720.0 0
1700916271895 4723326860.0 0
1700916316881 4713209340.0 0
1700916361764 4698910020.0 0
1700916406504 4690980840.0 0
1700916451295 4674797680.0 0
1700916496216 4667112100.0 0
1700916541059 4652849320.0 0
1700916585797 4639631832.0 0
1700916630379 4627925676.0 0
1700916675169 4618358613.0 0
1700916719899 4608815904.0 0
1700916764604 4597048863.0 0
1700916809174 4589499123.0 0
1700916853898 4578913286.0 0
1700916898742 4566352293.0 0
1700916943563 4554944009.0 0
1700916988244 4543937368.0 0
1700917032995 4533064608.0 0
1700917077652 4522021454.0 0
1700917122248 4508888945.0 0
1700917167020 4501975817.0 0
1700917211829 4493954712.0 0
1700917256584 4484978784.0 0
1700917301237 4476015024.0 0
1700917346055 4465071936.0 0
1700917390960 4458294360.0 0
1700917435626 4448257955.0 0
1700917480179 4441591535.0 0
1700917524879 4429692288.0 0
1700917569422 4418876216.0 0
1700917614069 4410172278.0 0
1700917659021 4401602122.0 0
1700917703765 4395204910.0 0
1700917748518 4386756374.0 0
1700917793171 4372141704.0 0
1700917841091 4363632358.0 0
1700917889970 4352974392.0 0
1700917938834 4346552856.0 0
1700917983516 4336016510.0 0
1700918028064 4326658560.0 0
1700918073027 4314207744.0 0
1700918117737 4303965813.0 0
1700918162427 4297825518.0 0
1700918207062 4289683041.0 0
1700918251915 4281577041.0 0
1700918296595 4275424587.0 0
1700918341358 4269357246.0 0
1700918385883 4258088772.0 0
1700918430614 4251974304.0 0
1700918475357 4246066488.0 0
1700918519961 4238023268.0 0
1700918564678 4225928048.0 0
1700918609353 4218808624.0 0
1700918654060 4208523135.0 0
1700918698500 4202470941.0 0
1700918743327 4193418600.0 0
1700918787996 4187586600.0 0
1700918832627 4181803200.0 0
1700918877223 4173049213.0 0
1700918922024 4165303476.0 0
1700918966698 4158615648.0 0
1700919011441 4150993264.0 0
1700919056183 4145407024.0 0
1700919100706 4137687488.0 0
1700919145420 4127749648.0 0
1700919190334 4121871952.0 0
1700919235063 4115183856.0 0
1700919280010 4107393381.0 0
1700919325101 4098662736.0 0
1700919369996 4091080532.0 0
1700919414513 4086579660.0 0
1700919459383 4079104851.0 0
1700919504208 4073787093.0 0
1700919548829 4066385130.0 0
1700919593628 4058983167.0 0
1700919638213 4051556922.0 0
1700919682887 4044239946.0 0
1700919727609 4035306422.0 0
1700919775359 4027408630.0 0
1700919824020 4020770450.0 0
1700919873115 4013202255.0 0
1700919918294 4005743275.0 0
1700919962937 4000549495.0 0
1700920007689 3993224000.0 0
1700920052350 3985825695.0 0
1700920097098 3978512335.0 0
1700920141669 3969273555.0 0
1700920186275 3964188990.0 0
1700920231149 3957081925.0 0
1700920275866 3949877780.0 0
1700920321011 3944696135.0 0
1700920365813 3937322100.0 0
1700920411008 3930033010.0 0
1700920455711 3922889540.0 0
1700920500550 3913723570.0 0
1700920545143 3908784625.0 0
1700920589786 3901920260.0 0
1700920634327 3897211880.0 0
1700920679084 3893356558.0 0
1700920723713 3886563324.0 0
1700920768257 3879879332.0 0
1700920812913 3875230478.0 0
1700920857410 3870545210.0 0
