1700908846261 0.0 0
1700908886715 0.0033809166040570998 0
1700908931514 0.007137490608564989 0
1700908978015 0.010894064613072877 0
1700909022954 0.014650638617580767 0
1700909067530 0.018407212622088654 0
1700909112171 0.022163786626596543 0
1700909156774 0.025920360631104433 0
1700909201436 0.029676934635612322 0
1700909246254 0.03343350864012021 0
1700909291531 0.0371900826446281 0
1700909338576 0.040946656649135986 0
1700909383502 0.04470323065364388 0
1700909428794 0.048459804658151764 0
1700909473750 0.05221637866265966 0
1700909518538 0.05597295266716754 0
1700909563147 0.05972952667167543 0
1700909607806 0.06348610067618332 0
1700909652466 0.06724267468069121 0
1700909697146 0.07099924868519909 0
1700909741686 0.07475582268970699 0
1700909786690 0.07851239669421488 0
1700909831402 0.08226897069872277 0
1700909875903 0.08602554470323065 0
1700909920561 0.08978211870773854 0
1700909965234 0.09353869271224644 0
1700910010269 0.09729526671675431 0
1700910054578 0.1010518407212622 0
1700910099114 0.1048084147257701 0
1700910143683 0.10856498873027799 0
1700910188308 0.11232156273478587 0
1700910232986 0.11607813673929376 0
1700910277622 0.11983471074380166 0
1700910322222 0.12359128474830954 0
1700910366847 0.12734785875281743 0
1700910411445 0.1311044327573253 0
1700910456038 0.1348610067618332 0
1700910501027 0.1386175807663411 0
1700910546073 0.142374154770849 0
1700910590774 0.14613072877535688 0
1700910635442 0.14988730277986476 0
1700910680046 0.15364387678437266 0
1700910725281 0.15740045078888054 0
1700910770818 0.16115702479338842 0
1700910818927 0.16491359879789633 0
1700910867390 0.1686701728024042 0
1700910915070 0.17242674680691208 0
1700910960050 0.17618332081142 0
1700911004741 0.17993989481592787 0
1700911049754 0.18369646882043575 0
1700911094425 0.18745304282494366 0
1700911139105 0.19120961682945153 0
1700911183688 0.19496619083395944 0
1700911228372 0.19872276483846732 0
1700911273301 0.2024793388429752 0
1700911317882 0.2062359128474831 0
1700911362510 0.20999248685199098 0
1700911407118 0.21374906085649886 0
1700911452065 0.21750563486100677 0
1700911496991 0.22126220886551465 0
1700911541793 0.22501878287002253 0
1700911586502 0.22877535687453043 0
1700911631222 0.2325319308790383 0
1700911675704 0.23628850488354622 0
1700911720394 0.2400450788880541 0
1700911765117 0.24380165289256198 0
1700911809680 0.24755822689706988 0
1700911854385 0.25131480090157776 0
1700911898830 0.25507137490608567 0
1700911943389 0.2588279489105935 0
1700911989556 0.2625845229151014 0
1700912037721 0.26634109691960933 0
1700912085873 0.2700976709241172 0
1700912131969 0.2738542449286251 0
1700912176269 0.277610818933133 0
1700912220810 0.28136739293764085 0
1700912265378 0.28512396694214875 0
1700912311170 0.28888054094665666 0
1700912356102 0.2926371149511645 0
1700912401458 0.2963936889556724 0
1700912446897 0.3001502629601803 0
1700912491787 0.30390683696468823 0
1700912536918 0.3076634109691961 0
1700912581840 0.311419984973704 0
1700912626424 0.3151765589782119 0
1700912671474 0.31893313298271975 0
1700912716430 0.32268970698722765 0
1700912761058 0.32644628099173556 0
1700912806066 0.3302028549962434 0
1700912850901 0.3339594290007513 0
1700912895665 0.3377160030052592 0
1700912940529 0.3414725770097671 0
1700912985265 0.345229151014275 0
1700913029885 0.3489857250187829 0
1700913074591 0.35274229902329074 0
1700913119385 0.35649887302779865 0
1700913163950 0.36025544703230655 0
1700913208788 0.3640120210368144 0
1700913254171 0.3677685950413223 0
1700913299198 0.3715251690458302 0
1700913344558 0.37528174305033807 0
1700913389509 0.379038317054846 0
1700913434141 0.3827948910593539 0
1700913478886 0.38655146506386173 0
1700913523442 0.39030803906836964 0
1700913568007 0.39406461307287755 0
1700913612603 0.39782118707738545 0
1700913657309 0.4015777610818933 0
1700913701880 0.4053343350864012 0
1700913746517 0.4090909090909091 0
1700913791574 0.41284748309541697 0
1700913835861 0.4166040570999249 0
1700913880317 0.4203606311044328 0
1700913927509 0.42411720510894063 0
1700913975335 0.42787377911344854 0
1700914023891 0.43163035311795644 0
1700914069914 0.4353869271224643 0
1700914115076 0.4391435011269722 0
1700914160113 0.4429000751314801 0
1700914205227 0.44665664913598796 0
1700914249645 0.45041322314049587 0
1700914294054 0.4541697971450038 0
1700914338575 0.4579263711495116 0
1700914383169 0.46168294515401953 0
1700914427885 0.46543951915852744 0
1700914472592 0.4691960931630353 0
1700914517016 0.4729526671675432 0
1700914561655 0.4767092411720511 0
1700914606512 0.48046581517655895 0
1700914651452 0.48422238918106686 0
1700914696868 0.48797896318557477 0
1700914741641 0.49173553719008267 0
1700914785877 0.4954921111945905 0
1700914870431 0.49924868519909843 0
1700914915088 0.5 0
1700914959831 0.5 0
1700915004674 0.5 0
1700915049407 0.5 0
1700915094086 0.5 0
1700915138813 0.5 0
1700915183589 0.5 0
1700915228445 0.5 0
1700915273269 0.5 0
1700915318026 0.5 0
1700915362810 0.5 0
1700915407529 0.5 0
1700915452285 0.5 0
1700915497069 0.5 0
1700915541868 0.5 0
1700915586745 0.5 0
1700915631605 0.5 0
1700915676236 0.5 0
1700915721061 0.5 0
1700915765819 0.5 0
1700915810770 0.5 0
1700915855565 0.5 0
1700915904087 0.5 0
1700915952358 0.5 0
1700916000391 0.5 0
1700916045245 0.5 0
1700916090214 0.5 0
1700916135257 0.5 0
1700916179933 0.5 0
1700916224785 0.5 0
1700916269509 0.5 0
1700916314449 0.5 0
1700916359361 0.5 0
1700916404109 0.5 0
1700916448913 0.5 0
1700916493858 0.5 0
1700916538673 0.5 0
1700916583409 0.5 0
1700916628009 0.5 0
1700916672784 0.5 0
1700916717541 0.5 0
1700916762235 0.5 0
1700916806820 0.5 0
1700916851497 0.5 0
1700916896377 0.5 0
1700916941235 0.5 0
1700916985861 0.5 0
1700917030617 0.5 0
1700917075264 0.5 0
1700917119862 0.5 0
1700917164657 0.5 0
1700917209455 0.5 0
1700917254219 0.5 0
1700917298897 0.5 0
1700917343645 0.5 0
1700917388585 0.5 0
1700917433152 0.5 0
1700917477845 0.5 0
1700917522509 0.5 0
1700917567069 0.5 0
1700917611708 0.5 0
1700917656541 0.5 0
1700917701345 0.5 0
1700917746058 0.5 0
1700917790793 0.5 0
1700917838633 0.5 0
1700917887413 0.5 0
1700917936302 0.5 0
1700917981126 0.5 0
1700918025639 0.5 0
1700918070669 0.5 0
1700918115369 0.5 0
1700918160069 0.5 0
1700918204709 0.5 0
1700918249546 0.5 0
1700918294249 0.5 0
1700918338992 0.5 0
1700918383529 0.5 0
1700918428253 0.5 0
1700918472995 0.5 0
1700918517578 0.5 0
1700918562301 0.5 0
1700918606959 0.5 0
1700918651664 0.5 0
1700918696157 0.5 0
1700918740933 0.5 0
1700918785643 0.5 0
1700918830222 0.5 0
1700918874866 0.5 0
1700918919641 0.5 0
1700918964304 0.5 0
1700919009051 0.5 0
1700919053789 0.5 0
1700919098362 0.5 0
1700919143049 0.5 0
1700919187945 0.5 0
1700919232594 0.5 0
1700919277565 0.5 0
1700919322615 0.5 0
1700919367561 0.5 0
1700919412165 0.5 0
1700919457021 0.5 0
1700919501821 0.5 0
1700919546473 0.5 0
1700919591225 0.5 0
1700919635837 0.5 0
1700919680497 0.5 0
1700919725210 0.5 0
1700919772832 0.5 0
1700919821438 0.5 0
1700919870653 0.5 0
1700919915918 0.5 0
1700919960579 0.5 0
1700920005281 0.5 0
1700920049992 0.5 0
1700920094666 0.5 0
1700920139274 0.5 0
1700920183949 0.5 0
1700920228769 0.5 0
1700920273535 0.5 0
1700920318633 0.5 0
1700920363445 0.5 0
1700920408553 0.5 0
1700920453369 0.5 0
1700920498205 0.5 0
1700920542772 0.5 0
1700920587393 0.5 0
1700920631974 0.5 0
1700920676721 0.5 0
1700920721337 0.5 0
1700920765908 0.5 0
1700920810505 0.5 0
1700920855056 0.5 0
