1700310552239 0.348046875 0
1700310624001 1.403662109375 0
1700310703838 1.34560546875 0
1700310787024 1.58056640625 0
1700310867467 1.332080078125 0
1700310947477 8.9837890625 0
1700311027365 1.7888671875 0
1700311110051 1.30263671875 0
1700311192724 1.41181640625 0
1700311272565 9.28203125 0
1700311352533 7.24990234375 0
1700311435830 1.91279296875 0
1700311515841 1.6712890625 0
1700311595866 1.609375 0
1700311675822 1.95576171875 0
1700311755765 2.05771484375 0
1700311835630 1.61064453125 0
1700311915605 1.6220703125 0
1700311995502 2.2591796875 0
1700312075537 1.80537109375 0
1700312155377 5.93203125 0
1700312235353 2.56240234375 0
1700312315281 2.03740234375 0
1700312395292 1.8693359375 0
1700312475114 2.974609375 0
1700312554973 1.63623046875 0
1700312634718 1.64931640625 0
1700312714450 1.62109375 0
1700312794257 1.93623046875 0
1700312874055 1.5955078125 0
1700312953941 1.70498046875 0
1700313037043 1.69599609375 0
1700313117063 1.5697265625 0
1700313197116 1.88857421875 0
1700313280005 1.69892578125 0
1700313364590 1.6775390625 0
1700313444497 1.846484375 0
1700313525069 1.8080078125 0
1700313604809 1.67763671875 0
1700313684693 1.74423828125 0
1700313764606 1.76650390625 0
1700313847673 1.9283203125 0
1700313927560 1.78515625 0
1700314007445 1.7841796875 0
1700314087378 1.75263671875 0
1700314167211 1.850390625 0
1700314247082 1.71884765625 0
1700314326878 1.90009765625 0
1700314406681 8.235546875 0
1700314489937 1.98056640625 0
1700314570013 7.2302734375 0
1700314650015 2.164453125 0
1700314733195 2.46318359375 0
1700314814817 2.19384765625 0
1700314894889 2.103125 0
1700314974713 2.12548828125 0
1700315054553 2.78251953125 0
1700315134320 2.35341796875 0
1700315214174 2.03173828125 0
1700315294027 2.56748046875 0
1700315373640 2.09697265625 0
1700315453677 2.2263671875 0
1700315533659 2.3107421875 0
1700315613501 2.22607421875 0
1700315696594 2.1814453125 0
1700315776478 2.31484375 0
1700315856488 2.38701171875 0
1700315936351 2.27421875 0
1700316019365 2.3537109375 0
1700316099100 2.345703125 0
1700316181541 2.323046875 0
1700316264728 3.82919921875 0
1700316344641 2.5587890625 0
1700316424633 2.599609375 0
1700316504342 2.475 0
1700316584150 3.0044921875 0
1700316664029 2.5841796875 0
1700316743769 2.8146484375 0
1700316823589 2.650390625 0
1700316903368 4.0875 0
1700316983268 2.6041015625 0
1700317063132 3.0783203125 0
1700317143915 2.9421875 0
1700317223830 3.0193359375 0
1700317303717 2.6603515625 0
1700317383552 3.1162109375 0
1700317463380 6.769140625 0
1700317543061 3.169140625 0
1700317622921 3.141015625 0
1700317702937 4.453515625 0
1700317782694 3.544921875 0
1700317862480 3.4263671875 0
1700317942373 4.3748046875 0
1700318022615 3.535546875 0
1700318106507 3.7263671875 0
1700318187482 3.84765625 0
1700318267488 3.448046875 0
1700318347281 6.67890625 0
1700318427226 3.7654296875 0
1700318506981 3.8416015625 0
1700318586748 3.7009765625 0
1700318666638 5.845703125 0
1700318746461 4.310546875 0
1700318826393 3.932421875 0
1700318906410 3.9697265625 0
1700318986367 4.14921875 0
1700319069473 3.9923828125 0
1700319149198 4.0125 0
1700319229026 4.1544921875 0
1700319308905 4.08046875 0
1700319388577 3.9357421875 0
1700319468320 4.2703125 0
1700319547933 6.321875 0
1700319627653 4.4083984375 0
1700319707470 6.208203125 0
1700319787305 6.090234375 0
1700319867258 4.585546875 0
1700319946977 4.49375 0
1700320026640 5.0296875 0
1700320106352 4.6755859375 0
1700320186045 4.544921875 0
1700320270785 5.359375 0
1700320354210 5.069140625 0
1700320434360 5.464453125 0
1700320514289 5.4859375 0
1700320594105 5.71328125 0
1700320673939 6.1015625 0
1700320754698 5.987890625 0
1700320834573 6.316796875 0
1700320914489 5.959765625 0
1700320994234 6.710546875 0
1700321074147 6.488671875 0
1700321154153 6.6125 0
1700321234090 7.058203125 0
1700321314055 6.63046875 0
1700321393951 6.8984375 0
1700321473833 7.068359375 0
1700321553786 6.936328125 0
1700321633917 8.3515625 0
1700321713862 7.286328125 0
1700321796233 7.47109375 0
1700321879097 7.58515625 0
1700321958922 8.000390625 0
1700322038805 7.6140625 0
1700322118601 7.883203125 0
1700322198540 8.051953125 0
1700322278539 7.8234375 0
1700322358461 9.06953125 0
1700322438448 8.5265625 0
1700322518409 8.1609375 0
1700322598421 8.448046875 0
1700322678405 8.412890625 0
1700322758568 8.4671875 0
1700322838413 8.673828125 0
1700322918253 8.785546875 0
1700322998301 8.745703125 0
1700323078241 9.49453125 0
1700323158047 8.91796875 0
1700323237919 10.04296875 0
1700323317961 9.56484375 0
1700323398823 9.02265625 0
1700323482434 9.073046875 0
1700323563776 9.57265625 0
1700323680845 9.8328125 0
1700323761189 8.9296875 0
1700323841830 9.45703125 0
1700323922223 10.134375 0
1700324002689 9.7734375 0
1700324083081 9.77890625 0
1700324163500 10.03984375 0
1700324243909 9.77109375 0
1700324324521 9.37109375 0
1700324405662 9.80078125 0
1700324486007 10.26171875 0
1700324566373 10.0328125 0
1700324646758 10.31796875 0
1700324727473 11.9109375 0
1700324807944 10.38125 0
1700324888302 10.05 0
1700324968761 10.8296875 0
1700325049125 10.8765625 0
1700325129521 10.6875 0
1700325210169 10.60859375 0
1700325290896 10.9 0
1700325371286 11.0921875 0
1700325451858 10.42265625 0
1700325532293 10.80546875 0
1700325612621 10.02890625 0
1700325693061 11.6265625 0
1700325773401 10.678125 0
1700325856316 10.77890625 0
1700325939634 11.05546875 0
1700326019988 10.60625 0
1700326100231 11.22421875 0
1700326180413 11.3578125 0
1700326260850 11.690625 0
1700326341377 11.490625 0
1700326421601 11.2390625 0
1700326502066 11.54609375 0
1700326582426 11.678125 0
1700326662845 11.05546875 0
1700326743270 11.5421875 0
1700326823523 11.59921875 0
1700326903989 11.9328125 0
1700326984522 11.58671875 0
1700327068190 12.54453125 0
1700327150132 12.21640625 0
1700327230590 12.475 0
1700327311047 12.56953125 0
1700327391293 12.29453125 0
1700327471701 12.4203125 0
1700327552020 12.3203125 0
1700327632332 11.61015625 0
1700327712677 12.4125 0
1700327793095 12.42109375 0
1700327873560 14.57265625 0
1700327954074 12.8671875 0
1700328035621 13.01875 0
1700328115948 13.271875 0
1700328196247 12.8640625 0
1700328276525 12.884375 0
1700328356933 13.19453125 0
1700328437229 13.3703125 0
1700328517501 12.72109375 0
1700328597972 13.38359375 0
1700328678333 13.2015625 0
1700328758643 13.7125 0
1700328838965 13.23828125 0
1700328919278 14.01484375 0
1700328999616 14.625 0
1700329080085 13.27578125 0
1700329162751 13.6359375 0
1700329246689 13.5265625 0
1700329327028 13.86328125 0
1700329407474 13.66015625 0
1700329487596 13.659375 0
1700329567894 13.5140625 0
1700329648167 13.928125 0
1700329728410 13.6078125 0
1700329811904 14.43984375 0
1700329892097 14.290625 0
1700329972550 14.58515625 0
1700330052662 14.27431640625 0
1700330133113 14.3078125 0
1700330213413 14.7828125 0
1700330293633 13.9140625 0
1700330373886 14.2375 0
1700330454102 14.77421875 0
1700330534437 14.36484375 0
1700330614819 14.90625 0
1700330695085 15.47578125 0
1700330775277 16.1828125 0
1700330857826 14.5984375 0
1700330941476 15.6921875 0
1700331021794 14.90546875 0
1700331102009 14.9921875 0
1700331182305 15.47109375 0
1700331262621 15.3234375 0
1700331343050 15.2453125 0
1700331423366 15.7875 0
1700331503756 15.28984375 0
1700331584363 15.69140625 0
1700331665309 16.04609375 0
1700331745540 15.5453125 0
1700331825589 16.07109375 0
1700331905801 15.9734375 0
1700331985937 15.70703125 0
1700332066221 15.44609375 0
1700332146440 16.43515625 0
1700332226567 16.61796875 0
1700332306680 16.5375 0
1700332386804 16.4546875 0
1700332466879 16.9125 0
1700332546989 18.9765625 0
1700332627117 16.3 0
1700332707375 16.16796875 0
1700332789505 16.70390625 0
1700332873125 16.68515625 0
1700332953356 17.19765625 0
1700333033617 17.01484375 0
1700333113773 17.0390625 0
1700333193901 17.0234375 0
1700333274129 17.5421875 0
1700333354324 16.30859375 0
1700333434468 16.546875 0
1700333514741 16.809375 0
1700333595028 18.27578125 0
1700333678835 17.7375 0
1700333758833 17.69375 0
1700333839013 17.8609375 0
1700333919281 17.03125 0
1700333999289 18.0125 0
1700334079555 18.2046875 0
1700334159613 18.728125 0
1700334241040 17.90625 0
1700334324950 19.9328125 0
1700334409407 18.76484375 0
1700334489557 18.36796875 0
1700334569591 18.4578125 0
1700334649882 18.82109375 0
1700334730063 19.134375 0
1700334810120 19.4546875 0
1700334890291 19.1859375 0
1700334970362 20.0140625 0
1700335050418 19.190625 0
1700335130577 19.0375 0
1700335211483 18.7171875 0
1700335291457 19.36875 0
1700335371506 19.5171875 0
1700335451710 19.421875 0
1700335531729 19.0046875 0
1700335611817 19.3359375 0
1700335691894 19.140625 0
1700335771958 19.34375 0
1700335852434 20.3171875 0
1700335932716 19.690625 0
1700336012733 20.2953125 0
1700336092801 20.75 0
1700336172971 19.065625 0
1700336253317 20.5265625 0
1700336333697 20.634375 0
1700336414225 20.153125 0
1700336494359 21.4953125 0
1700336574796 20.6890625 0
1700336656397 20.6984375 0
1700336740751 20.7421875 0
1700336822285 21.1296875 0
1700336950630 20.3578125 0
1700337034193 21.9046875 0
1700337114580 21.2640625 0
1700337194943 20.678125 0
1700337275429 20.4375 0
1700337355991 21.425 0
1700337436381 22.7953125 0
1700337516648 21.09375 0
1700337596853 21.225 0
1700337677231 21.1828125 0
1700337757941 21.4453125 0
1700337838601 20.453125 0
1700337918895 21.0203125 0
1700337999289 21.0984375 0
1700338079742 21.25625 0
1700338160030 20.69375 0
1700338240409 21.3890625 0
1700338320677 20.0734375 0
1700338402100 20.2140625 0
1700338485970 20.6921875 0
1700338567038 20.5546875 0
1700338647386 21.9890625 0
1700338727603 20.75625 0
1700338808106 20.5484375 0
1700338889120 21.3765625 0
1700338969404 20.5890625 0
1700339049916 23.0828125 0
1700339130433 20.628125 0
1700339210792 22.0421875 0
1700339290903 21.2953125 0
1700339371062 20.9703125 0
1700339451577 20.490625 0
1700339531877 20.453125 0
1700339612165 20.1296875 0
1700339692468 20.5640625 0
1700339773208 21.2859375 0
1700339854128 20.359375 0
1700339934663 19.8109375 0
1700340018239 20.5703125 0
1700340101504 21.23125 0
1700340182197 20.1953125 0
1700340262377 20.128125 0
1700340342467 20.4484375 0
1700340422516 20.20625 0
1700340502825 20.5078125 0
1700340583089 20.2796875 0
1700340666733 19.753125 0
1700340746902 20.665625 0
1700340827167 21.1453125 0
1700340910723 21.15625 0
1700340990800 20.9875 0
1700341070958 20.9609375 0
1700341151333 21.8078125 0
1700341231785 20.4765625 0
1700341313254 20.7203125 0
1700341397246 20.9609375 0
1700341478645 20.5796875 0
1700341559012 21.296875 0
1700341639217 20.2125 0
1700341719589 20.4640625 0
1700341800126 20.30625 0
1700341880518 20.3140625 0
1700341960841 20.3203125 0
1700342041192 20.521875 0
1700342121753 20.08125 0
1700342202088 20.5265625 0
1700342282391 20.31875 0
1700342362713 20.5859375 0
1700342443482 20.465625 0
1700342523880 21.390625 0
1700342604153 20.390625 0
1700342684453 20.2703125 0
1700342764487 20.7640625 0
1700342844696 20.4640625 0
1700342924885 20.58125 0
1700343005092 19.5140625 0
1700343085385 20.65625 0
1700343165892 21.0875 0
1700343246233 19.871875 0
1700343326547 21.378125 0
1700343406721 21.053125 0
1700343487261 20.996875 0
1700343567789 21.2609375 0
1700343648365 19.75625 0
1700343728637 19.609375 0
1700343810194 20.2828125 0
1700343894230 20.1890625 0
1700343975125 20.04375 0
1700344055704 21.2625 0
1700344136301 20.8109375 0
1700344216544 20.0875 0
1700344296609 20.2359375 0
1700344376784 19.925 0
1700344457061 19.671875 0
1700344537281 21.78125 0
1700344617507 20.2609375 0
1700344697909 21.7625 0
1700344778321 21.3765625 0
1700344858636 20.23125 0
1700344938900 20.7234375 0
1700345019493 22.08125 0
1700345099933 20.178125 0
1700345180320 20.0890625 0
1700345260649 19.15 0
1700345340949 20.2921875 0
1700345421290 20.590625 0
1700345501996 20.15625 0
1700345582185 19.9984375 0
1700345663988 19.534375 0
1700345747720 19.5875 0
1700345832093 21.0890625 0
1700345912645 20.90625 0
1700345992985 20.75 0
1700346077561 19.79375 0
1700346157680 20.5859375 0
1700346237759 20.54375 0
1700346318085 20.1578125 0
1700346398288 20.975 0
1700346478837 20.4703125 0
1700346559192 20.746875 0
1700346639631 20.646875 0
1700346720028 19.65625 0
1700346800485 20.2109375 0
1700346880745 20.3234375 0
1700346961157 20.096875 0
1700347041397 19.98125 0
1700347121604 20.7953125 0
1700347203181 19.2953125 0
1700347287243 19.9890625 0
1700347368740 21.18125 0
1700347449076 20.275 0
1700347529429 20.04375 0
1700347609740 20.0390625 0
1700347690093 20.3875 0
1700347770228 19.4953125 0
1700347850699 20.8375 0
1700347930907 19.6703125 0
1700348011314 20.296875 0
1700348094870 20.3296875 0
1700348175134 19.6203125 0
1700348255517 20.0609375 0
1700348335793 20.2546875 0
1700348415894 20.125 0
1700348496106 19.971875 0
1700348576582 21.040625 0
1700348656941 21.9453125 0
1700348737125 20.1234375 0
1700348817297 20.4484375 0
1700348897720 21.2578125 0
1700348978304 19.7546875 0
1700349062237 21.1734375 0
1700349144645 19.6359375 0
1700349225021 20.775 0
1700349305485 19.6625 0
1700349385839 19.94375 0
1700349466221 20.1625 0
1700349546653 20.5578125 0
1700349627113 21.040625 0
1700349708466 19.3875 0
1700349788713 19.325 0
1700349869104 19.7734375 0
1700349949388 20.0859375 0
1700350029686 20.946875 0
1700350311115 19.534375 0
1700350391441 20.1828125 0
1700350471885 19.575 0
1700350552329 19.5859375 0
1700350632661 20.957421875 0
1700350712797 20.203125 0
1700350793184 20.6765625 0
1700350874218 19.928125 0
1700350958134 20.3515625 0
1700351039699 20.3 0
1700351119989 19.9734375 0
1700351200393 27.5875 0
1700351280820 20.4453125 0
1700351361180 20.1953125 0
1700351441612 20.2328125 0
1700351522033 19.8375 0
1700351602217 20.34375 0
1700351682621 20.303125 0
1700351766304 20.471875 0
1700351846659 19.5390625 0
1700351926937 19.7484375 0
1700352006875 19.50625 0
1700352087288 21.109375 0
1700352168307 20.4265625 0
1700352251969 19.8703125 0
1700352333449 19.35 0
1700352413973 19.93125 0
1700352494510 21.021875 0
1700352574829 21.178125 0
1700352655128 19.865625 0
1700352735391 19.7859375 0
1700352815767 20.43125 0
1700352895937 19.4875 0
1700352976229 19.86875 0
1700353056365 20.31875 0
1700353136642 20.084375 0
1700353217043 20.16875 0
1700353297960 19.759375 0
1700353378128 19.8265625 0
1700353458485 19.890625 0
1700353538882 20.296875 0
1700353619193 20.1671875 0
1700353699290 20.190625 0
1700353779625 20.146875 0
1700353861554 19.90625 0
1700353945987 20.5015625 0
1700354027308 20.29375 0
1700354107495 20.2171875 0
1700354187715 19.3515625 0
1700354267881 19.9078125 0
1700354348089 19.95 0
1700354428606 20.625 0
1700354509101 19.5921875 0
1700354589413 20.696875 0
1700354669828 21.2203125 0
1700354750383 20.85 0
1700354830985 19.8453125 0
1700354911305 20.45625 0
1700354991805 20.4875 0
1700355072085 20.490625 0
1700355152386 19.8375 0
1700355232653 19.9890625 0
1700355312937 19.659375 0
1700355393385 20.2375 0
1700355473575 19.75625 0
1700355556989 19.6421875 0
1700355637349 20.8671875 0
1700355717432 19.9 0
1700355797676 19.3484375 0
1700355877936 20.04375 0
1700355958174 19.1421875 0
1700356038509 20.0453125 0
1700356118871 20.2578125 0
1700356199424 23.26875 0
1700356283467 19.515625 0
1700356366584 19.2859375 0
1700356446789 20.325 0
1700356527243 20.165625 0
1700356607673 20.5078125 0
1700356688021 20.596875 0
1700356768321 20.0328125 0
1700356848661 20.2703125 0
1700356930162 19.7859375 0
1700357010553 19.75 0
1700357091085 18.8265625 0
1700357171445 20.0453125 0
1700357251691 19.75625 0
1700357331974 20.8109375 0
1700357412209 19.5078125 0
1700357492400 18.86875 0
1700357572588 18.6984375 0
1700357652886 19.896875 0
1700357733293 19.7984375 0
1700357813442 19.684375 0
1700357893815 19.0625 0
1700357974033 19.3375 0
1700358054459 20.1859375 0
1700358138486 21.4078125 0
1700358220889 20.7625 0
1700358301496 19.4109375 0
1700358381869 18.9390625 0
1700358462137 20.5875 0
1700358542484 20.384375 0
1700358622730 19.4578125 0
1700358703268 19.2375 0
1700358783333 19.8984375 0
1700358863412 19.8546875 0
1700358943731 20.434375 0
1700359024163 19.4265625 0
1700359104283 18.1703125 0
1700359184490 19.7546875 0
1700359268675 20.0578125 0
1700359353663 21.0171875 0
1700359435690 19.515625 0
1700359515937 19.878125 0
1700359596202 19.625 0
1700359676420 20.0296875 0
1700359756737 20.3109375 0
1700359837181 19.51875 0
1700359917605 19.4328125 0
1700359998192 19.0875 0
1700360078604 19.95625 0
1700360158949 19.4015625 0
1700360239433 20.6015625 0
1700360319836 20.31875 0
1700360400184 21.0625 0
1700360480333 19.596875 0
1700360560977 19.6234375 0
1700360641298 20.103125 0
1700360721511 20.5328125 0
1700360801837 19.5140625 0
1700360882362 19.5625 0
1700360962705 19.115625 0
1700361043021 19.2921875 0
1700361123228 19.4671875 0
1700361203412 19.7984375 0
1700361283728 20.875 0
1700361364209 20.1828125 0
1700361444593 19.0625 0
1700361524797 19.678125 0
1700361604946 19.7796875 0
1700361685236 19.7640625 0
1700361765557 19.33125 0
1700361848118 19.7171875 0
1700361932175 19.49375 0
1700362012493 20.075 0
1700362092793 19.909375 0
1700362173191 19.3125 0
1700362253524 20.1359375 0
1700362333637 19.5234375 0
1700362414019 19.528125 0
1700362494320 20.3953125 0
1700362574649 19.653125 0
1700362654889 19.73125 0
1700362735149 19.44375 0
1700362815569 19.4953125 0
1700362895817 19.628125 0
1700362976049 19.1953125 0
1700363056498 20.20625 0
1700363136791 19.8171875 0
1700363216913 19.7109375 0
1700363297240 19.3109375 0
1700363377713 19.3171875 0
1700363455112 19.5640625 0
1700363746196 20.3015625 0
1700363826717 18.6359375 0
1700363906913 20.278125 0
1700363987147 19.8640625 0
1700364067582 18.9296875 0
1700364148945 20.0046875 0
1700364229214 19.98125 0
1700364309638 20.128125 0
1700364389818 20.2453125 0
1700364470046 19.740625 0
1700364550488 19.428125 0
1700364630815 20.6921875 0
1700364713170 19.225 0
1700364796707 19.66875 0
1700364877232 19.375 0
1700364957796 19.8234375 0
1700365037994 19.625 0
1700365118397 20.0078125 0
1700365198853 19.5734375 0
1700365279125 20.05625 0
1700365359478 19.3359375 0
1700365439624 19.1328125 0
1700365520068 20.1734375 0
1700365600609 20.346875 0
1700365680892 19.3 0
1700365761484 19.2515625 0
1700365841754 19.6328125 0
1700365922093 21.28125 0
1700366002494 19.66875 0
1700366082784 19.2046875 0
1700366162913 19.4703125 0
1700366243343 19.7296875 0
1700366323703 19.1859375 0
1700366404396 20.775 0
1700366484641 19.925 0
1700366565271 18.5875 0
1700366645682 20.978125 0
1700366725997 19.6703125 0
1700366806519 19.015625 0
1700366886796 19.846875 0
1700366967089 19.4375 0
1700367047267 19.684375 0
1700367127534 18.73359375 0
1700367207941 20.240625 0
1700367291716 19.4265625 0
1700367374869 20.76875 0
1700367455209 18.8859375 0
1700367535508 19.96875 0
1700367615996 19.340625 0
1700367696391 19.7234375 0
1700367777389 18.8890625 0
1700367857630 20.0984375 0
1700367938073 19.1625 0
1700368018990 20.715625 0
1700368099400 19.775 0
1700368179410 19.3515625 0
1700368259549 19.1265625 0
1700368340737 20.2578125 0
1700368424515 19.3703125 0
1700368505592 19.240625 0
1700368585804 19.3671875 0
1700368665985 19.48125 0
1700368746296 19.96875 0
1700368826613 19.1046875 0
1700368906985 20.3484375 0
1700368987285 19.5625 0
1700369067844 19.634375 0
1700369148301 19.8984375 0
1700369232184 19.2703125 0
1700369312509 18.9984375 0
1700369392893 18.6671875 0
1700369473181 18.865625 0
1700369553253 18.353125 0
1700369633628 19.646875 0
1700369714189 18.9453125 0
1700369794484 19.415625 0
1700369874803 21.1359375 0
1700369955185 20.309375 0
1700370035463 21.1375 0
1700370119385 20.3359375 0
1700370199944 18.79375 0
1700370283790 19.140625 0
1700370364346 20.253125 0
1700370444769 19.10625 0
1700370525517 19.103125 0
1700370609907 20.4375 0
1700370691940 19.175 0
1700370772032 20.2296875 0
1700370852443 19.2703125 0
1700370932749 20.0609375 0
1700371012977 20.2140625 0
1700371093220 19.9953125 0
1700371173353 19.71875 0
1700371253610 19.7359375 0
1700371333949 19.19375 0
1700371415064 18.8484375 0
1700371495101 18.740625 0
1700371575221 19.940625 0
1700371655458 19.578125 0
1700371735398 19.95625 0
1700371815412 19.4296875 0
1700371895517 19.7125 0
1700371975473 19.240625 0
1700372055621 20.01875 0
1700372135737 19.646875 0
1700372215857 18.7921875 0
1700372296017 20.2796875 0
1700372377133 19.109375 0
1700372460749 19.325 0
1700372542469 20.7015625 0
1700372622748 19.740625 0
1700372702872 19.5890625 0
1700372782916 18.7859375 0
1700372863013 19.546875 0
1700372943199 19.2109375 0
1700373023281 20.7125 0
1700373103517 20.2328125 0
1700373183573 19.65625 0
1700373263778 20.596875 0
1700373343956 19.3796875 0
1700373424224 20.2078125 0
1700373504385 19.1984375 0
1700373584597 19.0609375 0
1700373664793 19.4375 0
1700373744877 19.09375 0
1700373826318 19.7578125 0
1700373910015 20.2875 0
1700373990841 19.0453125 0
1700374071200 19.896875 0
1700374151269 19.23125 0
1700374231273 19.559375 0
1700374311305 19.0921875 0
1700374391433 19.196875 0
1700374471537 19.1546875 0
1700374551439 18.91875 0
1700374631433 19.6375 0
1700374711450 19.10625 0
1700374791569 18.021875 0
1700374871805 19.94375 0
1700374952001 19.6109375 0
1700375033284 19.5859375 0
1700375113437 19.6609375 0
1700375193620 18.8734375 0
1700375273665 19.3953125 0
1700375353713 19.953125 0
1700375433911 19.6640625 0
1700375514052 20.5453125 0
1700375594181 20.26328125 0
1700375674110 19.753125 0
1700375754221 18.8359375 0
1700375834485 19.6140625 0
1700375915435 18.9828125 0
1700375999391 18.7359375 0
1700376080774 19.9265625 0
1700376160845 19.1125 0
1700376240920 19.296875 0
1700376321113 20.1671875 0
1700376401401 20.0015625 0
1700376481409 19.6765625 0
1700376561638 19.55625 0
1700376641949 19.325 0
1700376722141 18.9359375 0
1700376802245 20.1296875 0
