1700310552242 0.0013113617897033691 0
1700310624006 0.004042625427246094 0
1700310703842 0.004172861576080322 0
1700310787028 0.00428086519241333 0
1700310867471 0.004371762275695801 0
1700310947482 0.004476666450500488 0
1700311027370 0.004576146602630615 0
1700311110055 0.004669606685638428 0
1700311192727 0.004743218421936035 0
1700311272569 0.005249202251434326 0
1700311352536 0.005460679531097412 0
1700311435834 0.005606949329376221 0
1700311515845 0.005709290504455566 0
1700311595870 0.005839109420776367 0
1700311675826 0.005936682224273682 0
1700311755770 0.0060340166091918945 0
1700311835634 0.006145596504211426 0
1700311915609 0.006225168704986572 0
1700311995506 0.006284892559051514 0
1700312075541 0.00636821985244751 0
1700312155381 0.006500065326690674 0
1700312235357 0.006724119186401367 0
1700312315286 0.006874740123748779 0
1700312395296 0.006986498832702637 0
1700312475118 0.0070896148681640625 0
1700312554977 0.007232964038848877 0
1700312634722 0.007453024387359619 0
1700312714454 0.007552385330200195 0
1700312794261 0.007572948932647705 0
1700312874059 0.007647871971130371 0
1700312953945 0.007855117321014404 0
1700313037046 0.008259832859039307 0
1700313117067 0.008167743682861328 0
1700313197121 0.008521616458892822 0
1700313280010 0.008961975574493408 0
1700313364594 0.009442806243896484 0
1700313444502 0.010009527206420898 0
1700313525073 0.011145472526550293 0
1700313604814 0.011771321296691895 0
1700313684698 0.011843085289001465 0
1700313764611 0.0120772123336792 0
1700313847677 0.012389719486236572 0
1700313927565 0.013003885746002197 0
1700314007449 0.013690948486328125 0
1700314087382 0.014436483383178711 0
1700314167215 0.015232563018798828 0
1700314247086 0.016445517539978027 0
1700314326882 0.017664551734924316 0
1700314406685 0.018607497215270996 0
1700314489942 0.020029783248901367 0
1700314570017 0.020787358283996582 0
1700314650019 0.022120177745819092 0
1700314733199 0.023652613162994385 0
1700314814821 0.024538755416870117 0
1700314894893 0.025004148483276367 0
1700314974717 0.026178300380706787 0
1700315054556 0.02793586254119873 0
1700315134325 0.0297510027885437 0
1700315214178 0.030794739723205566 0
1700315294031 0.031538546085357666 0
1700315373643 0.032858312129974365 0
1700315453681 0.03385269641876221 0
1700315533663 0.03499186038970947 0
1700315613505 0.03610038757324219 0
1700315696598 0.03691059350967407 0
1700315776481 0.03814190626144409 0
1700315856492 0.039627134799957275 0
1700315936356 0.041033029556274414 0
1700316019369 0.04175865650177002 0
1700316099104 0.04252046346664429 0
1700316181545 0.044003188610076904 0
1700316264732 0.0452156662940979 0
1700316344644 0.04650568962097168 0
1700316424638 0.047973811626434326 0
1700316504346 0.04965168237686157 0
1700316584154 0.0513155460357666 0
1700316664033 0.05225098133087158 0
1700316743773 0.05305665731430054 0
1700316823593 0.054176270961761475 0
1700316903373 0.05531865358352661 0
1700316983272 0.05644112825393677 0
1700317063137 0.05766463279724121 0
1700317143919 0.05950009822845459 0
1700317223834 0.060832858085632324 0
1700317303720 0.06218653917312622 0
1700317383555 0.06391197443008423 0
1700317463384 0.06526708602905273 0
1700317543064 0.06688332557678223 0
1700317622925 0.06820178031921387 0
1700317702941 0.06940549612045288 0
1700317782698 0.07086837291717529 0
1700317862484 0.07228845357894897 0
1700317942377 0.07305717468261719 0
1700318022619 0.07401764392852783 0
1700318106511 0.0759965181350708 0
1700318187486 0.07818937301635742 0
1700318267492 0.07954627275466919 0
1700318347284 0.08124697208404541 0
1700318427230 0.0827438235282898 0
1700318506985 0.08397269248962402 0
1700318586752 0.08600020408630371 0
1700318666642 0.08761864900588989 0
1700318746465 0.08902710676193237 0
1700318826397 0.09041094779968262 0
1700318906414 0.091671884059906 0
1700318986371 0.09254962205886841 0
1700319069477 0.09329080581665039 0
1700319149202 0.09424644708633423 0
1700319229030 0.09507852792739868 0
1700319308909 0.09581267833709717 0
1700319388582 0.09634065628051758 0
1700319468324 0.097370445728302 0
1700319547937 0.098033607006073 0
1700319627657 0.09869587421417236 0
1700319707473 0.09970283508300781 0
1700319787309 0.10096526145935059 0
1700319867262 0.10213851928710938 0
1700319946981 0.10289615392684937 0
1700320026644 0.10386627912521362 0
1700320106357 0.1045730710029602 0
1700320186049 0.10545754432678223 0
1700320270788 0.10929125547409058 0
1700320354214 0.11458426713943481 0
1700320434365 0.12167388200759888 0
1700320514293 0.12717652320861816 0
1700320594109 0.1318766474723816 0
1700320673941 0.13569235801696777 0
1700320754702 0.13993901014328003 0
1700320834577 0.14378947019577026 0
1700320914493 0.14753425121307373 0
1700320994238 0.15127289295196533 0
1700321074152 0.15494436025619507 0
1700321154157 0.15854167938232422 0
1700321234094 0.16214323043823242 0
1700321314057 0.16517740488052368 0
1700321393956 0.16831821203231812 0
1700321473837 0.17144924402236938 0
1700321553790 0.17482739686965942 0
1700321633921 0.17813807725906372 0
1700321713866 0.18059325218200684 0
1700321796333 0.1834115982055664 0
1700321879101 0.1863526701927185 0
1700321958925 0.1890740990638733 0
1700322038809 0.1918625831604004 0
1700322118605 0.1944894790649414 0
1700322198545 0.19742393493652344 0
1700322278542 0.19986039400100708 0
1700322358465 0.2021857500076294 0
1700322438452 0.20474332571029663 0
1700322518413 0.2072954773902893 0
1700322598425 0.20956647396087646 0
1700322678409 0.2118503451347351 0
1700322758572 0.21443217992782593 0
1700322838417 0.21674984693527222 0
1700322918258 0.21897506713867188 0
1700322998305 0.22126281261444092 0
1700323078245 0.22339493036270142 0
1700323158051 0.22603613138198853 0
1700323237923 0.22768759727478027 0
1700323317965 0.22992724180221558 0
1700323398826 0.23216772079467773 0
1700323482439 0.2343030571937561 0
1700323563780 0.236303448677063 0
1700323680849 0.2381027340888977 0
1700323761193 0.24054384231567383 0
1700323841834 0.24235588312149048 0
1700323922227 0.2440817952156067 0
1700324002693 0.24613302946090698 0
1700324083085 0.24819374084472656 0
1700324163503 0.2502818703651428 0
1700324243912 0.25190919637680054 0
1700324324525 0.25391286611557007 0
1700324405666 0.2557656764984131 0
1700324486011 0.2576175928115845 0
1700324566378 0.2594367265701294 0
1700324646763 0.2615143060684204 0
1700324727477 0.2630903124809265 0
1700324807948 0.2647517919540405 0
1700324888306 0.2666664123535156 0
1700324968765 0.2685961127281189 0
1700325049129 0.27035456895828247 0
1700325129525 0.2720624804496765 0
1700325210173 0.2740858197212219 0
1700325290901 0.2752606272697449 0
1700325371290 0.2772970199584961 0
1700325451860 0.27904659509658813 0
1700325532297 0.28073936700820923 0
1700325612625 0.2822924852371216 0
1700325693064 0.2839401364326477 0
1700325773405 0.2856164574623108 0
1700325856318 0.2873883843421936 0
1700325939637 0.28899645805358887 0
1700326019991 0.2906242609024048 0
1700326100236 0.2923063635826111 0
1700326180417 0.29395055770874023 0
1700326260854 0.2955669164657593 0
1700326341382 0.2971649169921875 0
1700326421605 0.298848032951355 0
1700326502070 0.30042529106140137 0
1700326582430 0.3020734190940857 0
1700326662849 0.3036579489707947 0
1700326743274 0.30525708198547363 0
1700326823527 0.3070017099380493 0
1700326903993 0.3086373805999756 0
1700326984526 0.3100048899650574 0
1700327068193 0.31205224990844727 0
1700327150136 0.31336265802383423 0
1700327230594 0.3148196339607239 0
1700327311051 0.3165401816368103 0
1700327391297 0.3180304765701294 0
1700327471705 0.3197786808013916 0
1700327552024 0.3212661147117615 0
1700327632337 0.32280784845352173 0
1700327712680 0.3242829442024231 0
1700327793099 0.3260459303855896 0
1700327873563 0.327572762966156 0
1700327954078 0.3290330767631531 0
1700328035626 0.3307139277458191 0
1700328115952 0.33212870359420776 0
1700328196250 0.3338243365287781 0
1700328276529 0.33520758152008057 0
1700328356937 0.3367002606391907 0
1700328437233 0.3382319211959839 0
1700328517506 0.3397839665412903 0
1700328597975 0.34149491786956787 0
1700328678338 0.3430179953575134 0
1700328758647 0.3445589542388916 0
1700328838968 0.346027135848999 0
1700328919282 0.3474922180175781 0
1700328999619 0.3491551876068115 0
1700329080089 0.35069137811660767 0
1700329162755 0.35233432054519653 0
1700329246693 0.35372602939605713 0
1700329327032 0.35529911518096924 0
1700329407477 0.3568691611289978 0
1700329487600 0.358325719833374 0
1700329567897 0.35986268520355225 0
1700329648171 0.361630916595459 0
1700329728414 0.36308979988098145 0
1700329811908 0.3643873333930969 0
1700329892101 0.3659791946411133 0
1700329972554 0.36784976720809937 0
1700330052665 0.369006872177124 0
1700330133117 0.3707224130630493 0
1700330213417 0.3721922039985657 0
1700330293638 0.3736419677734375 0
1700330373890 0.3752283453941345 0
1700330454106 0.3767126798629761 0
1700330534441 0.3782755136489868 0
1700330614823 0.37983763217926025 0
1700330695089 0.3813731074333191 0
1700330775281 0.3828909397125244 0
1700330857830 0.38446933031082153 0
1700330941480 0.38617396354675293 0
1700331021798 0.3875002861022949 0
1700331102014 0.3890233039855957 0
1700331182309 0.3905673027038574 0
1700331262626 0.39202880859375 0
1700331343054 0.3935607075691223 0
1700331423370 0.3951144218444824 0
1700331503760 0.3965681195259094 0
1700331584367 0.39811229705810547 0
1700331665313 0.3995933532714844 0
1700331745544 0.40123021602630615 0
1700331825593 0.4027295708656311 0
1700331905805 0.4043504595756531 0
1700331985941 0.4059239625930786 0
1700332066225 0.407379150390625 0
1700332146443 0.40889251232147217 0
1700332226571 0.41044557094573975 0
1700332306684 0.4119487404823303 0
1700332386808 0.41356492042541504 0
1700332466882 0.4149320721626282 0
1700332546993 0.416398823261261 0
1700332627122 0.4181792140007019 0
1700332707379 0.4195680618286133 0
1700332789509 0.4211055636405945 0
1700332873130 0.4225307106971741 0
1700332953360 0.4241328835487366 0
1700333033621 0.42567145824432373 0
1700333113777 0.42719709873199463 0
1700333193905 0.4287121295928955 0
1700333274133 0.4302544593811035 0
1700333354328 0.4317471981048584 0
1700333434473 0.43316590785980225 0
1700333514745 0.4348865747451782 0
1700333595032 0.4363285303115845 0
1700333678839 0.4379015564918518 0
1700333758838 0.43937069177627563 0
1700333839017 0.4408760666847229 0
1700333919284 0.4424063563346863 0
1700333999293 0.44410109519958496 0
1700334079559 0.4454863667488098 0
1700334159618 0.44701212644577026 0
1700334241043 0.44866466522216797 0
1700334324955 0.45015275478363037 0
1700334409411 0.45171982049942017 0
1700334489561 0.45301735401153564 0
1700334569595 0.4546881914138794 0
1700334649886 0.4560887813568115 0
1700334730067 0.4576883912086487 0
1700334810124 0.4592857360839844 0
1700334890295 0.46068131923675537 0
1700334970366 0.4622649550437927 0
1700335050422 0.4637773036956787 0
1700335130580 0.4653295874595642 0
1700335211487 0.46683835983276367 0
1700335291461 0.46838057041168213 0
1700335371511 0.4700791835784912 0
1700335451714 0.47141075134277344 0
1700335531734 0.4729619026184082 0
1700335611821 0.4743524193763733 0
1700335691898 0.4760178327560425 0
1700335771962 0.4775146245956421 0
1700335852438 0.479026734828949 0
1700335932720 0.48054730892181396 0
1700336012738 0.4821847081184387 0
1700336092805 0.4837436079978943 0
1700336172976 0.4851763844490051 0
1700336253322 0.486652672290802 0
1700336333701 0.4881497025489807 0
1700336414228 0.4897768497467041 0
1700336494362 0.491277813911438 0
1700336574800 0.49286890029907227 0
1700336656401 0.4944080710411072 0
1700336740755 0.4957650899887085 0
1700336822289 0.4974651336669922 0
1700336950633 0.49868130683898926 0
1700337034198 0.500446617603302 0
1700337114584 0.5009088516235352 0
1700337194947 0.5006734132766724 0
1700337275433 0.5000302791595459 0
1700337355995 0.4998771548271179 0
1700337436385 0.49996060132980347 0
1700337516652 0.5000472664833069 0
1700337596857 0.4998828172683716 0
1700337677235 0.49996358156204224 0
1700337757945 0.4999750852584839 0
1700337838605 0.4999755024909973 0
1700337918899 0.49999290704727173 0
1700337999293 0.49994373321533203 0
1700338079746 0.5000486373901367 0
1700338160035 0.4999181032180786 0
1700338240412 0.5001055002212524 0
1700338320682 0.4999474883079529 0
1700338402104 0.5000890493392944 0
1700338485973 0.4999135732650757 0
1700338567043 0.4999949336051941 0
1700338647391 0.5000073909759521 0
1700338727607 0.4999445080757141 0
1700338808110 0.49994945526123047 0
1700338889124 0.49994128942489624 0
1700338969407 0.49999725818634033 0
1700339049919 0.49995118379592896 0
1700339130436 0.5000481605529785 0
1700339210796 0.5000872611999512 0
1700339290906 0.4999840259552002 0
1700339371064 0.5000368356704712 0
1700339451580 0.4998989701271057 0
1700339531880 0.49996745586395264 0
1700339612186 0.5004528760910034 0
1700339692471 0.50017911195755 0
1700339773211 0.4998784065246582 0
1700339854131 0.5000118613243103 0
1700339934666 0.4999558925628662 0
1700340018242 0.5000890493392944 0
1700340101507 0.4998286962509155 0
1700340182200 0.4999951124191284 0
1700340262380 0.4998941421508789 0
1700340342470 0.499874472618103 0
1700340422519 0.49994760751724243 0
1700340502828 0.49995410442352295 0
1700340583092 0.49998700618743896 0
1700340666735 0.49999189376831055 0
1700340746905 0.49999356269836426 0
1700340827170 0.5000699758529663 0
1700340910726 0.4999549984931946 0
1700340990803 0.5000463724136353 0
1700341070961 0.4999334216117859 0
1700341151336 0.4999679923057556 0
1700341231788 0.5000183582305908 0
1700341313257 0.4999414086341858 0
1700341397249 0.50005042552948 0
1700341478648 0.4999734163284302 0
1700341559015 0.5000498294830322 0
1700341639220 0.500037431716919 0
1700341719592 0.5000419020652771 0
1700341800129 0.49996864795684814 0
1700341880520 0.4998781085014343 0
1700341960844 0.4998919367790222 0
1700342041195 0.49995821714401245 0
1700342121756 0.49998050928115845 0
1700342202091 0.5000013709068298 0
1700342282394 0.5000139474868774 0
1700342362716 0.500059962272644 0
1700342443485 0.5000019669532776 0
1700342523883 0.5001053214073181 0
1700342604156 0.4999881386756897 0
1700342684459 0.5000125169754028 0
1700342764490 0.5001227855682373 0
1700342844699 0.5000015497207642 0
1700342924888 0.5000317096710205 0
1700343005094 0.5000741481781006 0
1700343085388 0.49986720085144043 0
1700343165894 0.49991917610168457 0
1700343246236 0.5000264644622803 0
1700343326550 0.5000361800193787 0
1700343406724 0.5000724792480469 0
1700343487264 0.5000557899475098 0
1700343567791 0.5000184774398804 0
1700343648368 0.49984991550445557 0
1700343728640 0.4998951554298401 0
1700343810197 0.49995535612106323 0
1700343894233 0.4999234080314636 0
1700343975128 0.49998044967651367 0
1700344055707 0.500013530254364 0
1700344136304 0.4998876452445984 0
1700344216548 0.5001242160797119 0
1700344296611 0.5000096559524536 0
1700344376787 0.5000537633895874 0
1700344457064 0.500042200088501 0
1700344537284 0.500059187412262 0
1700344617510 0.49998730421066284 0
1700344697912 0.5000020861625671 0
1700344778324 0.49992072582244873 0
1700344858639 0.4999433159828186 0
1700344938903 0.499911367893219 0
1700345019496 0.49991828203201294 0
1700345099936 0.4999476671218872 0
1700345180323 0.5001572370529175 0
1700345260652 0.4999936819076538 0
1700345340952 0.5001128315925598 0
1700345421294 0.49996864795684814 0
1700345501999 0.5000280141830444 0
1700345582188 0.4999982714653015 0
1700345663992 0.49992942810058594 0
1700345747723 0.5000343918800354 0
1700345832097 0.49997448921203613 0
1700345912648 0.5000399351119995 0
1700345992988 0.5000130534172058 0
1700346077565 0.5000256896018982 0
1700346157683 0.5000156164169312 0
1700346237762 0.5000090599060059 0
1700346318088 0.5000411868095398 0
1700346398292 0.5000263452529907 0
1700346478840 0.5000657439231873 0
1700346559195 0.5000251531600952 0
1700346639634 0.5000531673431396 0
1700346720031 0.5000399351119995 0
1700346800488 0.5000615119934082 0
1700346880747 0.5000549554824829 0
1700346961160 0.5000005960464478 0
1700347041400 0.5000714063644409 0
1700347121607 0.5000314712524414 0
1700347203184 0.5000392198562622 0
1700347287246 0.4999910593032837 0
1700347368743 0.5000852346420288 0
1700347449079 0.5000414848327637 0
1700347529432 0.5000552535057068 0
1700347609743 0.49997878074645996 0
1700347690097 0.5000519752502441 0
1700347770231 0.4999942183494568 0
1700347850702 0.4999780058860779 0
1700347930910 0.5000293850898743 0
1700348011316 0.5000396966934204 0
1700348094873 0.49994534254074097 0
1700348175137 0.4999226927757263 0
1700348255520 0.4999534487724304 0
1700348335796 0.5000075101852417 0
1700348415896 0.5000065565109253 0
1700348496109 0.5001026391983032 0
1700348576584 0.49996423721313477 0
1700348656944 0.4999482035636902 0
1700348737128 0.4999493360519409 0
1700348817300 0.49986767768859863 0
1700348897723 0.4998841881752014 0
1700348978307 0.499942421913147 0
1700349062240 0.4999443292617798 0
1700349144648 0.49999821186065674 0
1700349225024 0.5000274181365967 0
1700349305489 0.4999949336051941 0
1700349385842 0.5000094771385193 0
1700349466224 0.5000481009483337 0
1700349546656 0.5000402927398682 0
1700349627116 0.500033974647522 0
1700349708469 0.5000543594360352 0
1700349788715 0.500049889087677 0
1700349869107 0.5000932812690735 0
1700349949391 0.5000391006469727 0
1700350029689 0.5000261664390564 0
1700350311118 0.5001341104507446 0
1700350391444 0.4998745322227478 0
1700350471888 0.50008624792099 0
1700350552332 0.4999118447303772 0
1700350632664 0.4999244809150696 0
1700350712800 0.4999793767929077 0
1700350793187 0.49998557567596436 0
1700350874221 0.50005042552948 0
1700350958137 0.5000677108764648 0
1700351039702 0.500044584274292 0
1700351119992 0.5000834465026855 0
1700351200396 0.4999678134918213 0
1700351280823 0.5000813603401184 0
1700351361183 0.500058650970459 0
1700351441615 0.5001482963562012 0
1700351522036 0.5000041723251343 0
1700351602220 0.4998288154602051 0
1700351682624 0.4999539256095886 0
1700351766308 0.49992644786834717 0
1700351846662 0.4999909996986389 0
1700351926940 0.5001221895217896 0
1700352006878 0.499967098236084 0
1700352087291 0.5000847578048706 0
1700352168310 0.4999074935913086 0
1700352251973 0.4998856782913208 0
1700352333452 0.5002437829971313 0
1700352413975 0.5000318288803101 0
1700352494513 0.5005128383636475 0
1700352574832 0.4998714327812195 0
1700352655131 0.4997662305831909 0
1700352735393 0.4998111128807068 0
1700352815770 0.4998202919960022 0
1700352895940 0.4999186396598816 0
1700352976232 0.4999614357948303 0
1700353056368 0.5000242590904236 0
1700353136645 0.4999943971633911 0
1700353217046 0.5000321865081787 0
1700353297962 0.5000379085540771 0
1700353378131 0.5000820159912109 0
1700353458488 0.5000569820404053 0
1700353538885 0.5000078678131104 0
1700353619196 0.5000534057617188 0
1700353699293 0.5000174641609192 0
1700353779628 0.4999846816062927 0
1700353861557 0.4999866485595703 0
1700353945990 0.5000306367874146 0
1700354027311 0.4998783469200134 0
1700354107498 0.49987882375717163 0
1700354187717 0.4999142289161682 0
1700354267884 0.4999694228172302 0
1700354348092 0.49994993209838867 0
1700354428609 0.5000660419464111 0
1700354509104 0.5001429319381714 0
1700354589416 0.49986469745635986 0
1700354669831 0.49991685152053833 0
1700354750386 0.4999297261238098 0
1700354830988 0.5001571178436279 0
1700354911308 0.5003677010536194 0
1700354991808 0.5004981756210327 0
1700355072088 0.4996013641357422 0
1700355152389 0.5004371404647827 0
1700355232656 0.49978840351104736 0
1700355312940 0.4995651841163635 0
1700355393388 0.4997822642326355 0
1700355473578 0.49976521730422974 0
1700355556991 0.4999355673789978 0
1700355637352 0.499919593334198 0
1700355717435 0.5000084638595581 0
1700355797679 0.4999828338623047 0
1700355877939 0.5000941753387451 0
1700355958177 0.5000508427619934 0
1700356038512 0.5000150203704834 0
1700356118873 0.500067949295044 0
1700356199427 0.4999787211418152 0
1700356283470 0.5000573396682739 0
1700356366587 0.5000243186950684 0
1700356446792 0.499961256980896 0
1700356527246 0.49986720085144043 0
1700356607676 0.5000215172767639 0
1700356688024 0.49980300664901733 0
1700356768324 0.5007381439208984 0
1700356848665 0.5001540780067444 0
1700356930165 0.4998554587364197 0
1700357010556 0.5000360608100891 0
1700357091088 0.4997345209121704 0
1700357171448 0.5002479553222656 0
1700357251694 0.4995197653770447 0
1700357331977 0.5002496242523193 0
1700357412212 0.4996328353881836 0
1700357492403 0.4997673034667969 0
1700357572591 0.4997990131378174 0
1700357652889 0.4998531937599182 0
1700357733296 0.49990910291671753 0
1700357813445 0.49984580278396606 0
1700357893818 0.4998571276664734 0
1700357974036 0.4998818039894104 0
1700358054462 0.49995213747024536 0
1700358138489 0.5000630617141724 0
1700358220892 0.49996721744537354 0
1700358301499 0.500022292137146 0
1700358381872 0.5000824928283691 0
1700358462140 0.5000407695770264 0
1700358542487 0.5000115633010864 0
1700358622733 0.500103771686554 0
1700358703271 0.4998520016670227 0
1700358783336 0.49988704919815063 0
1700358863415 0.4999659061431885 0
1700358943734 0.4999391436576843 0
1700359024166 0.4999932050704956 0
1700359104286 0.5000439882278442 0
1700359184493 0.5000197887420654 0
1700359268678 0.500058114528656 0
1700359353666 0.5000574588775635 0
1700359435692 0.5000602006912231 0
1700359515940 0.5001285076141357 0
1700359596205 0.49992454051971436 0
1700359676423 0.5000035166740417 0
1700359756740 0.49993473291397095 0
1700359837184 0.5001161694526672 0
1700359917609 0.4999774694442749 0
1700359998195 0.50013267993927 0
1700360078607 0.4999341368675232 0
1700360158952 0.5001397728919983 0
1700360239436 0.49991554021835327 0
1700360319840 0.5001001954078674 0
1700360400187 0.4998942017555237 0
1700360480336 0.4999971389770508 0
1700360560980 0.4998894929885864 0
1700360641300 0.49990516901016235 0
1700360721515 0.5000149011611938 0
1700360801840 0.5001212358474731 0
1700360882365 0.49997955560684204 0
1700360962708 0.5000784993171692 0
1700361043024 0.5000137090682983 0
1700361123231 0.5000357627868652 0
1700361203415 0.5000805258750916 0
1700361283731 0.4999126195907593 0
1700361364212 0.5000988245010376 0
1700361444596 0.49984151124954224 0
1700361524800 0.5004901885986328 0
1700361604949 0.5000002384185791 0
1700361685239 0.4996756911277771 0
1700361765560 0.4998188614845276 0
1700361848121 0.4998787045478821 0
1700361932179 0.4999385476112366 0
1700362012496 0.5000225305557251 0
1700362092795 0.5000422596931458 0
1700362173193 0.5000735521316528 0
1700362253527 0.50003981590271 0
1700362333640 0.5000408887863159 0
1700362414022 0.5000824928283691 0
1700362494323 0.5000029802322388 0
1700362574652 0.5000834465026855 0
1700362654892 0.5000547766685486 0
1700362735152 0.5000787973403931 0
1700362815572 0.5000324845314026 0
1700362895820 0.5000462532043457 0
1700362976052 0.4999989867210388 0
1700363056501 0.4999222159385681 0
1700363136795 0.5000205636024475 0
1700363216916 0.4999586343765259 0
1700363297243 0.49986815452575684 0
1700363377716 0.49988675117492676 0
1700363455116 0.4999154806137085 0
1700363746199 0.4999104142189026 0
1700363826720 0.4999196529388428 0
1700363906916 0.4998707175254822 0
1700363987150 0.49992620944976807 0
1700364067585 0.4999990463256836 0
1700364148948 0.4999675750732422 0
1700364229217 0.4999925494194031 0
1700364309641 0.49998795986175537 0
1700364389820 0.5000609159469604 0
1700364470049 0.49999088048934937 0
1700364550490 0.5000707507133484 0
1700364630818 0.5000367164611816 0
1700364713173 0.5000789165496826 0
1700364796710 0.5000514388084412 0
1700364877235 0.5000646114349365 0
1700364957799 0.500014066696167 0
1700365037998 0.5000979900360107 0
1700365118400 0.5000040531158447 0
1700365198856 0.5000142455101013 0
1700365279128 0.5000474452972412 0
1700365359481 0.49998927116394043 0
1700365439627 0.5000927448272705 0
1700365520071 0.49995142221450806 0
1700365600612 0.4999399185180664 0
1700365680896 0.4998922348022461 0
1700365761487 0.4999881386756897 0
1700365841757 0.5000024437904358 0
1700365922096 0.49999183416366577 0
1700366002497 0.5000168085098267 0
1700366082787 0.5000573396682739 0
1700366162916 0.5000320672988892 0
1700366243346 0.5001475811004639 0
1700366323706 0.4999985694885254 0
1700366404399 0.5000245571136475 0
1700366484645 0.5000157356262207 0
1700366565274 0.5000423192977905 0
1700366645685 0.5000677108764648 0
1700366726000 0.5000301599502563 0
1700366806523 0.5000879764556885 0
1700366886799 0.5000766515731812 0
1700366967092 0.5000355243682861 0
1700367047270 0.4999445676803589 0
1700367127537 0.4999167323112488 0
1700367207944 0.4999554753303528 0
1700367291719 0.49988043308258057 0
1700367374871 0.4998892545700073 0
1700367455212 0.49992942810058594 0
1700367535511 0.4999205470085144 0
1700367615999 0.500015377998352 0
1700367696393 0.49997472763061523 0
1700367777392 0.5000184774398804 0
1700367857632 0.5000604391098022 0
1700367938076 0.5000554323196411 0
1700368018993 0.5000432729721069 0
1700368099403 0.5000593662261963 0
1700368179413 0.5000360012054443 0
1700368259552 0.500068187713623 0
1700368340740 0.5000231266021729 0
1700368424519 0.5000449419021606 0
1700368505595 0.5000253915786743 0
1700368585808 0.5000511407852173 0
1700368665988 0.4999960660934448 0
1700368746299 0.5000855922698975 0
1700368826616 0.49992573261260986 0
1700368906988 0.5000534057617188 0
1700368987288 0.5000143051147461 0
1700369067847 0.4999987483024597 0
1700369148305 0.4999980330467224 0
1700369232188 0.5000215768814087 0
1700369312512 0.4999331831932068 0
1700369392897 0.49995511770248413 0
1700369473184 0.4999939799308777 0
1700369553256 0.4999193549156189 0
1700369633632 0.4999053478240967 0
1700369714192 0.4999728202819824 0
1700369794487 0.49989956617355347 0
1700369874806 0.49991947412490845 0
1700369955188 0.5000050067901611 0
1700370035467 0.4999980926513672 0
1700370119389 0.49984222650527954 0
1700370199947 0.4999346137046814 0
1700370283793 0.4999505281448364 0
1700370364348 0.5000024437904358 0
1700370444772 0.49995696544647217 0
1700370525520 0.500014066696167 0
1700370609910 0.4999954104423523 0
1700370691943 0.4999814033508301 0
1700370772036 0.5000249743461609 0
1700370852446 0.5000295639038086 0
1700370932752 0.500038743019104 0
1700371012979 0.4999874234199524 0
1700371093224 0.4999508261680603 0
1700371173356 0.5001286268234253 0
1700371253613 0.5000261664390564 0
1700371333952 0.4998999834060669 0
1700371415067 0.49994754791259766 0
1700371495105 0.49999409914016724 0
1700371575224 0.5000381469726562 0
1700371655462 0.5000324249267578 0
1700371735400 0.4999765157699585 0
1700371815415 0.5001604557037354 0
1700371895520 0.5000388622283936 0
1700371975476 0.49999427795410156 0
1700372055624 0.5000565648078918 0
1700372135740 0.500053882598877 0
1700372215861 0.5000733733177185 0
1700372296021 0.5000088214874268 0
1700372377137 0.5002062320709229 0
1700372460753 0.4997859001159668 0
1700372542472 0.5004598498344421 0
1700372622751 0.4998478889465332 0
1700372702875 0.5000106692314148 0
1700372782920 0.4997965097427368 0
1700372863017 0.4998447895050049 0
1700372943202 0.5000084638595581 0
1700373023284 0.49999022483825684 0
1700373103520 0.49998384714126587 0
1700373183576 0.5000685453414917 0
1700373263781 0.49993544816970825 0
1700373343960 0.5004565715789795 0
1700373424228 0.5000777840614319 0
1700373504388 0.4995461106300354 0
1700373584600 0.499919593334198 0
1700373664796 0.49986976385116577 0
1700373744880 0.5000078678131104 0
1700373826321 0.5000307559967041 0
1700373910018 0.5000156164169312 0
1700373990845 0.500036358833313 0
1700374071203 0.5000613927841187 0
1700374151273 0.5000168085098267 0
1700374231276 0.5001137256622314 0
1700374311309 0.5000514984130859 0
1700374391437 0.49999701976776123 0
1700374471541 0.5000514984130859 0
1700374551442 0.5000169277191162 0
1700374631436 0.4999324083328247 0
1700374711453 0.5000452995300293 0
1700374791572 0.4998651146888733 0
1700374871809 0.49997514486312866 0
1700374952004 0.4999217391014099 0
1700375033288 0.4999115467071533 0
1700375113440 0.49992549419403076 0
1700375193624 0.49998098611831665 0
1700375273668 0.49992167949676514 0
1700375353716 0.4999821186065674 0
1700375433914 0.4999666213989258 0
1700375514056 0.5000158548355103 0
1700375594184 0.49995172023773193 0
1700375674113 0.5001070499420166 0
1700375754225 0.49998199939727783 0
1700375834488 0.4999361038208008 0
1700375915438 0.5000309944152832 0
1700375999395 0.4999849200248718 0
1700376080777 0.5000730156898499 0
1700376160848 0.5001094341278076 0
1700376240923 0.5000544786453247 0
1700376321115 0.5000149011611938 0
1700376401404 0.5000121593475342 0
1700376481412 0.5000976324081421 0
1700376561641 0.5000685453414917 0
1700376641952 0.5000489950180054 0
1700376722145 0.5000685453414917 0
1700376802248 0.5000166296958923 0
