1700310554652 4088.0 0
1700310626446 4088.0 0
1700310706239 4087.0 0
1700310789428 4087.0 0
1700310869833 4087.0 0
1700310949911 4087.0 0
1700311029762 4087.0 0
1700311112560 4087.0 0
1700311195224 4087.0 0
1700311274943 4087.0 0
1700311354906 4086.0 0
1700311438267 4086.0 0
1700311518270 4086.0 0
1700311598264 4086.0 0
1700311678221 4086.0 0
1700311758161 4086.0 0
1700311838067 4086.0 0
1700311917969 4086.0 0
1700311997866 4087.0 0
1700312077914 4087.0 0
1700312157769 4086.0 0
1700312237813 4086.0 0
1700312317671 4086.0 0
1700312397652 4086.0 0
1700312477517 4086.0 0
1700312557380 4086.0 0
1700312637114 4086.0 0
1700312716858 4086.0 0
1700312796628 4086.0 0
1700312876530 4086.0 0
1700312956342 4087.0 0
1700313039412 4087.0 0
1700313119432 4087.0 0
1700313199589 4087.0 0
1700313282473 4087.0 0
1700313366973 4087.0 0
1700313446895 4087.0 0
1700313527430 4087.0 0
1700313607205 4087.0 0
1700313687107 4087.0 0
1700313767009 4087.0 0
1700313850072 4087.0 0
1700313929962 4087.0 0
1700314009842 4087.0 0
1700314089783 4087.0 0
1700314169587 4087.0 0
1700314249443 4087.0 0
1700314329254 4087.0 0
1700314409071 4087.0 0
1700314492410 4087.0 0
1700314572454 4086.0 0
1700314652477 4086.0 0
1700314735689 4086.0 0
1700314817197 4086.0 0
1700314897287 4086.0 0
1700314977126 4086.0 0
1700315056970 4086.0 0
1700315136813 4086.0 0
1700315216547 4087.0 0
1700315296391 4087.0 0
1700315376034 4087.0 0
1700315456077 4087.0 0
1700315536064 4087.0 0
1700315615907 4087.0 0
1700315698957 4087.0 0
1700315778872 4087.0 0
1700315858937 4087.0 0
1700315938752 4087.0 0
1700316021776 4087.0 0
1700316101480 4087.0 0
1700316184097 4087.0 0
1700316267272 4087.0 0
1700316347061 4087.0 0
1700316427061 4087.0 0
1700316506759 4087.0 0
1700316586519 4087.0 0
1700316666431 4087.0 0
1700316746204 4087.0 0
1700316825979 4087.0 0
1700316905740 4087.0 0
1700316985666 4087.0 0
1700317065526 4087.0 0
1700317146287 4087.0 0
1700317226256 4087.0 0
1700317306136 4087.0 0
1700317385949 4087.0 0
1700317465774 4087.0 0
1700317545426 4087.0 0
1700317625295 4087.0 0
1700317705290 4087.0 0
1700317785058 4087.0 0
1700317864881 4087.0 0
1700317944755 4087.0 0
1700318025124 4087.0 0
1700318109033 4087.0 0
1700318189841 4087.0 0
1700318269856 4087.0 0
1700318349657 4086.0 0
1700318429583 4086.0 0
1700318509356 4086.0 0
1700318589135 4086.0 0
1700318669026 4086.0 0
1700318748855 4086.0 0
1700318828775 4086.0 0
1700318908769 4086.0 0
1700318988730 4086.0 0
1700319071836 4086.0 0
1700319151578 4086.0 0
1700319231512 4086.0 0
1700319311317 4086.0 0
1700319390954 4086.0 0
1700319470701 4087.0 0
1700319550320 4086.0 0
1700319630046 4086.0 0
1700319709805 4085.0 0
1700319789789 4085.0 0
1700319869647 4085.0 0
1700319949356 4085.0 0
1700320029010 4085.0 0
1700320108725 4085.0 0
1700320188385 4085.0 0
1700320273298 4084.0 0
1700320356616 4082.0 0
1700320436744 4076.0 0
1700320516631 4070.0 0
1700320596449 4066.0 0
1700320676289 4063.0 0
1700320757049 4059.0 0
1700320836935 4057.0 0
1700320916880 4056.0 0
1700320996614 4053.0 0
1700321076537 4051.0 0
1700321156512 4049.0 0
1700321236483 4046.0 0
1700321316411 4045.0 0
1700321396360 4043.0 0
1700321476250 4041.0 0
1700321556185 4040.0 0
1700321636313 4038.0 0
1700321716338 4037.0 0
1700321798856 4037.0 0
1700321881473 4036.0 0
1700321961315 4035.0 0
1700322041200 4035.0 0
1700322121065 4034.0 0
1700322200903 4032.0 0
1700322280917 4031.0 0
1700322360876 4029.0 0
1700322440809 4027.0 0
1700322520777 4027.0 0
1700322600852 4025.0 0
1700322680815 4024.0 0
1700322760967 4021.0 0
1700322840811 4020.0 0
1700322920638 4019.0 0
1700323000700 4019.0 0
1700323080658 4018.0 0
1700323160404 4016.0 0
1700323240315 4016.0 0
1700323320367 4015.0 0
1700323401298 4014.0 0
1700323484993 4014.0 0
1700323566142 4014.0 0
1700323683216 4014.0 0
1700323763552 4013.0 0
1700323844202 4013.0 0
1700323924589 4012.0 0
1700324005040 4011.0 0
1700324085448 4011.0 0
1700324165903 4010.0 0
1700324246276 4010.0 0
1700324326885 4010.0 0
1700324407997 4009.0 0
1700324488393 4009.0 0
1700324568760 4008.0 0
1700324649115 4006.0 0
1700324729850 4005.0 0
1700324810324 4004.0 0
1700324890678 4004.0 0
1700324971128 4003.0 0
1700325051481 4002.0 0
1700325131895 4001.0 0
1700325212547 4000.0 0
1700325293242 4000.0 0
1700325373681 3999.0 0
1700325454292 3999.0 0
1700325534630 3999.0 0
1700325614985 3998.0 0
1700325695415 3998.0 0
1700325775770 3997.0 0
1700325858784 3997.0 0
1700325942021 3997.0 0
1700326022373 3997.0 0
1700326102600 3996.0 0
1700326182776 3995.0 0
1700326263265 3994.0 0
1700326343738 3993.0 0
1700326423997 3993.0 0
1700326504426 3993.0 0
1700326584806 3992.0 0
1700326665247 3992.0 0
1700326745667 3991.0 0
1700326825925 3990.0 0
1700326906358 3990.0 0
1700326987034 3990.0 0
1700327070721 3989.0 0
1700327152603 3988.0 0
1700327233067 3988.0 0
1700327313443 3986.0 0
1700327393654 3985.0 0
1700327474060 3984.0 0
1700327554427 3984.0 0
1700327634693 3984.0 0
1700327715040 3983.0 0
1700327795468 3982.0 0
1700327875917 3980.0 0
1700327956447 3979.0 0
1700328037987 3977.0 0
1700328118352 3976.0 0
1700328198627 3974.0 0
1700328278866 3973.0 0
1700328359245 3971.0 0
1700328439575 3969.0 0
1700328519871 3968.0 0
1700328600335 3966.0 0
1700328680726 3965.0 0
1700328760982 3964.0 0
1700328841337 3963.0 0
1700328921664 3962.0 0
1700329002093 3962.0 0
1700329082583 3961.0 0
1700329165405 3961.0 0
1700329249038 3960.0 0
1700329329434 3959.0 0
1700329409791 3958.0 0
1700329489925 3958.0 0
1700329570271 3957.0 0
1700329650513 3956.0 0
1700329730777 3955.0 0
1700329814262 3954.0 0
1700329894477 3953.0 0
1700329974921 3952.0 0
1700330055045 3951.0 0
1700330135430 3950.0 0
1700330215757 3950.0 0
1700330296019 3950.0 0
1700330376271 3950.0 0
1700330456570 3949.0 0
1700330536867 3948.0 0
1700330617176 3948.0 0
1700330697437 3947.0 0
1700330777588 3946.0 0
1700330860404 3945.0 0
1700330943875 3944.0 0
1700331024191 3944.0 0
1700331104388 3943.0 0
1700331184715 3942.0 0
1700331265024 3941.0 0
1700331345483 3939.0 0
1700331425772 3939.0 0
1700331506125 3938.0 0
1700331587111 3937.0 0
1700331667752 3936.0 0
1700331747894 3935.0 0
1700331827948 3934.0 0
1700331908156 3933.0 0
1700331988322 3933.0 0
1700332068623 3932.0 0
1700332148793 3931.0 0
1700332228923 3930.0 0
1700332309044 3930.0 0
1700332389146 3928.0 0
1700332469206 3927.0 0
1700332549330 3926.0 0
1700332629448 3924.0 0
1700332709792 3924.0 0
1700332791936 3923.0 0
1700332875521 3921.0 0
1700332955717 3919.0 0
1700333035978 3918.0 0
1700333116105 3917.0 0
1700333196262 3915.0 0
1700333276462 3914.0 0
1700333356706 3912.0 0
1700333436840 3912.0 0
1700333517130 3911.0 0
1700333597484 3910.0 0
1700333681197 3909.0 0
1700333761269 3908.0 0
1700333841399 3907.0 0
1700333921623 3907.0 0
1700334001704 3906.0 0
1700334081889 3903.0 0
1700334161995 3900.0 0
1700334243539 3898.0 0
1700334327579 3896.0 0
1700334411773 3894.0 0
1700334491901 3894.0 0
1700334571970 3891.0 0
1700334652242 3890.0 0
1700334732407 3887.0 0
1700334812518 3884.0 0
1700334892683 3881.0 0
1700334972736 3879.0 0
1700335052823 3877.0 0
1700335132928 3875.0 0
1700335213860 3874.0 0
1700335293872 3872.0 0
1700335373857 3870.0 0
1700335454043 3869.0 0
1700335534111 3866.0 0
1700335614153 3864.0 0
1700335694255 3861.0 0
1700335774341 3859.0 0
1700335854831 3857.0 0
1700335935103 3856.0 0
1700336015199 3854.0 0
1700336095199 3852.0 0
1700336175419 3851.0 0
1700336255710 3849.0 0
1700336336168 3847.0 0
1700336416601 3844.0 0
1700336496713 3842.0 0
1700336577174 3840.0 0
1700336658997 3838.0 0
1700336743599 3836.0 0
1700336824635 3834.0 0
1700336953035 3832.0 0
1700337036641 3831.0 0
1700337116945 3831.0 0
1700337197335 3832.0 0
1700337277830 3833.0 0
1700337358402 3834.0 0
1700337438767 3834.0 0
1700337519070 3834.0 0
1700337599258 3834.0 0
1700337679637 3834.0 0
1700337760410 3835.0 0
1700337841004 3835.0 0
1700337921239 3835.0 0
1700338001689 3835.0 0
1700338082203 3835.0 0
1700338162449 3835.0 0
1700338242805 3835.0 0
1700338323062 3835.0 0
1700338404659 3835.0 0
1700338488600 3835.0 0
1700338569378 3835.0 0
1700338649765 3835.0 0
1700338730006 3835.0 0
1700338810857 3835.0 0
1700338891509 3836.0 0
1700338971812 3836.0 0
1700339052294 3836.0 0
1700339132831 3835.0 0
1700339213122 3835.0 0
1700339293291 3835.0 0
1700339373454 3835.0 0
1700339453949 3835.0 0
1700339534315 3835.0 0
1700339614639 3835.0 0
1700339694866 3836.0 0
1700339775646 3836.0 0
1700339856535 3836.0 0
1700339937152 3836.0 0
1700340020811 3836.0 0
1700340103913 3836.0 0
1700340184664 3836.0 0
1700340264790 3836.0 0
1700340344868 3836.0 0
1700340424915 3836.0 0
1700340505251 3836.0 0
1700340585489 3836.0 0
1700340669144 3836.0 0
1700340749221 3836.0 0
1700340829515 3836.0 0
1700340913091 3836.0 0
1700340993166 3836.0 0
1700341073368 3836.0 0
1700341153764 3836.0 0
1700341234159 3836.0 0
1700341315851 3836.0 0
1700341399787 3836.0 0
1700341481056 3836.0 0
1700341561402 3836.0 0
1700341641564 3836.0 0
1700341721956 3836.0 0
1700341802564 3836.0 0
1700341882959 3836.0 0
1700341963195 3836.0 0
1700342043577 3836.0 0
1700342124162 3836.0 0
1700342204476 3836.0 0
1700342284784 3835.0 0
1700342365126 3835.0 0
1700342445848 3835.0 0
1700342526231 3835.0 0
1700342606528 3835.0 0
1700342686806 3836.0 0
1700342766814 3836.0 0
1700342847045 3836.0 0
1700342927232 3836.0 0
1700343007494 3836.0 0
1700343087827 3836.0 0
1700343168214 3836.0 0
1700343248586 3836.0 0
1700343328937 3836.0 0
1700343409111 3836.0 0
1700343489666 3835.0 0
1700343570269 3835.0 0
1700343650835 3835.0 0
1700343731056 3835.0 0
1700343812801 3835.0 0
1700343897079 3836.0 0
1700343977473 3836.0 0
1700344058158 3836.0 0
1700344138620 3835.0 0
1700344218881 3835.0 0
1700344298995 3835.0 0
1700344379142 3836.0 0
1700344459457 3836.0 0
1700344539626 3836.0 0
1700344619871 3836.0 0
1700344700293 3836.0 0
1700344780658 3836.0 0
1700344861019 3836.0 0
1700344941314 3835.0 0
1700345021977 3835.0 0
1700345102340 3835.0 0
1700345182722 3835.0 0
1700345263056 3835.0 0
1700345343395 3835.0 0
1700345423803 3835.0 0
1700345504352 3835.0 0
1700345584522 3835.0 0
1700345666544 3835.0 0
1700345750179 3835.0 0
1700345834498 3835.0 0
1700345915005 3835.0 0
1700345995368 3835.0 0
1700346079931 3835.0 0
1700346160036 3835.0 0
1700346240168 3835.0 0
1700346320477 3835.0 0
1700346400681 3835.0 0
1700346481254 3835.0 0
1700346561586 3835.0 0
1700346642067 3835.0 0
1700346722414 3835.0 0
1700346802865 3835.0 0
1700346883175 3835.0 0
1700346963609 3835.0 0
1700347043790 3835.0 0
1700347124006 3835.0 0
1700347206007 3835.0 0
1700347290206 3835.0 0
1700347371239 3835.0 0
1700347451484 3835.0 0
1700347531861 3835.0 0
1700347612123 3835.0 0
1700347692492 3835.0 0
1700347772618 3835.0 0
1700347853078 3835.0 0
1700347933288 3835.0 0
1700348013745 3835.0 0
1700348097292 3836.0 0
1700348177494 3835.0 0
1700348257919 3836.0 0
1700348338152 3836.0 0
1700348418259 3836.0 0
1700348498473 3836.0 0
1700348578966 3836.0 0
1700348659301 3836.0 0
1700348739485 3836.0 0
1700348819624 3836.0 0
1700348900130 3836.0 0
1700348980732 3836.0 0
1700349064844 3836.0 0
1700349147117 3835.0 0
1700349227475 3835.0 0
1700349307893 3835.0 0
1700349388229 3835.0 0
1700349468621 3835.0 0
1700349549074 3835.0 0
1700349629516 3835.0 0
1700349710845 3835.0 0
1700349791155 3835.0 0
1700349871509 3835.0 0
1700349951753 3835.0 0
1700350032077 3835.0 0
1700350313552 3835.0 0
1700350393791 3835.0 0
1700350474294 3835.0 0
1700350554718 3835.0 0
1700350635059 3835.0 0
1700350715197 3835.0 0
1700350795546 3835.0 0
1700350876714 3835.0 0
1700350961055 3835.0 0
1700351042117 3835.0 0
1700351122395 3835.0 0
1700351202741 3835.0 0
1700351283274 3836.0 0
1700351363562 3836.0 0
1700351443999 3836.0 0
1700351524447 3836.0 0
1700351604609 3836.0 0
1700351684960 3835.0 0
1700351768659 3835.0 0
1700351849043 3835.0 0
1700351929256 3835.0 0
1700352009320 3835.0 0
1700352089662 3835.0 0
1700352170861 3835.0 0
1700352254494 3835.0 0
1700352335819 3834.0 0
1700352416333 3834.0 0
1700352496848 3834.0 0
1700352577181 3835.0 0
1700352657472 3834.0 0
1700352737719 3834.0 0
1700352818179 3834.0 0
1700352898313 3835.0 0
1700352978609 3835.0 0
1700353058765 3835.0 0
1700353139035 3835.0 0
1700353219469 3835.0 0
1700353300322 3835.0 0
1700353380506 3835.0 0
1700353460927 3835.0 0
1700353541268 3835.0 0
1700353621572 3835.0 0
1700353701692 3835.0 0
1700353781991 3835.0 0
1700353864177 3835.0 0
1700353948551 3835.0 0
1700354029657 3835.0 0
1700354109866 3835.0 0
1700354190093 3835.0 0
1700354270265 3835.0 0
1700354350495 3835.0 0
1700354430995 3835.0 0
1700354511540 3835.0 0
1700354591806 3835.0 0
1700354672305 3835.0 0
1700354752944 3835.0 0
1700354833329 3834.0 0
1700354913715 3834.0 0
1700354994150 3834.0 0
1700355074424 3835.0 0
1700355154706 3834.0 0
1700355235116 3834.0 0
1700355315359 3835.0 0
1700355395804 3835.0 0
1700355475956 3835.0 0
1700355559350 3835.0 0
1700355639719 3835.0 0
1700355719755 3835.0 0
1700355800111 3835.0 0
1700355880306 3835.0 0
1700355960584 3834.0 0
1700356040924 3835.0 0
1700356121229 3835.0 0
1700356202194 3834.0 0
1700356286320 3834.0 0
1700356368939 3835.0 0
1700356449296 3834.0 0
1700356529665 3834.0 0
1700356610102 3834.0 0
1700356690418 3834.0 0
1700356770719 3834.0 0
1700356851138 3834.0 0
1700356932564 3834.0 0
1700357012949 3834.0 0
1700357093471 3834.0 0
1700357173844 3834.0 0
1700357254034 3834.0 0
1700357334351 3834.0 0
1700357414631 3834.0 0
1700357494774 3834.0 0
1700357574969 3834.0 0
1700357655246 3834.0 0
1700357735624 3834.0 0
1700357815796 3835.0 0
1700357896158 3835.0 0
1700357976433 3835.0 0
1700358056879 3834.0 0
1700358140999 3834.0 0
1700358223369 3835.0 0
1700358303893 3834.0 0
1700358384243 3834.0 0
1700358464508 3834.0 0
1700358544816 3835.0 0
1700358625125 3835.0 0
1700358705594 3835.0 0
1700358785663 3835.0 0
1700358865790 3835.0 0
1700358946063 3834.0 0
1700359026486 3834.0 0
1700359106650 3834.0 0
1700359186816 3834.0 0
1700359271513 3834.0 0
1700359356562 3834.0 0
1700359438093 3834.0 0
1700359518271 3834.0 0
1700359598538 3834.0 0
1700359678765 3834.0 0
1700359759186 3834.0 0
1700359839530 3834.0 0
1700359919971 3834.0 0
1700360000497 3834.0 0
1700360080952 3834.0 0
1700360161379 3834.0 0
1700360241764 3834.0 0
1700360322193 3834.0 0
1700360402537 3835.0 0
1700360482706 3834.0 0
1700360563376 3835.0 0
1700360643712 3835.0 0
1700360723856 3834.0 0
1700360804188 3834.0 0
1700360884706 3835.0 0
1700360965074 3834.0 0
1700361045368 3835.0 0
1700361125558 3835.0 0
1700361205767 3835.0 0
1700361286086 3835.0 0
1700361366618 3835.0 0
1700361446945 3835.0 0
1700361527124 3834.0 0
1700361607342 3835.0 0
1700361687614 3835.0 0
1700361767891 3835.0 0
1700361850843 3835.0 0
1700361934531 3835.0 0
1700362014815 3834.0 0
1700362095174 3834.0 0
1700362175530 3834.0 0
1700362255896 3835.0 0
1700362336026 3835.0 0
1700362416377 3835.0 0
1700362496698 3835.0 0
1700362577007 3835.0 0
1700362657242 3835.0 0
1700362737554 3835.0 0
1700362817931 3835.0 0
1700362898193 3835.0 0
1700362978465 3835.0 0
1700363058874 3835.0 0
1700363139117 3835.0 0
1700363219284 3835.0 0
1700363299625 3835.0 0
1700363380059 3835.0 0
1700363457484 3835.0 0
1700363748632 3835.0 0
1700363829071 3835.0 0
1700363909331 3835.0 0
1700363989552 3835.0 0
1700364069901 3835.0 0
1700364151299 3835.0 0
1700364231565 3835.0 0
1700364312023 3835.0 0
1700364392172 3834.0 0
1700364472413 3835.0 0
1700364552856 3835.0 0
1700364633173 3835.0 0
1700364715680 3835.0 0
1700364799257 3834.0 0
1700364879636 3834.0 0
1700364960148 3834.0 0
1700365040380 3834.0 0
1700365120756 3835.0 0
1700365201255 3835.0 0
1700365281477 3834.0 0
1700365361842 3834.0 0
1700365442092 3835.0 0
1700365522631 3835.0 0
1700365602974 3835.0 0
1700365683304 3835.0 0
1700365763847 3835.0 0
1700365844142 3835.0 0
1700365924440 3835.0 0
1700366004886 3835.0 0
1700366085109 3834.0 0
1700366165296 3834.0 0
1700366245704 3834.0 0
1700366326014 3834.0 0
1700366406728 3834.0 0
1700366487087 3834.0 0
1700366567647 3834.0 0
1700366648063 3834.0 0
1700366728482 3835.0 0
1700366808896 3835.0 0
1700366889141 3835.0 0
1700366969401 3835.0 0
1700367049636 3835.0 0
1700367129857 3834.0 0
1700367210306 3834.0 0
1700367294633 3834.0 0
1700367377345 3835.0 0
1700367457577 3835.0 0
1700367537916 3835.0 0
1700367618413 3835.0 0
1700367698758 3834.0 0
1700367779775 3834.0 0
1700367860009 3834.0 0
1700367940616 3834.0 0
1700368021423 3834.0 0
1700368101785 3835.0 0
1700368181796 3834.0 0
1700368261928 3834.0 0
1700368343316 3834.0 0
1700368427004 3835.0 0
1700368507932 3835.0 0
1700368588180 3834.0 0
1700368668377 3835.0 0
1700368748651 3835.0 0
1700368828979 3835.0 0
1700368909380 3835.0 0
1700368989736 3835.0 0
1700369070207 3835.0 0
1700369150658 3835.0 0
1700369234549 3834.0 0
1700369314876 3835.0 0
1700369395277 3835.0 0
1700369475510 3835.0 0
1700369555655 3834.0 0
1700369635994 3834.0 0
1700369716551 3834.0 0
1700369796850 3834.0 0
1700369877129 3835.0 0
1700369957525 3834.0 0
1700370037813 3834.0 0
1700370121877 3834.0 0
1700370202320 3834.0 0
1700370286176 3834.0 0
1700370366752 3834.0 0
1700370447152 3834.0 0
1700370527987 3834.0 0
1700370612410 3834.0 0
1700370694276 3834.0 0
1700370774414 3834.0 0
1700370854805 3834.0 0
1700370935149 3834.0 0
1700371015345 3834.0 0
1700371095603 3834.0 0
1700371175760 3834.0 0
1700371255985 3835.0 0
1700371336360 3835.0 0
1700371417424 3835.0 0
1700371497436 3834.0 0
1700371577553 3834.0 0
1700371657778 3834.0 0
1700371737736 3834.0 0
1700371817752 3834.0 0
1700371897883 3834.0 0
1700371977823 3834.0 0
1700372058037 3834.0 0
1700372138109 3834.0 0
1700372218188 3834.0 0
1700372298347 3834.0 0
1700372379570 3834.0 0
1700372463215 3834.0 0
1700372544927 3834.0 0
1700372625126 3834.0 0
1700372705245 3834.0 0
1700372785255 3834.0 0
1700372865351 3834.0 0
1700372945537 3834.0 0
1700373025677 3835.0 0
1700373105870 3834.0 0
1700373185928 3834.0 0
1700373266114 3834.0 0
1700373346271 3834.0 0
1700373426588 3834.0 0
1700373506754 3834.0 0
1700373586960 3834.0 0
1700373667148 3834.0 0
1700373747216 3834.0 0
1700373828921 3834.0 0
1700373912562 3834.0 0
1700373993321 3835.0 0
1700374073649 3835.0 0
1700374153672 3834.0 0
1700374233663 3834.0 0
1700374313668 3834.0 0
1700374393807 3834.0 0
1700374473869 3835.0 0
1700374553816 3835.0 0
1700374633802 3835.0 0
1700374713813 3835.0 0
1700374793965 3835.0 0
1700374874160 3835.0 0
1700374954386 3835.0 0
1700375035649 3835.0 0
1700375115796 3835.0 0
1700375196009 3835.0 0
1700375276017 3835.0 0
1700375356109 3834.0 0
1700375436315 3834.0 0
1700375516400 3834.0 0
1700375596503 3834.0 0
1700375676514 3834.0 0
1700375756582 3834.0 0
1700375836858 3834.0 0
1700375918092 3834.0 0
1700376002064 3834.0 0
1700376083167 3834.0 0
1700376163174 3834.0 0
1700376243365 3834.0 0
1700376323524 3834.0 0
1700376403763 3834.0 0
1700376483821 3834.0 0
1700376564026 3835.0 0
1700376644325 3835.0 0
1700376724497 3835.0 0
1700376804637 3835.0 0
