1700310552239 0.0 0
1700310624002 0.0013316964730620384 0
1700310703839 0.0025476427748799325 0
1700310787025 0.0010057233273983001 0
1700310867468 -0.002435113303363323 0
1700310947478 -0.005575288273394108 0
1700311027366 -0.005679969489574432 0
1700311110051 -0.001065826416015625 0
1700311192725 0.008814895432442427 0
1700311272566 0.0237291787751019 0
1700311352534 0.042136192321777344 0
1700311435831 0.06614720821380615 0
1700311515842 0.09554286003112793 0
1700311595867 0.1300736427307129 0
1700311675823 0.1697748899459839 0
1700311755766 0.21495156288146972 0
1700311835631 0.2651937961578369 0
1700311915606 0.32099409103393556 0
1700311995503 0.382475471496582 0
1700312075538 0.4493404388427734 0
1700312155378 0.5211246490478516 0
1700312235354 0.5955400466918945 0
1700312315282 0.6749862670898438 0
1700312395293 0.7611907958984375 0
1700312475114 0.8535079956054688 0
1700312554974 0.9498538970947266 0
1700312634719 1.0497779846191406 0
1700312714450 1.1547035217285155 0
1700312794258 1.2700355529785157 0
1700312874056 1.3908515930175782 0
1700312953942 1.5133079528808593 0
1700313037044 1.6324569702148437 0
1700313117063 1.7588043212890625 0
1700313197117 1.9015167236328125 0
1700313280006 2.0316070556640624 0
1700313364591 2.1591094970703124 0
1700313444498 2.2943099975585937 0
1700313525070 2.4043731689453125 0
1700313604811 2.5154388427734373 0
1700313684694 2.670306396484375 0
1700313764607 2.8361053466796875 0
1700313847674 2.9972259521484377 0
1700313927561 3.1506683349609377 0
1700314007446 3.2979583740234375 0
1700314087378 3.437261962890625 0
1700314167211 3.5831817626953124 0
1700314247083 3.70672607421875 0
1700314326879 3.817718505859375 0
1700314406682 3.941705322265625 0
1700314489938 4.0527587890625 0
1700314570014 4.18369140625 0
1700314650016 4.30799560546875 0
1700314733196 4.40198974609375 0
1700314814818 4.50841064453125 0
1700314894890 4.684112548828125 0
1700314974714 4.83643798828125 0
1700315054553 4.922369384765625 0
1700315134321 4.978216552734375 0
1700315214174 5.07252197265625 0
1700315294028 5.23773193359375 0
1700315373641 5.363671875 0
1700315453678 5.48551025390625 0
1700315533659 5.62591552734375 0
1700315613502 5.74862060546875 0
1700315696595 5.91246337890625 0
1700315776479 6.04588623046875 0
1700315856489 6.14715576171875 0
1700315936352 6.24078369140625 0
1700316019365 6.39027099609375 0
1700316099101 6.5671875 0
1700316181542 6.70450439453125 0
1700316264729 6.8126220703125 0
1700316344642 6.9371337890625 0
1700316424634 7.04327392578125 0
1700316504343 7.1356201171875 0
1700316584151 7.191455078125 0
1700316664030 7.3174560546875 0
1700316743770 7.5035400390625 0
1700316823590 7.6535888671875 0
1700316903369 7.8012939453125 0
1700316983269 7.937744140625 0
1700317063133 8.085498046875 0
1700317143916 8.169287109375 0
1700317223831 8.2502197265625 0
1700317303718 8.3732177734375 0
1700317383552 8.4593017578125 0
1700317463381 8.54384765625 0
1700317543062 8.639501953125 0
1700317622921 8.7426025390625 0
1700317702938 8.87568359375 0
1700317782695 8.9946044921875 0
1700317862480 9.0819580078125 0
1700317942374 9.2454345703125 0
1700318022616 9.4524169921875 0
1700318106508 9.5330810546875 0
1700318187483 9.5264404296875 0
1700318267489 9.587353515625 0
1700318347281 9.696875 0
1700318427226 9.7575927734375 0
1700318506982 9.867919921875 0
1700318586749 9.93857421875 0
1700318666639 9.9814453125 0
1700318746462 10.06240234375 0
1700318826394 10.18623046875 0
1700318906411 10.292919921875 0
1700318986368 10.459130859375 0
1700319069474 10.67470703125 0
1700319149199 10.8755859375 0
1700319229026 11.06923828125 0
1700319308906 11.285546875 0
1700319388578 11.552294921875 0
1700319468321 11.765869140625 0
1700319547934 11.98984375 0
1700319627654 12.2455078125 0
1700319707470 12.46796875 0
1700319787306 12.642578125 0
1700319867259 12.798095703125 0
1700319946978 13.016748046875 0
1700320026641 13.229833984375 0
1700320106353 13.471923828125 0
1700320186046 13.751416015625 0
1700320270785 13.685546875 0
1700320354211 13.1853515625 0
1700320434361 12.33779296875 0
1700320514290 11.408837890625 0
1700320594106 10.947900390625 0
1700320673939 10.422119140625 0
1700320754699 9.975732421875 0
1700320834573 9.5576171875 0
1700320914490 9.124609375 0
1700320994235 8.75810546875 0
1700321074148 8.386962890625 0
1700321154153 8.004833984375 0
1700321234091 7.68994140625 0
1700321314055 7.371337890625 0
1700321393952 7.041259765625 0
1700321473834 6.743115234375 0
1700321553787 6.47294921875 0
1700321633918 6.19814453125 0
1700321713863 5.93828125 0
1700321796233 5.69033203125 0
1700321879098 5.46728515625 0
1700321958922 5.24765625 0
1700322038806 5.01953125 0
1700322118602 4.80947265625 0
1700322198541 4.56923828125 0
1700322278540 4.40185546875 0
1700322358462 4.18994140625 0
1700322438449 4.022265625 0
1700322518409 3.8482421875 0
1700322598421 3.70166015625 0
1700322678405 3.51474609375 0
1700322758569 3.34658203125 0
1700322838413 3.2021484375 0
1700322918254 3.078125 0
1700322998302 2.94462890625 0
1700323078242 2.81708984375 0
1700323158048 2.667578125 0
1700323237919 2.5322265625 0
1700323317961 2.4341796875 0
1700323398824 2.31708984375 0
1700323482435 2.22568359375 0
1700323563777 2.11904296875 0
1700323680846 2.00791015625 0
1700323761190 1.9033203125 0
1700323841830 1.82841796875 0
1700323922224 1.74775390625 0
1700324002690 1.6609375 0
1700324083081 1.576953125 0
1700324163500 1.49404296875 0
1700324243910 1.43515625 0
1700324324522 1.36435546875 0
1700324405663 1.29462890625 0
1700324486008 1.2251953125 0
1700324566374 1.179296875 0
1700324646759 1.101171875 0
1700324727474 1.0546875 0
1700324807945 1.0046875 0
1700324888303 0.9396484375 0
1700324968762 0.89423828125 0
1700325049126 0.85380859375 0
1700325129522 0.80546875 0
1700325210170 0.751953125 0
1700325290897 0.708203125 0
1700325371287 0.67705078125 0
1700325451858 0.65048828125 0
1700325532294 0.591796875 0
1700325612622 0.5828125 0
1700325693061 0.55830078125 0
1700325773402 0.52685546875 0
1700325856316 0.49404296875 0
1700325939635 0.46748046875 0
1700326019988 0.431640625 0
1700326100232 0.4177734375 0
1700326180414 0.3947265625 0
1700326260851 0.3490234375 0
1700326341378 0.35322265625 0
1700326421601 0.32705078125 0
1700326502067 0.2974609375 0
1700326582427 0.296875 0
1700326662846 0.276171875 0
1700326743271 0.25859375 0
1700326823524 0.20927734375 0
1700326903990 0.24462890625 0
1700326984523 0.2017578125 0
1700327068190 0.1775390625 0
1700327150132 0.1724609375 0
1700327230591 0.17890625 0
1700327311048 0.163671875 0
1700327391294 0.158984375 0
1700327471701 0.13173828125 0
1700327552020 0.139453125 0
1700327632334 0.13076171875 0
1700327712678 0.1265625 0
1700327793096 0.1009765625 0
1700327873561 0.10615234375 0
1700327954075 0.09970703125 0
1700328035622 0.072265625 0
1700328115948 0.098828125 0
1700328196247 0.0837890625 0
1700328276526 0.08603515625 0
1700328356934 0.0509765625 0
1700328437230 0.0712890625 0
1700328517502 0.05478515625 0
1700328597972 0.05517578125 0
1700328678334 0.06435546875 0
1700328758644 0.05615234375 0
1700328838966 0.05556640625 0
1700328919279 0.04013671875 0
1700328999617 0.0412109375 0
1700329080086 0.04453125 0
1700329162752 0.0283203125 0
1700329246690 0.0373046875 0
1700329327029 0.03388671875 0
1700329407475 0.02470703125 0
1700329487597 0.0330078125 0
1700329567894 0.0255859375 0
1700329648168 0.00947265625 0
1700329728411 0.02119140625 0
1700329811905 0.00458984375 0
1700329892098 0.028125 0
1700329972551 -0.00673828125 0
1700330052662 0.01318359375 0
1700330133114 0.01728515625 0
1700330213414 0.01806640625 0
1700330293634 0.023046875 0
1700330373887 0.01962890625 0
1700330454103 0.016796875 0
1700330534438 0.0087890625 0
1700330614820 0.01484375 0
1700330695086 0.012890625 0
1700330775278 0.01474609375 0
1700330857827 0.0099609375 0
1700330941477 0.00029296875 0
1700331021794 0.00673828125 0
1700331102010 0.00615234375 0
1700331182306 -0.005078125 0
1700331262622 0.01064453125 0
1700331343051 0.006640625 0
1700331423367 0.00849609375 0
1700331503757 0.0095703125 0
1700331584364 0.010546875 0
1700331665310 0.00400390625 0
1700331745541 -0.001953125 0
1700331825590 0.010546875 0
1700331905802 -0.00341796875 0
1700331985938 0.007421875 0
1700332066222 0.0064453125 0
1700332146441 0.0046875 0
1700332226568 -0.01171875 0
1700332306681 0.01240234375 0
1700332386805 0.0 0
1700332466880 0.01796875 0
1700332546990 -0.00546875 0
1700332627118 -0.01181640625 0
1700332707376 0.01220703125 0
1700332789506 0.0017578125 0
1700332873126 0.0017578125 0
1700332953356 -0.0146484375 0
1700333033618 0.00576171875 0
1700333113773 0.002734375 0
1700333193902 0.00087890625 0
1700333274130 -0.01318359375 0
1700333354325 0.03408203125 0
1700333434469 -0.00576171875 0
1700333514742 0.00595703125 0
1700333595029 0.0091796875 0
1700333678835 0.00087890625 0
1700333758834 0.004296875 0
1700333839014 0.00322265625 0
1700333919281 -0.00341796875 0
1700333999290 0.00126953125 0
1700334079556 0.00224609375 0
1700334159614 0.00234375 0
1700334241041 -0.00458984375 0
1700334324951 -0.00107421875 0
1700334409408 0.014453125 0
1700334489558 -0.00205078125 0
1700334569592 -0.0087890625 0
1700334649883 0.0353515625 0
1700334730064 -0.013671875 0
1700334810121 -0.00078125 0
1700334890292 0.000390625 0
1700334970363 0.007421875 0
1700335050419 0.0046875 0
1700335130578 0.0017578125 0
1700335211484 0.0 0
1700335291458 -0.005859375 0
1700335371507 0.00537109375 0
1700335451711 -0.005859375 0
1700335531730 -0.00390625 0
1700335611818 0.0021484375 0
1700335691895 -0.00302734375 0
1700335771958 0.0029296875 0
1700335852434 0.0048828125 0
1700335932717 -0.00048828125 0
1700336012734 0.01669921875 0
1700336092802 -0.00224609375 0
1700336172972 0.0021484375 0
1700336253318 -0.00849609375 0
1700336333698 0.0029296875 0
1700336414226 0.0025390625 0
1700336494360 0.00048828125 0
1700336574797 -0.00439453125 0
1700336656398 0.00595703125 0
1700336740752 0.01123046875 0
1700336822286 -0.0056640625 0
1700336950631 0.0365234375 0
1700337034194 -0.01044921875 0
1700337114581 -0.14931640625 0
1700337194944 -0.158203125 0
1700337275430 -0.057421875 0
1700337355992 0.02177734375 0
1700337436382 0.007421875 0
1700337516649 0.01142578125 0
1700337596854 0.00361328125 0
1700337677231 0.01845703125 0
1700337757942 0.0125 0
1700337838602 0.0123046875 0
1700337918895 0.01044921875 0
1700337999289 0.01181640625 0
1700338079743 0.00791015625 0
1700338160031 -0.003515625 0
1700338240409 -0.00859375 0
1700338320678 0.00537109375 0
1700338402101 0.0041015625 0
1700338485971 -0.00029296875 0
1700338567039 0.00869140625 0
1700338647387 0.00126953125 0
1700338727604 0.0015625 0
1700338808107 0.0048828125 0
1700338889121 -0.00380859375 0
1700338969404 -0.001953125 0
1700339049917 0.0083984375 0
1700339130433 -0.00205078125 0
1700339210793 -0.0013671875 0
1700339290904 0.00419921875 0
1700339371062 0.00537109375 0
1700339451578 -0.0021484375 0
1700339531878 -0.00791015625 0
1700339612184 -0.0349609375 0
1700339692469 -0.07021484375 0
1700339773209 0.0134765625 0
1700339854129 0.006640625 0
1700339934663 0.016796875 0
1700340018240 0.00703125 0
1700340101505 -0.00400390625 0
1700340182197 0.015625 0
1700340262377 -0.00390625 0
1700340342468 0.01435546875 0
1700340422517 -0.0017578125 0
1700340502825 0.00810546875 0
1700340583089 0.003125 0
1700340666733 0.0064453125 0
1700340746903 0.00927734375 0
1700340827167 0.00107421875 0
1700340910724 0.00478515625 0
1700340990800 0.0052734375 0
1700341070959 -0.0001953125 0
1700341151333 0.003125 0
1700341231786 -0.01279296875 0
1700341313255 0.0076171875 0
1700341397247 -0.01142578125 0
1700341478646 0.00830078125 0
1700341559013 0.0009765625 0
1700341639217 0.00322265625 0
1700341719590 0.003125 0
1700341800127 0.00087890625 0
1700341880518 -0.0029296875 0
1700341960842 0.00517578125 0
1700342041193 -0.00517578125 0
1700342121754 -0.00283203125 0
1700342202089 -0.00029296875 0
1700342282392 0.00322265625 0
1700342362714 -0.00400390625 0
1700342443483 0.00537109375 0
1700342523880 -0.003515625 0
1700342604154 -0.0087890625 0
1700342684453 0.0017578125 0
1700342764488 -0.0017578125 0
1700342844697 -0.00078125 0
1700342924885 0.00478515625 0
1700343005092 -0.001171875 0
1700343085385 -0.0068359375 0
1700343165892 0.00263671875 0
1700343246234 -0.00390625 0
1700343326548 0.00517578125 0
1700343406722 0.001953125 0
1700343487262 -0.00068359375 0
1700343567789 -0.00341796875 0
1700343648366 -0.00048828125 0
1700343728638 0.00498046875 0
1700343810195 -0.00595703125 0
1700343894230 0.0103515625 0
1700343975125 -0.00126953125 0
1700344055704 -0.001953125 0
1700344136302 0.01376953125 0
1700344216545 -0.01962890625 0
1700344296609 0.0025390625 0
1700344376785 0.0048828125 0
1700344457062 0.0005859375 0
1700344537281 -0.00244140625 0
1700344617508 0.000390625 0
1700344697910 0.00244140625 0
1700344778322 0.0021484375 0
1700344858637 0.0064453125 0
1700344938901 -0.00234375 0
1700345019494 -0.002734375 0
1700345099933 0.00625 0
1700345180321 -0.014453125 0
1700345260650 0.00185546875 0
1700345340950 -0.00126953125 0
1700345421291 -0.000390625 0
1700345501997 0.00380859375 0
1700345582185 -0.0189453125 0
1700345663989 0.0080078125 0
1700345747721 -0.0080078125 0
1700345832094 0.009375 0
1700345912646 0.0009765625 0
1700345992986 0.003515625 0
1700346077562 0.003515625 0
1700346157681 0.00283203125 0
1700346237759 0.0048828125 0
1700346318085 0.0037109375 0
1700346398289 0.0041015625 0
1700346478837 -0.00419921875 0
1700346559193 0.0029296875 0
1700346639631 0.00263671875 0
1700346720028 0.0013671875 0
1700346800486 -0.0009765625 0
1700346880745 -0.0013671875 0
1700346961158 0.00341796875 0
1700347041397 0.0005859375 0
1700347121605 -0.00224609375 0
1700347203182 0.00078125 0
1700347287244 0.00048828125 0
1700347368741 -0.00224609375 0
1700347449077 -0.003515625 0
1700347529429 -0.00224609375 0
1700347609740 0.00078125 0
1700347690094 0.00205078125 0
1700347770229 -0.00205078125 0
1700347850700 0.00458984375 0
1700347930907 0.0046875 0
1700348011314 -0.0021484375 0
1700348094870 -0.0123046875 0
1700348175135 0.0044921875 0
1700348255517 0.0015625 0
1700348335794 -0.00654296875 0
1700348415894 0.0044921875 0
1700348496107 -0.00439453125 0
1700348576582 -0.00185546875 0
1700348656942 -0.0015625 0
1700348737126 0.00283203125 0
1700348817298 9.765625e-05 0
1700348897720 0.0029296875 0
1700348978305 -0.0037109375 0
1700349062237 0.00048828125 0
1700349144645 -0.00439453125 0
1700349225022 -0.00498046875 0
1700349305486 0.00302734375 0
1700349385840 0.003125 0
1700349466221 -0.00205078125 0
1700349546653 0.00087890625 0
1700349627114 0.00439453125 0
1700349708466 0.00126953125 0
1700349788713 0.00224609375 0
1700349869105 -0.00302734375 0
1700349949389 -0.03046875 0
1700350029687 0.00546875 0
1700350311115 -0.00068359375 0
1700350391442 -0.00244140625 0
1700350471886 0.00859375 0
1700350552330 -0.0134765625 0
1700350632661 0.006640625 0
1700350712798 0.0078125 0
1700350793185 0.00869140625 0
1700350874218 0.0001953125 0
1700350958135 -0.002734375 0
1700351039700 0.0013671875 0
1700351119989 -0.00107421875 0
1700351200394 0.00400390625 0
1700351280821 -0.0005859375 0
1700351361181 0.00263671875 0
1700351441613 -0.00732421875 0
1700351522033 -0.00703125 0
1700351602218 0.001171875 0
1700351682622 0.009375 0
1700351766305 -0.00625 0
1700351846660 -0.001171875 0
1700351926937 -0.0029296875 0
1700352006876 0.0037109375 0
1700352087289 0.00478515625 0
1700352168307 0.0005859375 0
1700352251970 0.00517578125 0
1700352333450 -0.0341796875 0
1700352413973 -0.0029296875 0
1700352494511 -0.08876953125 0
1700352574829 -0.041796875 0
1700352655129 0.0525390625 0
1700352735391 0.0197265625 0
1700352815768 0.034765625 0
1700352895937 0.0224609375 0
1700352976229 0.01591796875 0
1700353056366 0.00478515625 0
1700353136643 0.0078125 0
1700353217044 0.006640625 0
1700353297960 0.00556640625 0
1700353378129 -0.001953125 0
1700353458485 -0.00107421875 0
1700353538883 0.003515625 0
1700353619193 0.00185546875 0
1700353699291 -0.0037109375 0
1700353779626 0.00087890625 0
1700353861554 0.00498046875 0
1700353945987 0.0 0
1700354027308 -0.00546875 0
1700354107496 0.00458984375 0
1700354187715 -0.00048828125 0
1700354267882 -0.00927734375 0
1700354348089 0.0072265625 0
1700354428606 -0.01171875 0
1700354509101 -0.00595703125 0
1700354589413 -0.00986328125 0
1700354669828 0.011328125 0
1700354750383 -0.0025390625 0
1700354830985 -0.0185546875 0
1700354911305 -0.00458984375 0
1700354991805 -0.10869140625 0
1700355072085 -0.00380859375 0
1700355152387 -0.0369140625 0
1700355232654 -0.0271484375 0
1700355312937 0.07646484375 0
1700355393386 0.03623046875 0
1700355473575 0.05048828125 0
1700355556989 0.0146484375 0
1700355637350 0.0189453125 0
1700355717432 0.00302734375 0
1700355797677 0.011328125 0
1700355877937 -0.005859375 0
1700355958175 -0.00048828125 0
1700356038509 0.00625 0
1700356118871 0.0021484375 0
1700356199425 0.00126953125 0
1700356283468 0.0033203125 0
1700356366585 -0.00380859375 0
1700356446790 -0.0033203125 0
1700356527243 0.000390625 0
1700356607674 -0.02294921875 0
1700356688022 0.01787109375 0
1700356768321 -0.09482421875 0
1700356848662 -0.102734375 0
1700356930163 0.04150390625 0
1700357010554 -0.02216796875 0
1700357091086 0.04873046875 0
1700357171446 -0.03984375 0
1700357251691 0.0279296875 0
1700357331974 -0.010546875 0
1700357412210 0.00390625 0
1700357492401 0.06845703125 0
1700357572589 0.03486328125 0
1700357652887 0.02509765625 0
1700357733294 0.00341796875 0
1700357813443 0.00615234375 0
1700357893816 0.00908203125 0
1700357974033 0.00517578125 0
1700358054460 -0.00380859375 0
1700358138487 -0.01162109375 0
1700358220890 0.001953125 0
1700358301497 -0.001171875 0
1700358381869 -0.00556640625 0
1700358462138 0.0013671875 0
1700358542485 0.00810546875 0
1700358622731 0.00048828125 0
1700358703269 -0.00615234375 0
1700358783334 0.00458984375 0
1700358863412 -0.008203125 0
1700358943731 0.00771484375 0
1700359024164 -0.005078125 0
1700359104284 -0.00546875 0
1700359184491 0.0044921875 0
1700359268676 0.0005859375 0
1700359353664 0.00107421875 0
1700359435690 0.0015625 0
1700359515937 -0.0017578125 0
1700359596203 -0.0087890625 0
1700359676421 -0.0138671875 0
1700359756737 0.0185546875 0
1700359837182 -0.0103515625 0
1700359917606 0.00888671875 0
1700359998193 -0.00048828125 0
1700360078605 0.0015625 0
1700360158949 0.0001953125 0
1700360239433 -0.00732421875 0
1700360319837 0.0052734375 0
1700360400185 -0.0025390625 0
1700360480333 0.01240234375 0
1700360560978 -0.005078125 0
1700360641298 0.00986328125 0
1700360721512 -0.00224609375 0
1700360801838 -0.0099609375 0
1700360882362 0.00615234375 0
1700360962705 0.00478515625 0
1700361043022 0.00263671875 0
1700361123229 0.00224609375 0
1700361203413 -0.0037109375 0
1700361283729 -0.0015625 0
1700361364209 0.00283203125 0
1700361444594 -0.0080078125 0
1700361524798 -0.06142578125 0
1700361604947 -0.0537109375 0
1700361685237 0.05107421875 0
1700361765558 0.0353515625 0
1700361848119 0.02607421875 0
1700361932176 0.01484375 0
1700362012493 0.000390625 0
1700362092793 -0.00224609375 0
1700362173191 -0.0076171875 0
1700362253525 -0.00166015625 0
1700362333638 0.00068359375 0
1700362414019 -0.00361328125 0
1700362494321 0.00556640625 0
1700362574650 0.00029296875 0
1700362654890 -0.00185546875 0
1700362735150 -0.001953125 0
1700362815569 -0.00107421875 0
1700362895818 0.00029296875 0
1700362976050 0.0001953125 0
1700363056499 0.0029296875 0
1700363136792 0.00498046875 0
1700363216913 -0.00302734375 0
1700363297241 0.00068359375 0
1700363377714 0.00439453125 0
1700363455113 -0.00166015625 0
1700363746197 -0.00361328125 0
1700363826718 -0.0029296875 0
1700363906914 0.00947265625 0
1700363987148 9.765625e-05 0
1700364067583 -0.01259765625 0
1700364148946 0.00166015625 0
1700364229215 0.00146484375 0
1700364309639 0.007421875 0
1700364389818 -0.008984375 0
1700364470047 0.0052734375 0
1700364550488 -0.0029296875 0
1700364630816 0.00234375 0
1700364713171 -0.00341796875 0
1700364796708 -0.00107421875 0
1700364877233 -0.00078125 0
1700364957797 0.004296875 0
1700365037995 -0.00224609375 0
1700365118398 0.00185546875 0
1700365198854 0.00654296875 0
1700365279125 0.00146484375 0
1700365359479 0.00078125 0
1700365439624 -0.0029296875 0
1700365520068 -0.00673828125 0
1700365600610 0.00517578125 0
1700365680893 -0.00048828125 0
1700365761485 -0.00830078125 0
1700365841755 -0.00126953125 0
1700365922094 0.00498046875 0
1700366002495 0.003125 0
1700366082784 -0.003515625 0
1700366162914 0.000390625 0
1700366243344 -0.00927734375 0
1700366323704 0.00419921875 0
1700366404397 0.0037109375 0
1700366484642 0.00380859375 0
1700366565272 0.00341796875 0
1700366645683 -0.00341796875 0
1700366725998 0.00263671875 0
1700366806520 -0.00537109375 0
1700366886797 -0.00390625 0
1700366967089 0.00322265625 0
1700367047267 -0.00283203125 0
1700367127535 0.00693359375 0
1700367207942 0.00478515625 0
1700367291716 -0.00224609375 0
1700367374869 0.00126953125 0
1700367455209 -0.00341796875 0
1700367535508 0.00341796875 0
1700367615997 -0.015234375 0
1700367696391 0.00712890625 0
1700367777390 0.00458984375 0
1700367857630 -0.00478515625 0
1700367938074 -0.00107421875 0
1700368018990 -0.00078125 0
1700368099401 -0.00126953125 0
1700368179410 0.003515625 0
1700368259549 -9.765625e-05 0
1700368340738 0.00078125 0
1700368424516 0.0048828125 0
1700368505593 0.00302734375 0
1700368585805 0.00029296875 0
1700368665985 -0.000390625 0
1700368746297 -0.0025390625 0
1700368826614 -0.0033203125 0
1700368906985 0.00341796875 0
1700368987286 -0.00302734375 0
1700369067845 0.000390625 0
1700369148302 0.00263671875 0
1700369232185 -0.00087890625 0
1700369312509 9.765625e-05 0
1700369392894 0.00400390625 0
1700369473181 -0.0029296875 0
1700369553253 -0.0083984375 0
1700369633629 0.00107421875 0
1700369714190 -0.02109375 0
1700369794485 0.0189453125 0
1700369874803 0.01279296875 0
1700369955185 0.0046875 0
1700370035464 -0.023828125 0
1700370119386 0.012109375 0
1700370199945 -0.00048828125 0
1700370283790 -0.00166015625 0
1700370364346 -0.00849609375 0
1700370444770 0.0044921875 0
1700370525517 0.00126953125 0
1700370609907 0.0037109375 0
1700370691941 0.005078125 0
1700370772033 -0.0052734375 0
1700370852443 -0.000390625 0
1700370932750 -0.005078125 0
1700371012977 -0.0001953125 0
1700371093221 0.010546875 0
1700371173354 0.00107421875 0
1700371253611 -0.0306640625 0
1700371333949 0.0150390625 0
1700371415065 0.01142578125 0
1700371495102 0.00244140625 0
1700371575222 -0.00595703125 0
1700371655459 -0.00224609375 0
1700371735398 0.008984375 0
1700371815413 -0.0134765625 0
1700371895517 -0.00234375 0
1700371975474 0.00859375 0
1700372055622 0.00205078125 0
1700372135738 -0.00048828125 0
1700372215858 -0.0013671875 0
1700372296018 0.00439453125 0
1700372377134 -0.01015625 0
1700372460750 -0.00654296875 0
1700372542470 -0.05673828125 0
1700372622749 -0.03642578125 0
1700372702873 0.06123046875 0
1700372782917 0.00576171875 0
1700372863014 0.04970703125 0
1700372943200 0.0068359375 0
1700373023282 -0.00634765625 0
1700373103517 -0.00439453125 0
1700373183574 -0.003515625 0
1700373263779 -0.01806640625 0
1700373343957 -0.0275390625 0
1700373424225 -0.06142578125 0
1700373504386 0.06943359375 0
1700373584598 0.0359375 0
1700373664794 0.01904296875 0
1700373744877 -0.02431640625 0
1700373826319 -0.005078125 0
1700373910016 0.00791015625 0
1700373990842 0.0025390625 0
1700374071201 -0.00224609375 0
1700374151270 0.0056640625 0
1700374231273 -0.00556640625 0
1700374311306 -0.00283203125 0
1700374391434 0.00673828125 0
1700374471538 0.002734375 0
1700374551439 -0.0021484375 0
1700374631434 0.00029296875 0
1700374711451 0.0009765625 0
1700374791570 -0.00615234375 0
1700374871806 0.00478515625 0
1700374952002 -0.0078125 0
1700375033285 0.006640625 0
1700375113437 0.00400390625 0
1700375193621 -0.01220703125 0
1700375273665 0.00849609375 0
1700375353714 -0.0025390625 0
1700375433911 0.00341796875 0
1700375514053 -0.0099609375 0
1700375594182 0.0087890625 0
1700375674110 -0.01533203125 0
1700375754222 -0.00947265625 0
1700375834485 0.017578125 0
1700375915435 -0.000390625 0
1700375999392 0.01201171875 0
1700376080774 0.00029296875 0
1700376160846 -0.01064453125 0
1700376240921 -0.0033203125 0
1700376321113 0.00615234375 0
1700376401402 0.00751953125 0
1700376481410 -0.00244140625 0
1700376561638 -0.004296875 0
1700376641950 -0.00087890625 0
1700376722142 -0.00126953125 0
1700376802246 0.001171875 0
