1700310552241 0.09999923408031464 0
1700310624004 0.9738256335258484 0
1700310703840 1.8726842403411865 0
1700310787026 2.49743914604187 0
1700310867469 2.5993282794952393 0
1700310947480 2.020334482192993 0
1700311027368 0.8915361166000366 0
1700311110053 -0.5449472665786743 0
1700311192726 -2.131805419921875 0
1700311272568 -3.7901127338409424 0
1700311352535 -5.45979642868042 0
1700311435832 -7.140314102172852 0
1700311515844 -8.836844444274902 0
1700311595868 -10.546805381774902 0
1700311675824 -12.264899253845215 0
1700311755768 -13.988520622253418 0
1700311835633 -15.714942932128906 0
1700311915608 -17.44243621826172 0
1700311995504 -19.170690536499023 0
1700312075540 -20.899185180664062 0
1700312155379 -22.626567840576172 0
1700312235356 -24.349262237548828 0
1700312315284 -26.06501007080078 0
1700312395295 -27.77598762512207 0
1700312475116 -29.484386444091797 0
1700312554976 -31.190296173095703 0
1700312634720 -32.8924560546875 0
1700312714452 -34.589595794677734 0
1700312794259 -36.284873962402344 0
1700312874058 -37.98039245605469 0
1700312953943 -39.674678802490234 0
1700313037045 -41.363277435302734 0
1700313117065 -43.04308319091797 0
1700313197119 -44.72134780883789 0
1700313280008 -46.3942756652832 0
1700313364593 -48.056983947753906 0
1700313444500 -49.70933151245117 0
1700313525072 -51.3463134765625 0
1700313604812 -52.961429595947266 0
1700313684696 -54.56547546386719 0
1700313764609 -56.169647216796875 0
1700313847676 -57.77476501464844 0
1700313927563 -59.378238677978516 0
1700314007447 -60.97556686401367 0
1700314087380 -62.56336975097656 0
1700314167213 -64.14109802246094 0
1700314247085 -65.70625305175781 0
1700314326880 -67.25386047363281 0
1700314406684 -68.78434753417969 0
1700314489940 -70.2996597290039 0
1700314570015 -71.79973602294922 0
1700314650017 -73.28948974609375 0
1700314733197 -74.76445770263672 0
1700314814820 -76.22279357910156 0
1700314894892 -77.67516326904297 0
1700314974716 -79.1274185180664 0
1700315054555 -80.57099914550781 0
1700315134323 -81.99618530273438 0
1700315214176 -83.4026870727539 0
1700315294029 -84.80219268798828 0
1700315373642 -86.19889831542969 0
1700315453680 -87.58966064453125 0
1700315533661 -88.97679138183594 0
1700315613504 -90.35938262939453 0
1700315696596 -91.7402572631836 0
1700315776480 -93.11990356445312 0
1700315856491 -94.49384307861328 0
1700315936354 -95.85853576660156 0
1700316019367 -97.21678924560547 0
1700316099103 -98.57565307617188 0
1700316181543 -99.93549346923828 0
1700316264730 -101.29032897949219 0
1700316344643 -102.6400375366211 0
1700316424636 -103.98365020751953 0
1700316504344 -105.3193359375 0
1700316584152 -106.64337158203125 0
1700316664031 -107.95805358886719 0
1700316743771 -109.27223205566406 0
1700316823592 -110.58828735351562 0
1700316903371 -111.90479278564453 0
1700316983271 -113.2204360961914 0
1700317063135 -114.53533172607422 0
1700317143918 -115.84627532958984 0
1700317223833 -117.14837646484375 0
1700317303719 -118.44448852539062 0
1700317383554 -119.73466491699219 0
1700317463382 -121.01673889160156 0
1700317543063 -122.29241180419922 0
1700317622923 -123.56168365478516 0
1700317702939 -124.82754516601562 0
1700317782696 -126.09127807617188 0
1700317862482 -127.35065460205078 0
1700317942376 -128.60775756835938 0
1700318022617 -129.86895751953125 0
1700318106510 -131.13104248046875 0
1700318187484 -132.3837127685547 0
1700318267491 -133.62442016601562 0
1700318347283 -134.8593292236328 0
1700318427228 -136.08692932128906 0
1700318506984 -137.30947875976562 0
1700318586751 -138.5281982421875 0
1700318666640 -139.73887634277344 0
1700318746464 -140.94287109375 0
1700318826395 -142.14373779296875 0
1700318906413 -143.34249877929688 0
1700318986370 -144.54176330566406 0
1700319069476 -145.74630737304688 0
1700319149200 -146.95809936523438 0
1700319229028 -148.1762237548828 0
1700319308907 -149.4012451171875 0
1700319388580 -150.6354217529297 0
1700319468322 -151.87889099121094 0
1700319547935 -153.12908935546875 0
1700319627655 -154.38746643066406 0
1700319707472 -155.6535186767578 0
1700319787308 -156.9239044189453 0
1700319867260 -158.1951904296875 0
1700319946980 -159.4680633544922 0
1700320026642 -160.7448272705078 0
1700320106355 -162.02581787109375 0
1700320186047 -163.31358337402344 0
1700320270787 -164.59954833984375 0
1700320354213 -165.85525512695312 0
1700320434363 -167.05369567871094 0
1700320514291 -168.1734619140625 0
1700320594107 -169.2282257080078 0
1700320673940 -170.227783203125 0
1700320754701 -171.1804962158203 0
1700320834575 -172.08999633789062 0
1700320914491 -172.95909118652344 0
1700320994236 -173.79132080078125 0
1700321074150 -174.58840942382812 0
1700321154155 -175.35147094726562 0
1700321234092 -176.0838623046875 0
1700321314056 -176.78622436523438 0
1700321393954 -177.4600067138672 0
1700321473836 -178.10658264160156 0
1700321553788 -178.7283172607422 0
1700321633920 -179.32550048828125 0
1700321713864 -179.89796447753906 0
1700321796235 -180.4490966796875 0
1700321879099 -180.97967529296875 0
1700321958923 -181.4907684326172 0
1700322038808 -181.98228454589844 0
1700322118604 -182.4548797607422 0
1700322198543 -182.908447265625 0
1700322278541 -183.3435821533203 0
1700322358464 -183.76121520996094 0
1700322438450 -184.16326904296875 0
1700322518411 -184.5503387451172 0
1700322598423 -184.92283630371094 0
1700322678407 -185.28012084960938 0
1700322758570 -185.6230010986328 0
1700322838415 -185.95155334472656 0
1700322918256 -186.2675323486328 0
1700322998303 -186.57179260253906 0
1700323078243 -186.86434936523438 0
1700323158049 -187.14520263671875 0
1700323237921 -187.41201782226562 0
1700323317963 -187.6692352294922 0
1700323398825 -187.9161834716797 0
1700323482437 -188.15335083007812 0
1700323563778 -188.3808135986328 0
1700323680847 -188.59832763671875 0
1700323761191 -188.8070526123047 0
1700323841832 -189.00596618652344 0
1700323922226 -189.19728088378906 0
1700324002692 -189.38134765625 0
1700324083083 -189.557373046875 0
1700324163502 -189.7254638671875 0
1700324243911 -189.885498046875 0
1700324324524 -190.03988647460938 0
1700324405664 -190.1875 0
1700324486009 -190.32852172851562 0
1700324566376 -190.4635009765625 0
1700324646761 -190.59243774414062 0
1700324727476 -190.71461486816406 0
1700324807947 -190.83197021484375 0
1700324888304 -190.9440155029297 0
1700324968764 -191.0507049560547 0
1700325049127 -191.1522216796875 0
1700325129524 -191.24908447265625 0
1700325210171 -191.34120178222656 0
1700325290899 -191.42678833007812 0
1700325371289 -191.51016235351562 0
1700325451859 -191.58956909179688 0
1700325532296 -191.66392517089844 0
1700325612624 -191.73532104492188 0
1700325693063 -191.80441284179688 0
1700325773404 -191.87062072753906 0
1700325856317 -191.93362426757812 0
1700325939636 -191.99325561523438 0
1700326019990 -192.04954528808594 0
1700326100234 -192.10292053222656 0
1700326180416 -192.15396118164062 0
1700326260852 -192.2012939453125 0
1700326341380 -192.24647521972656 0
1700326421603 -192.28968811035156 0
1700326502069 -192.33021545410156 0
1700326582428 -192.3690185546875 0
1700326662848 -192.40602111816406 0
1700326743272 -192.441162109375 0
1700326823526 -192.47267150878906 0
1700326903992 -192.50347900390625 0
1700326984524 -192.53201293945312 0
1700327068192 -192.55906677246094 0
1700327150134 -192.58226013183594 0
1700327230592 -192.6058349609375 0
1700327311049 -192.6291961669922 0
1700327391296 -192.65142822265625 0
1700327471703 -192.67214965820312 0
1700327552022 -192.6910858154297 0
1700327632335 -192.70956420898438 0
1700327712679 -192.72743225097656 0
1700327793097 -192.7440643310547 0
1700327873562 -192.7589569091797 0
1700327954077 -192.7732696533203 0
1700328035624 -192.78631591796875 0
1700328115950 -192.79879760742188 0
1700328196249 -192.81155395507812 0
1700328276528 -192.8233642578125 0
1700328356936 -192.8333740234375 0
1700328437232 -192.84329223632812 0
1700328517504 -192.85243225097656 0
1700328597974 -192.8614044189453 0
1700328678336 -192.87008666992188 0
1700328758645 -192.87869262695312 0
1700328838967 -192.88705444335938 0
1700328919281 -192.89413452148438 0
1700328999618 -192.90110778808594 0
1700329080088 -192.90765380859375 0
1700329162754 -192.91363525390625 0
1700329246691 -192.91876220703125 0
1700329327030 -192.924072265625 0
1700329407476 -192.9288787841797 0
1700329487598 -192.93350219726562 0
1700329567896 -192.93800354003906 0
1700329648169 -192.94168090820312 0
1700329728412 -192.9442138671875 0
1700329811906 -192.94546508789062 0
1700329892100 -192.94869995117188 0
1700329972552 -192.95106506347656 0
1700330052664 -192.95103454589844 0
1700330133116 -192.95358276367188 0
1700330213416 -192.95619201660156 0
1700330293636 -192.9593505859375 0
1700330373888 -192.9626922607422 0
1700330454104 -192.96575927734375 0
1700330534440 -192.96815490722656 0
1700330614821 -192.9705047607422 0
1700330695088 -192.97276306152344 0
1700330775279 -192.9749298095703 0
1700330857828 -192.9772186279297 0
1700330941479 -192.97886657714844 0
1700331021796 -192.9791259765625 0
1700331102012 -192.980224609375 0
1700331182307 -192.98080444335938 0
1700331262624 -192.9814453125 0
1700331343052 -192.9823760986328 0
1700331423368 -192.983642578125 0
1700331503759 -192.98492431640625 0
1700331584366 -192.98667907714844 0
1700331665311 -192.98788452148438 0
1700331745543 -192.98880004882812 0
1700331825591 -192.98989868164062 0
1700331905803 -192.9905548095703 0
1700331985939 -192.99119567871094 0
1700332066223 -192.99168395996094 0
1700332146442 -192.99266052246094 0
1700332226569 -192.99261474609375 0
1700332306683 -192.9930419921875 0
1700332386806 -192.99378967285156 0
1700332466881 -192.99497985839844 0
1700332546992 -192.99554443359375 0
1700332627120 -192.99554443359375 0
1700332707378 -192.99526977539062 0
1700332789508 -192.99598693847656 0
1700332873128 -192.99630737304688 0
1700332953358 -192.9956817626953 0
1700333033620 -192.99520874023438 0
1700333113775 -192.995361328125 0
1700333193904 -192.99560546875 0
1700333274131 -192.994873046875 0
1700333354326 -192.99671936035156 0
1700333434471 -192.997802734375 0
1700333514744 -192.9995880126953 0
1700333595030 -193.0008544921875 0
1700333678837 -193.0017547607422 0
1700333758836 -193.00216674804688 0
1700333839016 -193.00277709960938 0
1700333919282 -193.0030059814453 0
1700333999291 -193.00367736816406 0
1700334079557 -193.0036163330078 0
1700334159616 -193.0040283203125 0
1700334241042 -193.00404357910156 0
1700334324953 -193.00379943847656 0
1700334409409 -193.00477600097656 0
1700334489559 -193.0048065185547 0
1700334569593 -193.00515747070312 0
1700334649885 -193.0075225830078 0
1700334730066 -193.0089874267578 0
1700334810123 -193.00892639160156 0
1700334890294 -193.00860595703125 0
1700334970365 -193.00970458984375 0
1700335050420 -193.01068115234375 0
1700335130579 -193.01121520996094 0
1700335211486 -193.0113067626953 0
1700335291459 -193.0110321044922 0
1700335371509 -193.01161193847656 0
1700335451712 -193.01039123535156 0
1700335531732 -193.00965881347656 0
1700335611819 -193.00868225097656 0
1700335691896 -193.00904846191406 0
1700335771960 -193.00924682617188 0
1700335852436 -193.00985717773438 0
1700335932719 -193.01051330566406 0
1700336012736 -193.01278686523438 0
1700336092804 -193.01397705078125 0
1700336172974 -193.0140838623047 0
1700336253320 -193.0132293701172 0
1700336333699 -193.01296997070312 0
1700336414227 -193.01382446289062 0
1700336494361 -193.01370239257812 0
1700336574799 -193.01344299316406 0
1700336656400 -193.01394653320312 0
1700336740753 -193.0150909423828 0
1700336822287 -193.01651000976562 0
1700336950632 -193.01943969726562 0
1700337034196 -193.02369689941406 0
1700337114583 -193.0081024169922 0
1700337194945 -192.97499084472656 0
1700337275432 -192.94656372070312 0
1700337355993 -192.93685913085938 0
1700337436383 -192.9359130859375 0
1700337516651 -192.93760681152344 0
1700337596856 -192.938232421875 0
1700337677233 -192.94158935546875 0
1700337757944 -192.94515991210938 0
1700337838603 -192.9485321044922 0
1700337918897 -192.95169067382812 0
1700337999291 -192.95449829101562 0
1700338079744 -192.9576873779297 0
1700338160033 -192.95814514160156 0
1700338240411 -192.95816040039062 0
1700338320680 -192.95706176757812 0
1700338402102 -192.9585418701172 0
1700338485972 -192.9580535888672 0
1700338567041 -192.95956420898438 0
1700338647389 -192.96063232421875 0
1700338727606 -192.9610595703125 0
1700338808109 -192.9620361328125 0
1700338889123 -192.96238708496094 0
1700338969406 -192.9624786376953 0
1700339049918 -192.9633026123047 0
1700339130434 -192.9642791748047 0
1700339210794 -192.96414184570312 0
1700339290905 -192.96371459960938 0
1700339371063 -192.96495056152344 0
1700339451579 -192.9649200439453 0
1700339531879 -192.9642333984375 0
1700339612185 -192.96128845214844 0
1700339692470 -192.94586181640625 0
1700339773210 -192.93746948242188 0
1700339854130 -192.93753051757812 0
1700339934664 -192.93960571289062 0
1700340018241 -192.9429931640625 0
1700340101506 -192.94259643554688 0
1700340182199 -192.9453582763672 0
1700340262378 -192.9462127685547 0
1700340342469 -192.94873046875 0
1700340422518 -192.9503936767578 0
1700340502827 -192.95230102539062 0
1700340583091 -192.95399475097656 0
1700340666734 -192.95570373535156 0
1700340746904 -192.9580078125 0
1700340827169 -192.95989990234375 0
1700340910725 -192.96014404296875 0
1700340990801 -192.96197509765625 0
1700341070960 -192.96218872070312 0
1700341151335 -192.96307373046875 0
1700341231787 -192.9622039794922 0
1700341313256 -192.9621124267578 0
1700341397248 -192.96136474609375 0
1700341478647 -192.96109008789062 0
1700341559014 -192.96224975585938 0
1700341639219 -192.96275329589844 0
1700341719591 -192.96348571777344 0
1700341800128 -192.96353149414062 0
1700341880519 -192.96307373046875 0
1700341960843 -192.9637908935547 0
1700342041194 -192.9638214111328 0
1700342121755 -192.96324157714844 0
1700342202090 -192.9630126953125 0
1700342282393 -192.96347045898438 0
1700342362715 -192.96339416503906 0
1700342443484 -192.96331787109375 0
1700342523881 -192.96388244628906 0
1700342604155 -192.9613494873047 0
1700342684458 -192.96090698242188 0
1700342764489 -192.96104431152344 0
1700342844698 -192.95925903320312 0
1700342924887 -192.95986938476562 0
1700343005093 -192.96035766601562 0
1700343085386 -192.9583740234375 0
1700343165893 -192.95834350585938 0
1700343246235 -192.95860290527344 0
1700343326549 -192.9591827392578 0
1700343406723 -192.9600372314453 0
1700343487263 -192.95974731445312 0
1700343567790 -192.95872497558594 0
1700343648367 -192.9575653076172 0
1700343728639 -192.9586639404297 0
1700343810196 -192.9585418701172 0
1700343894232 -192.9600830078125 0
1700343975127 -192.96142578125 0
1700344055706 -192.961669921875 0
1700344136303 -192.9632110595703 0
1700344216546 -192.9625244140625 0
1700344296610 -192.95997619628906 0
1700344376786 -192.96070861816406 0
1700344457063 -192.96107482910156 0
1700344537283 -192.96092224121094 0
1700344617509 -192.96022033691406 0
1700344697911 -192.9607391357422 0
1700344778323 -192.96107482910156 0
1700344858638 -192.96290588378906 0
1700344938902 -192.96377563476562 0
1700345019495 -192.96347045898438 0
1700345099935 -192.96484375 0
1700345180322 -192.96444702148438 0
1700345260651 -192.9612579345703 0
1700345340951 -192.96144104003906 0
1700345421292 -192.95947265625 0
1700345501998 -192.9602813720703 0
1700345582187 -192.95729064941406 0
1700345663991 -192.956298828125 0
1700345747722 -192.95571899414062 0
1700345832096 -192.95616149902344 0
1700345912647 -192.95797729492188 0
1700345992987 -192.95895385742188 0
1700346077563 -192.96044921875 0
1700346157682 -192.9617462158203 0
1700346237760 -192.96351623535156 0
1700346318087 -192.96559143066406 0
1700346398290 -192.96713256835938 0
1700346478839 -192.96766662597656 0
1700346559194 -192.96749877929688 0
1700346639633 -192.96856689453125 0
1700346720029 -192.96914672851562 0
1700346800487 -192.96945190429688 0
1700346880746 -192.96905517578125 0
1700346961159 -192.9689483642578 0
1700347041399 -192.97018432617188 0
1700347121606 -192.96949768066406 0
1700347203183 -192.9693603515625 0
1700347287245 -192.96902465820312 0
1700347368742 -192.9696044921875 0
1700347449078 -192.9680633544922 0
1700347529430 -192.96688842773438 0
1700347609742 -192.9657440185547 0
1700347690095 -192.9667510986328 0
1700347770230 -192.9661102294922 0
1700347850701 -192.9668426513672 0
1700347930909 -192.96914672851562 0
1700348011315 -192.96969604492188 0
1700348094871 -192.96658325195312 0
1700348175136 -192.96572875976562 0
1700348255519 -192.966552734375 0
1700348335795 -192.96575927734375 0
1700348415895 -192.96592712402344 0
1700348496108 -192.96600341796875 0
1700348576583 -192.96287536621094 0
1700348656943 -192.9613800048828 0
1700348737127 -192.9615478515625 0
1700348817299 -192.9617156982422 0
1700348897721 -192.96286010742188 0
1700348978306 -192.9630584716797 0
1700349062239 -192.96311950683594 0
1700349144647 -192.9625701904297 0
1700349225023 -192.9609375 0
1700349305488 -192.96017456054688 0
1700349385841 -192.9612274169922 0
1700349466222 -192.96165466308594 0
1700349546654 -192.96145629882812 0
1700349627115 -192.96234130859375 0
1700349708467 -192.96368408203125 0
1700349788714 -192.9644317626953 0
1700349869106 -192.9641876220703 0
1700349949390 -192.95574951171875 0
1700350029688 -192.9514617919922 0
1700350311117 -192.9508514404297 0
1700350391443 -192.94651794433594 0
1700350471887 -192.94976806640625 0
1700350552331 -192.946533203125 0
1700350632663 -192.9468231201172 0
1700350712799 -192.95046997070312 0
1700350793186 -192.95492553710938 0
1700350874219 -192.95806884765625 0
1700350958136 -192.9581756591797 0
1700351039701 -192.9577178955078 0
1700351119991 -192.957763671875 0
1700351200395 -192.9570770263672 0
1700351280822 -192.95945739746094 0
1700351361182 -192.9595947265625 0
1700351441614 -192.95864868164062 0
1700351522034 -192.9532928466797 0
1700351602219 -192.95057678222656 0
1700351682623 -192.95359802246094 0
1700351766306 -192.9539794921875 0
1700351846661 -192.95428466796875 0
1700351926939 -192.9546356201172 0
1700352006877 -192.95213317871094 0
1700352087290 -192.95526123046875 0
1700352168309 -192.95457458496094 0
1700352251972 -192.9570770263672 0
1700352333451 -192.95187377929688 0
1700352413974 -192.9397735595703 0
1700352494512 -192.91505432128906 0
1700352574831 -192.8740997314453 0
1700352655130 -192.87210083007812 0
1700352735392 -192.885009765625 0
1700352815769 -192.90371704101562 0
1700352895938 -192.9227752685547 0
1700352976231 -192.93740844726562 0
1700353056367 -192.9466552734375 0
1700353136644 -192.9522247314453 0
1700353217045 -192.95787048339844 0
1700353297961 -192.96205139160156 0
1700353378130 -192.96409606933594 0
1700353458487 -192.96331787109375 0
1700353538884 -192.96336364746094 0
1700353619195 -192.9652099609375 0
1700353699292 -192.9641571044922 0
1700353779627 -192.96328735351562 0
1700353861556 -192.9649658203125 0
1700353945989 -192.96664428710938 0
1700354027310 -192.9644317626953 0
1700354107497 -192.96510314941406 0
1700354187716 -192.96617126464844 0
1700354267883 -192.96377563476562 0
1700354348091 -192.96444702148438 0
1700354428607 -192.9627227783203 0
1700354509103 -192.95877075195312 0
1700354589415 -192.94923400878906 0
1700354669829 -192.94924926757812 0
1700354750384 -192.95082092285156 0
1700354830986 -192.94781494140625 0
1700354911307 -192.94166564941406 0
1700354991806 -192.90158081054688 0
1700355072087 -192.85891723632812 0
1700355152388 -192.84461975097656 0
1700355232655 -192.81195068359375 0
1700355312938 -192.8257598876953 0
1700355393387 -192.85801696777344 0
1700355473576 -192.89341735839844 0
1700355556990 -192.92074584960938 0
1700355637351 -192.93898010253906 0
1700355717433 -192.9505157470703 0
1700355797678 -192.95826721191406 0
1700355877938 -192.962158203125 0
1700355958176 -192.9606475830078 0
1700356038511 -192.96176147460938 0
1700356118872 -192.96482849121094 0
1700356199426 -192.96487426757812 0
1700356283469 -192.9678955078125 0
1700356366586 -192.96694946289062 0
1700356446791 -192.9641876220703 0
1700356527245 -192.96279907226562 0
1700356607675 -192.95523071289062 0
1700356688023 -192.95472717285156 0
1700356768322 -192.9309844970703 0
1700356848663 -192.8536376953125 0
1700356930164 -192.8226776123047 0
1700357010555 -192.81654357910156 0
1700357091087 -192.82273864746094 0
1700357171447 -192.8264923095703 0
1700357251693 -192.82118225097656 0
1700357331976 -192.83360290527344 0
1700357412211 -192.8247528076172 0
1700357492402 -192.85594177246094 0
1700357572590 -192.89271545410156 0
1700357652888 -192.92300415039062 0
1700357733295 -192.93905639648438 0
1700357813444 -192.94854736328125 0
1700357893817 -192.95729064941406 0
1700357974034 -192.96450805664062 0
1700358054461 -192.9672393798828 0
1700358138488 -192.96441650390625 0
1700358220891 -192.9606170654297 0
1700358301498 -192.96046447753906 0
1700358381871 -192.95823669433594 0
1700358462139 -192.95533752441406 0
1700358542486 -192.95742797851562 0
1700358622732 -192.9613494873047 0
1700358703270 -192.95628356933594 0
1700358783335 -192.95726013183594 0
1700358863414 -192.95562744140625 0
1700358943732 -192.95738220214844 0
1700359024165 -192.95762634277344 0
1700359104285 -192.95510864257812 0
1700359184492 -192.95431518554688 0
1700359268677 -192.95578002929688 0
1700359353665 -192.95616149902344 0
1700359435691 -192.9566650390625 0
1700359515939 -192.95635986328125 0
1700359596204 -192.94808959960938 0
1700359676422 -192.9405975341797 0
1700359756739 -192.94378662109375 0
1700359837183 -192.94711303710938 0
1700359917607 -192.94566345214844 0
1700359998194 -192.95079040527344 0
1700360078606 -192.94740295410156 0
1700360158951 -192.9520721435547 0
1700360239435 -192.94456481933594 0
1700360319838 -192.9477081298828 0
1700360400186 -192.94395446777344 0
1700360480335 -192.95094299316406 0
1700360560979 -192.95236206054688 0
1700360641299 -192.9585418701172 0
1700360721513 -192.96316528320312 0
1700360801839 -192.9607696533203 0
1700360882364 -192.95620727539062 0
1700360962706 -192.96165466308594 0
1700361043023 -192.96295166015625 0
1700361123230 -192.9659881591797 0
1700361203414 -192.96621704101562 0
1700361283730 -192.96153259277344 0
1700361364211 -192.96543884277344 0
1700361444595 -192.95858764648438 0
1700361524799 -192.9347686767578 0
1700361604948 -192.87026977539062 0
1700361685238 -192.86192321777344 0
1700361765559 -192.89439392089844 0
1700361848120 -192.9287109375 0
1700361932177 -192.95545959472656 0
1700362012494 -192.96951293945312 0
1700362092794 -192.9730682373047 0
1700362173192 -192.96994018554688 0
1700362253526 -192.96484375 0
1700362333639 -192.96331787109375 0
1700362414020 -192.96156311035156 0
1700362494322 -192.96018981933594 0
1700362574651 -192.96383666992188 0
1700362654891 -192.9623260498047 0
1700362735151 -192.9610137939453 0
1700362815571 -192.9577178955078 0
1700362895819 -192.95706176757812 0
1700362976051 -192.95565795898438 0
1700363056500 -192.95619201660156 0
1700363136793 -192.96221923828125 0
1700363216914 -192.9620819091797 0
1700363297242 -192.96160888671875 0
1700363377715 -192.9651641845703 0
1700363455114 -192.96690368652344 0
1700363746198 -192.96449279785156 0
1700363826719 -192.96119689941406 0
1700363906915 -192.96498107910156 0
1700363987149 -192.96913146972656 0
1700364067584 -192.96371459960938 0
1700364148947 -192.9599609375 0
1700364229216 -192.96087646484375 0
1700364309640 -192.96597290039062 0
1700364389819 -192.96546936035156 0
1700364470048 -192.96383666992188 0
1700364550489 -192.96531677246094 0
1700364630817 -192.96414184570312 0
1700364713172 -192.96389770507812 0
1700364796709 -192.96051025390625 0
1700364877234 -192.95892333984375 0
1700364957798 -192.95889282226562 0
1700365037996 -192.96156311035156 0
1700365118399 -192.95887756347656 0
1700365198855 -192.9636993408203 0
1700365279126 -192.96881103515625 0
1700365359480 -192.96963500976562 0
1700365439626 -192.9712371826172 0
1700365520070 -192.96243286132812 0
1700365600611 -192.96177673339844 0
1700365680894 -192.96315002441406 0
1700365761486 -192.9602508544922 0
1700365841756 -192.95713806152344 0
1700365922095 -192.95889282226562 0
1700366002496 -192.96365356445312 0
1700366082786 -192.96438598632812 0
1700366162915 -192.96263122558594 0
1700366243345 -192.95916748046875 0
1700366323705 -192.9521942138672 0
1700366404398 -192.95651245117188 0
1700366484643 -192.9615478515625 0
1700366565273 -192.96759033203125 0
1700366645684 -192.96844482421875 0
1700366725999 -192.96780395507812 0
1700366806521 -192.9668426513672 0
1700366886798 -192.9603271484375 0
1700366967091 -192.9566192626953 0
1700367047269 -192.95233154296875 0
1700367127536 -192.9552459716797 0
1700367207943 -192.963134765625 0
1700367291717 -192.96519470214844 0
1700367374870 -192.96713256835938 0
1700367455210 -192.9665069580078 0
1700367535510 -192.9686737060547 0
1700367615998 -192.95989990234375 0
1700367696392 -192.9575958251953 0
1700367777391 -192.96417236328125 0
1700367857631 -192.9647216796875 0
1700367938075 -192.96141052246094 0
1700368018992 -192.95895385742188 0
1700368099402 -192.95748901367188 0
1700368179412 -192.95774841308594 0
1700368259551 -192.95999145507812 0
1700368340739 -192.95822143554688 0
1700368424518 -192.96353149414062 0
1700368505594 -192.96788024902344 0
1700368585806 -192.9715118408203 0
1700368665987 -192.97030639648438 0
1700368746298 -192.9709930419922 0
1700368826615 -192.96229553222656 0
1700368906987 -192.96609497070312 0
1700368987287 -192.96359252929688 0
1700369067846 -192.96202087402344 0
1700369148303 -192.96400451660156 0
1700369232187 -192.96563720703125 0
1700369312511 -192.96359252929688 0
1700369392895 -192.96788024902344 0
1700369473183 -192.9690704345703 0
1700369553255 -192.96055603027344 0
1700369633630 -192.95947265625 0
1700369714191 -192.9373321533203 0
1700369794486 -192.9400177001953 0
1700369874805 -192.9608612060547 0
1700369955187 -192.97662353515625 0
1700370035465 -192.9618377685547 0
1700370119387 -192.9566650390625 0
1700370199946 -192.96022033691406 0
1700370283792 -192.9613494873047 0
1700370364347 -192.95445251464844 0
1700370444771 -192.95175170898438 0
1700370525518 -192.95619201660156 0
1700370609909 -192.96072387695312 0
1700370691942 -192.9683380126953 0
1700370772034 -192.96900939941406 0
1700370852445 -192.9666290283203 0
1700370932751 -192.961181640625 0
1700371012978 -192.95555114746094 0
1700371093223 -192.96263122558594 0
1700371173355 -192.9739227294922 0
1700371253612 -192.9425048828125 0
1700371333951 -192.9339599609375 0
1700371415066 -192.95138549804688 0
1700371495104 -192.96539306640625 0
1700371575223 -192.96624755859375 0
1700371655460 -192.96095275878906 0
1700371735399 -192.96466064453125 0
1700371815414 -192.96435546875 0
1700371895519 -192.9489288330078 0
1700371975475 -192.94989013671875 0
1700372055623 -192.959228515625 0
1700372135739 -192.96104431152344 0
1700372215860 -192.96072387695312 0
1700372296019 -192.96066284179688 0
1700372377135 -192.96136474609375 0
1700372460751 -192.9325408935547 0
1700372542471 -192.8891143798828 0
1700372622750 -192.78038024902344 0
1700372702874 -192.806884765625 0
1700372782918 -192.83714294433594 0
1700372863016 -192.90789794921875 0
1700372943201 -192.96388244628906 0
1700373023283 -192.97816467285156 0
1700373103519 -192.97555541992188 0
1700373183575 -192.9698944091797 0
1700373263780 -192.9447784423828 0
1700373343959 -192.92323303222656 0
1700373424226 -192.8077850341797 0
1700373504387 -192.8029327392578 0
1700373584599 -192.8974609375 0
1700373664795 -192.96360778808594 0
1700373744879 -192.96913146972656 0
1700373826320 -192.95545959472656 0
1700373910017 -192.95506286621094 0
1700373990843 -192.963134765625 0
1700374071202 -192.96542358398438 0
1700374151271 -192.96820068359375 0
1700374231275 -192.9708251953125 0
1700374311307 -192.95928955078125 0
1700374391435 -192.9592742919922 0
1700374471540 -192.9686737060547 0
1700374551441 -192.96754455566406 0
1700374631435 -192.96426391601562 0
1700374711452 -192.9695587158203 0
1700374791571 -192.95889282226562 0
1700374871807 -192.96194458007812 0
1700374952003 -192.95498657226562 0
1700375033286 -192.95921325683594 0
1700375113439 -192.9699249267578 0
1700375193622 -192.9603729248047 0
1700375273667 -192.9614715576172 0
1700375353715 -192.96548461914062 0
1700375433913 -192.96925354003906 0
1700375514054 -192.9610137939453 0
1700375594183 -192.96188354492188 0
1700375674112 -192.95460510253906 0
1700375754223 -192.92662048339844 0
1700375834487 -192.93055725097656 0
1700375915437 -192.94725036621094 0
1700375999393 -192.9618377685547 0
1700376080776 -192.97958374023438 0
1700376160847 -192.97207641601562 0
1700376240922 -192.9549102783203 0
1700376321114 -192.95289611816406 0
1700376401403 -192.9659423828125 0
1700376481411 -192.97665405273438 0
1700376561640 -192.96908569335938 0
1700376641951 -192.9624786376953 0
1700376722143 -192.95932006835938 0
1700376802247 -192.95513916015625 0
