1700310552241 0.09942184388637543 0
1700310624005 0.9278960227966309 0
1700310703841 1.70488703250885 0
1700310787027 2.130117654800415 0
1700310867470 2.354788064956665 0
1700310947481 2.8812999725341797 0
1700311027369 4.078219413757324 0
1700311110054 5.7206711769104 0
1700311192727 7.55400276184082 0
1700311272569 9.474449157714844 0
1700311352536 11.407217979431152 0
1700311435833 13.369607925415039 0
1700311515845 15.37147331237793 0
1700311595869 17.40546989440918 0
1700311675825 19.460660934448242 0
1700311755769 21.532236099243164 0
1700311835633 23.614927291870117 0
1700311915608 25.70562171936035 0
1700311995505 27.803813934326172 0
1700312075540 29.908206939697266 0
1700312155380 32.0157470703125 0
1700312235356 34.11876678466797 0
1700312315285 36.213157653808594 0
1700312395295 38.30424118041992 0
1700312475117 40.39649963378906 0
1700312554977 42.489410400390625 0
1700312634721 44.57969665527344 0
1700312714453 46.664424896240234 0
1700312794260 48.7507209777832 0
1700312874059 50.842613220214844 0
1700312953944 52.9359245300293 0
1700313037045 55.02021408081055 0
1700313117066 57.08900833129883 0
1700313197120 59.15952682495117 0
1700313280009 61.22226333618164 0
1700313364593 63.266212463378906 0
1700313444501 65.29187774658203 0
1700313525072 67.28807830810547 0
1700313604813 69.24105834960938 0
1700313684697 71.177001953125 0
1700313764610 73.12129974365234 0
1700313847676 75.07451629638672 0
1700313927564 77.0296630859375 0
1700314007448 78.97579956054688 0
1700314087381 80.90507507324219 0
1700314167214 82.81654357910156 0
1700314247085 84.7045669555664 0
1700314326881 86.55809020996094 0
1700314406684 88.37883758544922 0
1700314489941 90.17172241210938 0
1700314570016 91.93690490722656 0
1700314650018 93.68569946289062 0
1700314733198 95.40779876708984 0
1700314814821 97.09912872314453 0
1700314894892 98.78410339355469 0
1700314974717 100.47553253173828 0
1700315054555 102.15328979492188 0
1700315134324 103.79534149169922 0
1700315214177 105.4015121459961 0
1700315294030 106.99832153320312 0
1700315373643 108.59481048583984 0
1700315453680 110.18355560302734 0
1700315533662 111.76962280273438 0
1700315613505 113.35066223144531 0
1700315696597 114.93283081054688 0
1700315776481 116.5168685913086 0
1700315856492 118.09243774414062 0
1700315936355 119.65147399902344 0
1700316019368 121.20030975341797 0
1700316099104 122.75482177734375 0
1700316181544 124.3154296875 0
1700316264731 125.86836242675781 0
1700316344643 127.41329193115234 0
1700316424637 128.94801330566406 0
1700316504345 130.46836853027344 0
1700316584153 131.9660186767578 0
1700316664032 133.4463653564453 0
1700316743772 134.92904663085938 0
1700316823592 136.41920471191406 0
1700316903372 137.9135284423828 0
1700316983271 139.4088134765625 0
1700317063136 140.90525817871094 0
1700317143918 142.39549255371094 0
1700317223833 143.8685760498047 0
1700317303719 145.33096313476562 0
1700317383554 146.7827606201172 0
1700317463383 148.2191925048828 0
1700317543064 149.64405822753906 0
1700317622924 151.05738830566406 0
1700317702940 152.46578979492188 0
1700317782697 153.87200927734375 0
1700317862483 155.27105712890625 0
1700317942376 156.66754150390625 0
1700318022618 158.07550048828125 0
1700318106510 159.4875030517578 0
1700318187485 160.88079833984375 0
1700318267491 162.2499542236328 0
1700318347283 163.60848999023438 0
1700318427229 164.9532470703125 0
1700318506984 166.2891387939453 0
1700318586751 167.61886596679688 0
1700318666641 168.93324279785156 0
1700318746465 170.2351837158203 0
1700318826396 171.53240966796875 0
1700318906413 172.8271026611328 0
1700318986371 174.12484741210938 0
1700319069476 175.4358673095703 0
1700319149201 176.76438903808594 0
1700319229029 178.10845947265625 0
1700319308908 179.4693145751953 0
1700319388581 180.8520050048828 0
1700319468323 182.2566375732422 0
1700319547936 183.67755126953125 0
1700319627656 185.11798095703125 0
1700319707472 186.57664489746094 0
1700319787308 188.0459747314453 0
1700319867261 189.517822265625 0
1700319946980 190.9939727783203 0
1700320026643 192.47959899902344 0
1700320106356 193.97540283203125 0
1700320186048 195.48727416992188 0
1700320270788 196.99513244628906 0
1700320354214 198.4343719482422 0
1700320434364 199.7486114501953 0
1700320514292 200.89990234375 0
1700320594108 201.9224853515625 0
1700320673941 202.8413848876953 0
1700320754701 203.67637634277344 0
1700320834576 204.43740844726562 0
1700320914492 205.13232421875 0
1700320994237 205.76918029785156 0
1700321074151 206.35301208496094 0
1700321154156 206.8874969482422 0
1700321234093 207.37918090820312 0
1700321314057 207.83056640625 0
1700321393955 208.2451934814453 0
1700321473836 208.6261749267578 0
1700321553789 208.97750854492188 0
1700321633921 209.30076599121094 0
1700321713865 209.59695434570312 0
1700321796332 209.87054443359375 0
1700321879100 210.12322998046875 0
1700321958924 210.3568115234375 0
1700322038808 210.57205200195312 0
1700322118604 210.770263671875 0
1700322198544 210.95208740234375 0
1700322278542 211.1186981201172 0
1700322358464 211.27151489257812 0
1700322438451 211.41244506835938 0
1700322518412 211.54244995117188 0
1700322598424 211.66224670410156 0
1700322678408 211.7719268798828 0
1700322758571 211.8725128173828 0
1700322838416 211.96437072753906 0
1700322918257 212.04888916015625 0
1700322998304 212.1267852783203 0
1700323078244 212.19845581054688 0
1700323158050 212.26416015625 0
1700323237922 212.3231658935547 0
1700323317964 212.377685546875 0
1700323398825 212.42767333984375 0
1700323482438 212.47348022460938 0
1700323563779 212.51539611816406 0
1700323680848 212.55355834960938 0
1700323761192 212.58847045898438 0
1700323841833 212.62001037597656 0
1700323922226 212.6490020751953 0
1700324002693 212.67568969726562 0
1700324083084 212.69993591308594 0
1700324163503 212.72193908691406 0
1700324243912 212.74179077148438 0
1700324324525 212.76011657714844 0
1700324405665 212.7768096923828 0
1700324486010 212.79193115234375 0
1700324566377 212.80572509765625 0
1700324646762 212.81822204589844 0
1700324727476 212.82937622070312 0
1700324807948 212.839599609375 0
1700324888305 212.848876953125 0
1700324968765 212.8572540283203 0
1700325049128 212.86476135253906 0
1700325129525 212.87156677246094 0
1700325210172 212.877685546875 0
1700325290900 212.88296508789062 0
1700325371290 212.88790893554688 0
1700325451860 212.89239501953125 0
1700325532296 212.89630126953125 0
1700325612625 212.89987182617188 0
1700325693064 212.90318298339844 0
1700325773404 212.90621948242188 0
1700325856318 212.90895080566406 0
1700325939636 212.911376953125 0
1700326019991 212.9135284423828 0
1700326100235 212.9154510498047 0
1700326180416 212.91720581054688 0
1700326260853 212.918701171875 0
1700326341381 212.92007446289062 0
1700326421604 212.9213104248047 0
1700326502069 212.92242431640625 0
1700326582429 212.9234161376953 0
1700326662849 212.92433166503906 0
1700326743273 212.9251251220703 0
1700326823526 212.92578125 0
1700326903992 212.9263916015625 0
1700326984525 212.92689514160156 0
1700327068192 212.92735290527344 0
1700327150135 212.9276580810547 0
1700327230593 212.92796325683594 0
1700327311050 212.9282684326172 0
1700327391296 212.92857360839844 0
1700327471704 212.92886352539062 0
1700327552023 212.9290771484375 0
1700327632336 212.92922973632812 0
1700327712680 212.92938232421875 0
1700327793098 212.92953491210938 0
1700327873563 212.9296875 0
1700327954077 212.92984008789062 0
1700328035625 212.92999267578125 0
1700328115951 212.93014526367188 0
1700328196250 212.9302978515625 0
1700328276529 212.93043518066406 0
1700328356936 212.9304656982422 0
1700328437233 212.9304656982422 0
1700328517505 212.9304656982422 0
1700328597974 212.9304656982422 0
1700328678337 212.9304656982422 0
1700328758646 212.9304656982422 0
1700328838967 212.9304656982422 0
1700328919281 212.9304656982422 0
1700328999619 212.9304656982422 0
1700329080089 212.9304656982422 0
1700329162754 212.9304656982422 0
1700329246692 212.9304656982422 0
1700329327031 212.9304656982422 0
1700329407476 212.9304656982422 0
1700329487599 212.9304656982422 0
1700329567896 212.9304656982422 0
1700329648170 212.9304656982422 0
1700329728413 212.9304656982422 0
1700329811907 212.9304656982422 0
1700329892100 212.9304656982422 0
1700329972553 212.9304656982422 0
1700330052664 212.9304656982422 0
1700330133116 212.9304656982422 0
1700330213416 212.9304656982422 0
1700330293637 212.9304656982422 0
1700330373889 212.9304656982422 0
1700330454105 212.9304656982422 0
1700330534440 212.9304656982422 0
1700330614822 212.9304656982422 0
1700330695089 212.9304656982422 0
1700330775280 212.9304656982422 0
1700330857829 212.9304656982422 0
1700330941480 212.9304656982422 0
1700331021797 212.9304656982422 0
1700331102013 212.9304656982422 0
1700331182308 212.9304656982422 0
1700331262625 212.9304656982422 0
1700331343053 212.9304656982422 0
1700331423369 212.9304656982422 0
1700331503760 212.9304656982422 0
1700331584367 212.9304656982422 0
1700331665312 212.9304656982422 0
1700331745544 212.9304656982422 0
1700331825592 212.9304656982422 0
1700331905804 212.9304656982422 0
1700331985940 212.9304656982422 0
1700332066224 212.9304656982422 0
1700332146443 212.9304656982422 0
1700332226570 212.9304656982422 0
1700332306684 212.9304656982422 0
1700332386807 212.9304656982422 0
1700332466882 212.9304656982422 0
1700332546992 212.9304656982422 0
1700332627121 212.9304656982422 0
1700332707379 212.9304656982422 0
1700332789509 212.9304656982422 0
1700332873129 212.9304656982422 0
1700332953359 212.9304656982422 0
1700333033621 212.9304656982422 0
1700333113776 212.9304656982422 0
1700333193904 212.9304656982422 0
1700333274132 212.9304656982422 0
1700333354327 212.9304656982422 0
1700333434472 212.9304656982422 0
1700333514744 212.9304656982422 0
1700333595031 212.9304656982422 0
1700333678838 212.9304656982422 0
1700333758837 212.9304656982422 0
1700333839017 212.9304656982422 0
1700333919283 212.9304656982422 0
1700333999292 212.9304656982422 0
1700334079558 212.9304656982422 0
1700334159617 212.9304656982422 0
1700334241042 212.9304656982422 0
1700334324954 212.9304656982422 0
1700334409410 212.9304656982422 0
1700334489560 212.9304656982422 0
1700334569594 212.9304656982422 0
1700334649885 212.9304656982422 0
1700334730066 212.9304656982422 0
1700334810123 212.9304656982422 0
1700334890295 212.9304656982422 0
1700334970365 212.9304656982422 0
1700335050421 212.9304656982422 0
1700335130580 212.9304656982422 0
1700335211487 212.9304656982422 0
1700335291460 212.9304656982422 0
1700335371510 212.9304656982422 0
1700335451713 212.9304656982422 0
1700335531733 212.9304656982422 0
1700335611820 212.9304656982422 0
1700335691897 212.9304656982422 0
1700335771961 212.9304656982422 0
1700335852437 212.9304656982422 0
1700335932720 212.9304656982422 0
1700336012737 212.9304656982422 0
1700336092804 212.9304656982422 0
1700336172975 212.9304656982422 0
1700336253321 212.9304656982422 0
1700336333700 212.9304656982422 0
1700336414228 212.9304656982422 0
1700336494362 212.9304656982422 0
1700336574799 212.9304656982422 0
1700336656400 212.9304656982422 0
1700336740754 212.9304656982422 0
1700336822288 212.9304656982422 0
1700336950632 212.9304656982422 0
1700337034197 212.9304656982422 0
1700337114584 212.9306640625 0
1700337194946 212.93112182617188 0
1700337275432 212.93145751953125 0
1700337355994 212.93161010742188 0
1700337436384 212.93161010742188 0
1700337516651 212.93161010742188 0
1700337596856 212.93161010742188 0
1700337677234 212.93161010742188 0
1700337757945 212.93161010742188 0
1700337838604 212.93161010742188 0
1700337918898 212.93161010742188 0
1700337999292 212.93161010742188 0
1700338079745 212.93161010742188 0
1700338160034 212.93161010742188 0
1700338240411 212.93161010742188 0
1700338320681 212.93161010742188 0
1700338402103 212.93161010742188 0
1700338485972 212.93161010742188 0
1700338567042 212.93161010742188 0
1700338647390 212.93161010742188 0
1700338727607 212.93161010742188 0
1700338808110 212.93161010742188 0
1700338889124 212.93161010742188 0
1700338969406 212.93161010742188 0
1700339049919 212.93161010742188 0
1700339130435 212.93161010742188 0
1700339210795 212.93161010742188 0
1700339290906 212.93161010742188 0
1700339371064 212.93161010742188 0
1700339451580 212.93161010742188 0
1700339531880 212.93161010742188 0
1700339612186 212.93161010742188 0
1700339692471 212.93174743652344 0
1700339773211 212.93177795410156 0
1700339854130 212.93177795410156 0
1700339934665 212.93177795410156 0
1700340018242 212.93177795410156 0
1700340101507 212.93177795410156 0
1700340182199 212.93177795410156 0
1700340262379 212.93177795410156 0
1700340342470 212.93177795410156 0
1700340422518 212.93177795410156 0
1700340502827 212.93177795410156 0
1700340583091 212.93177795410156 0
1700340666735 212.93177795410156 0
1700340746905 212.93177795410156 0
1700340827169 212.93177795410156 0
1700340910725 212.93177795410156 0
1700340990802 212.93177795410156 0
1700341070960 212.93177795410156 0
1700341151335 212.93177795410156 0
1700341231787 212.93177795410156 0
1700341313257 212.93177795410156 0
1700341397248 212.93177795410156 0
1700341478648 212.93177795410156 0
1700341559015 212.93177795410156 0
1700341639219 212.93177795410156 0
1700341719591 212.93177795410156 0
1700341800128 212.93177795410156 0
1700341880520 212.93177795410156 0
1700341960843 212.93177795410156 0
1700342041195 212.93177795410156 0
1700342121756 212.93177795410156 0
1700342202090 212.93177795410156 0
1700342282393 212.93177795410156 0
1700342362715 212.93177795410156 0
1700342443484 212.93177795410156 0
1700342523882 212.93177795410156 0
1700342604156 212.93177795410156 0
1700342684459 212.93177795410156 0
1700342764489 212.93177795410156 0
1700342844699 212.93177795410156 0
1700342924887 212.93177795410156 0
1700343005094 212.93177795410156 0
1700343085387 212.93177795410156 0
1700343165894 212.93177795410156 0
1700343246236 212.93177795410156 0
1700343326550 212.93177795410156 0
1700343406724 212.93177795410156 0
1700343487264 212.93177795410156 0
1700343567791 212.93177795410156 0
1700343648368 212.93177795410156 0
1700343728640 212.93177795410156 0
1700343810197 212.93177795410156 0
1700343894232 212.93177795410156 0
1700343975127 212.93177795410156 0
1700344055706 212.93177795410156 0
1700344136303 212.93177795410156 0
1700344216547 212.93177795410156 0
1700344296611 212.93177795410156 0
1700344376786 212.93177795410156 0
1700344457064 212.93177795410156 0
1700344537283 212.93177795410156 0
1700344617509 212.93177795410156 0
1700344697912 212.93177795410156 0
1700344778323 212.93177795410156 0
1700344858638 212.93177795410156 0
1700344938902 212.93177795410156 0
1700345019496 212.93177795410156 0
1700345099935 212.93177795410156 0
1700345180322 212.93177795410156 0
1700345260652 212.93177795410156 0
1700345340951 212.93177795410156 0
1700345421293 212.93177795410156 0
1700345501998 212.93177795410156 0
1700345582187 212.93177795410156 0
1700345663992 212.93177795410156 0
1700345747723 212.93177795410156 0
1700345832096 212.93177795410156 0
1700345912648 212.93177795410156 0
1700345992987 212.93177795410156 0
1700346077564 212.93177795410156 0
1700346157683 212.93177795410156 0
1700346237761 212.93177795410156 0
1700346318087 212.93177795410156 0
1700346398291 212.93177795410156 0
1700346478839 212.93177795410156 0
1700346559195 212.93177795410156 0
1700346639633 212.93177795410156 0
1700346720030 212.93177795410156 0
1700346800488 212.93177795410156 0
1700346880747 212.93177795410156 0
1700346961160 212.93177795410156 0
1700347041399 212.93177795410156 0
1700347121607 212.93177795410156 0
1700347203184 212.93177795410156 0
1700347287246 212.93177795410156 0
1700347368742 212.93177795410156 0
1700347449079 212.93177795410156 0
1700347529431 212.93177795410156 0
1700347609742 212.93177795410156 0
1700347690096 212.93177795410156 0
1700347770231 212.93177795410156 0
1700347850702 212.93177795410156 0
1700347930909 212.93177795410156 0
1700348011316 212.93177795410156 0
1700348094872 212.93177795410156 0
1700348175137 212.93177795410156 0
1700348255519 212.93177795410156 0
1700348335796 212.93177795410156 0
1700348415896 212.93177795410156 0
1700348496109 212.93177795410156 0
1700348576584 212.93177795410156 0
1700348656943 212.93177795410156 0
1700348737128 212.93177795410156 0
1700348817299 212.93177795410156 0
1700348897722 212.93177795410156 0
1700348978306 212.93177795410156 0
1700349062240 212.93177795410156 0
1700349144647 212.93177795410156 0
1700349225023 212.93177795410156 0
1700349305488 212.93177795410156 0
1700349385842 212.93177795410156 0
1700349466223 212.93177795410156 0
1700349546655 212.93177795410156 0
1700349627116 212.93177795410156 0
1700349708468 212.93177795410156 0
1700349788715 212.93177795410156 0
1700349869107 212.93177795410156 0
1700349949391 212.93177795410156 0
1700350029688 212.93177795410156 0
1700350311117 212.93177795410156 0
1700350391444 212.93177795410156 0
1700350471887 212.93177795410156 0
1700350552332 212.93177795410156 0
1700350632663 212.93177795410156 0
1700350712800 212.93177795410156 0
1700350793186 212.93177795410156 0
1700350874220 212.93177795410156 0
1700350958136 212.93177795410156 0
1700351039701 212.93177795410156 0
1700351119991 212.93177795410156 0
1700351200395 212.93177795410156 0
1700351280823 212.93177795410156 0
1700351361183 212.93177795410156 0
1700351441615 212.93177795410156 0
1700351522035 212.93177795410156 0
1700351602220 212.93177795410156 0
1700351682623 212.93177795410156 0
1700351766307 212.93177795410156 0
1700351846662 212.93177795410156 0
1700351926939 212.93177795410156 0
1700352006878 212.93177795410156 0
1700352087290 212.93177795410156 0
1700352168310 212.93177795410156 0
1700352251972 212.93177795410156 0
1700352333452 212.93177795410156 0
1700352413975 212.93177795410156 0
1700352494512 212.9319610595703 0
1700352574831 212.93223571777344 0
1700352655131 212.93238830566406 0
1700352735393 212.9325408935547 0
1700352815770 212.93264770507812 0
1700352895939 212.93267822265625 0
1700352976231 212.93267822265625 0
1700353056368 212.93267822265625 0
1700353136645 212.93267822265625 0
1700353217045 212.93267822265625 0
1700353297962 212.93267822265625 0
1700353378131 212.93267822265625 0
1700353458487 212.93267822265625 0
1700353538885 212.93267822265625 0
1700353619195 212.93267822265625 0
1700353699292 212.93267822265625 0
1700353779628 212.93267822265625 0
1700353861556 212.93267822265625 0
1700353945989 212.93267822265625 0
1700354027310 212.93267822265625 0
1700354107498 212.93267822265625 0
1700354187717 212.93267822265625 0
1700354267884 212.93267822265625 0
1700354348091 212.93267822265625 0
1700354428608 212.93267822265625 0
1700354509103 212.93267822265625 0
1700354589415 212.93267822265625 0
1700354669830 212.93267822265625 0
1700354750385 212.93267822265625 0
1700354830987 212.93267822265625 0
1700354911307 212.9326934814453 0
1700354991807 212.93304443359375 0
1700355072087 212.9334259033203 0
1700355152389 212.93370056152344 0
1700355232656 212.9339599609375 0
1700355312939 212.93423461914062 0
1700355393388 212.93446350097656 0
1700355473577 212.9346160888672 0
1700355556991 212.93475341796875 0
1700355637351 212.93475341796875 0
1700355717434 212.93475341796875 0
1700355797679 212.93475341796875 0
1700355877939 212.93475341796875 0
1700355958177 212.93475341796875 0
1700356038511 212.93475341796875 0
1700356118873 212.93475341796875 0
1700356199427 212.93475341796875 0
1700356283470 212.93475341796875 0
1700356366586 212.93475341796875 0
1700356446791 212.93475341796875 0
1700356527245 212.93475341796875 0
1700356607676 212.93475341796875 0
1700356688024 212.93475341796875 0
1700356768323 212.9350128173828 0
1700356848664 212.93585205078125 0
1700356930165 212.93634033203125 0
1700357010556 212.93658447265625 0
1700357091088 212.936767578125 0
1700357171448 212.93692016601562 0
1700357251693 212.93707275390625 0
1700357331976 212.937255859375 0
1700357412211 212.93740844726562 0
1700357492403 212.93768310546875 0
1700357572591 212.9378662109375 0
1700357652888 212.93801879882812 0
1700357733296 212.93804931640625 0
1700357813445 212.93804931640625 0
1700357893818 212.93804931640625 0
1700357974035 212.93804931640625 0
1700358054461 212.93804931640625 0
1700358138489 212.93804931640625 0
1700358220891 212.93804931640625 0
1700358301499 212.93804931640625 0
1700358381871 212.93804931640625 0
1700358462140 212.93804931640625 0
1700358542487 212.93804931640625 0
1700358622733 212.93804931640625 0
1700358703270 212.93804931640625 0
1700358783335 212.93804931640625 0
1700358863414 212.93804931640625 0
1700358943733 212.93804931640625 0
1700359024165 212.93804931640625 0
1700359104286 212.93804931640625 0
1700359184493 212.93804931640625 0
1700359268678 212.93804931640625 0
1700359353665 212.93804931640625 0
1700359435692 212.93804931640625 0
1700359515939 212.93804931640625 0
1700359596205 212.93804931640625 0
1700359676423 212.93804931640625 0
1700359756739 212.93804931640625 0
1700359837183 212.93804931640625 0
1700359917608 212.93804931640625 0
1700359998194 212.93804931640625 0
1700360078606 212.93804931640625 0
1700360158951 212.93804931640625 0
1700360239435 212.93804931640625 0
1700360319839 212.93804931640625 0
1700360400187 212.93804931640625 0
1700360480335 212.93804931640625 0
1700360560980 212.93804931640625 0
1700360641300 212.93804931640625 0
1700360721514 212.93804931640625 0
1700360801840 212.93804931640625 0
1700360882364 212.93804931640625 0
1700360962707 212.93804931640625 0
1700361043024 212.93804931640625 0
1700361123231 212.93804931640625 0
1700361203415 212.93804931640625 0
1700361283731 212.93804931640625 0
1700361364211 212.93804931640625 0
1700361444595 212.93804931640625 0
1700361524799 212.93820190429688 0
1700361604948 212.93862915039062 0
1700361685239 212.93893432617188 0
1700361765559 212.93917846679688 0
1700361848120 212.9393310546875 0
1700361932178 212.93942260742188 0
1700362012495 212.93942260742188 0
1700362092795 212.93942260742188 0
1700362173193 212.93942260742188 0
1700362253527 212.93942260742188 0
1700362333639 212.93942260742188 0
1700362414021 212.93942260742188 0
1700362494322 212.93942260742188 0
1700362574652 212.93942260742188 0
1700362654892 212.93942260742188 0
1700362735152 212.93942260742188 0
1700362815571 212.93942260742188 0
1700362895819 212.93942260742188 0
1700362976052 212.93942260742188 0
1700363056500 212.93942260742188 0
1700363136794 212.93942260742188 0
1700363216915 212.93942260742188 0
1700363297242 212.93942260742188 0
1700363377716 212.93942260742188 0
1700363455115 212.93942260742188 0
1700363746199 212.93942260742188 0
1700363826720 212.93942260742188 0
1700363906916 212.93942260742188 0
1700363987150 212.93942260742188 0
1700364067585 212.93942260742188 0
1700364148947 212.93942260742188 0
1700364229217 212.93942260742188 0
1700364309640 212.93942260742188 0
1700364389820 212.93942260742188 0
1700364470048 212.93942260742188 0
1700364550490 212.93942260742188 0
1700364630818 212.93942260742188 0
1700364713172 212.93942260742188 0
1700364796709 212.93942260742188 0
1700364877235 212.93942260742188 0
1700364957798 212.93942260742188 0
1700365037997 212.93942260742188 0
1700365118399 212.93942260742188 0
1700365198855 212.93942260742188 0
1700365279127 212.93942260742188 0
1700365359480 212.93942260742188 0
1700365439626 212.93942260742188 0
1700365520070 212.93942260742188 0
1700365600612 212.93942260742188 0
1700365680895 212.93942260742188 0
1700365761487 212.93942260742188 0
1700365841757 212.93942260742188 0
1700365922096 212.93942260742188 0
1700366002496 212.93942260742188 0
1700366082786 212.93942260742188 0
1700366162915 212.93942260742188 0
1700366243345 212.93942260742188 0
1700366323705 212.93942260742188 0
1700366404399 212.93942260742188 0
1700366484644 212.93942260742188 0
1700366565273 212.93942260742188 0
1700366645684 212.93942260742188 0
1700366726000 212.93942260742188 0
1700366806522 212.93942260742188 0
1700366886799 212.93942260742188 0
1700366967091 212.93942260742188 0
1700367047269 212.93942260742188 0
1700367127537 212.93942260742188 0
1700367207944 212.93942260742188 0
1700367291718 212.93942260742188 0
1700367374871 212.93942260742188 0
1700367455211 212.93942260742188 0
1700367535510 212.93942260742188 0
1700367615998 212.93942260742188 0
1700367696393 212.93942260742188 0
1700367777391 212.93942260742188 0
1700367857632 212.93942260742188 0
1700367938075 212.93942260742188 0
1700368018992 212.93942260742188 0
1700368099402 212.93942260742188 0
1700368179413 212.93942260742188 0
1700368259551 212.93942260742188 0
1700368340740 212.93942260742188 0
1700368424518 212.93942260742188 0
1700368505595 212.93942260742188 0
1700368585807 212.93942260742188 0
1700368665987 212.93942260742188 0
1700368746299 212.93942260742188 0
1700368826615 212.93942260742188 0
1700368906987 212.93942260742188 0
1700368987288 212.93942260742188 0
1700369067846 212.93942260742188 0
1700369148304 212.93942260742188 0
1700369232187 212.93942260742188 0
1700369312511 212.93942260742188 0
1700369392896 212.93942260742188 0
1700369473183 212.93942260742188 0
1700369553255 212.93942260742188 0
1700369633631 212.93942260742188 0
1700369714192 212.9394989013672 0
1700369794487 212.93955993652344 0
1700369874805 212.93959045410156 0
1700369955187 212.93959045410156 0
1700370035466 212.93968200683594 0
1700370119388 212.939697265625 0
1700370199947 212.939697265625 0
1700370283792 212.939697265625 0
1700370364348 212.939697265625 0
1700370444772 212.939697265625 0
1700370525519 212.939697265625 0
1700370609909 212.939697265625 0
1700370691943 212.939697265625 0
1700370772035 212.939697265625 0
1700370852446 212.939697265625 0
1700370932752 212.939697265625 0
1700371012979 212.939697265625 0
1700371093223 212.939697265625 0
1700371173356 212.939697265625 0
1700371253613 212.93983459472656 0
1700371333951 212.93994140625 0
1700371415067 212.9399871826172 0
1700371495104 212.9399871826172 0
1700371575224 212.9399871826172 0
1700371655461 212.9399871826172 0
1700371735400 212.9399871826172 0
1700371815414 212.94003295898438 0
1700371895519 212.94009399414062 0
1700371975476 212.94009399414062 0
1700372055624 212.94009399414062 0
1700372135740 212.94009399414062 0
1700372215860 212.94009399414062 0
1700372296020 212.94009399414062 0
1700372377136 212.9401092529297 0
1700372460752 212.9402618408203 0
1700372542472 212.9406280517578 0
1700372622751 212.94131469726562 0
1700372702875 212.94212341308594 0
1700372782919 212.94256591796875 0
1700372863016 212.94300842285156 0
1700372943202 212.94326782226562 0
1700373023284 212.9434051513672 0
1700373103520 212.9434051513672 0
1700373183576 212.9434051513672 0
1700373263781 212.94346618652344 0
1700373343959 212.94369506835938 0
1700373424227 212.94447326660156 0
1700373504388 212.94525146484375 0
1700373584600 212.94613647460938 0
1700373664796 212.94654846191406 0
1700373744879 212.9468231201172 0
1700373826321 212.9469757080078 0
1700373910018 212.947021484375 0
1700373990844 212.947021484375 0
1700374071202 212.947021484375 0
1700374151272 212.947021484375 0
1700374231276 212.947021484375 0
1700374311308 212.947021484375 0
1700374391436 212.947021484375 0
1700374471540 212.947021484375 0
1700374551441 212.947021484375 0
1700374631435 212.947021484375 0
1700374711453 212.947021484375 0
1700374791571 212.947021484375 0
1700374871808 212.947021484375 0
1700374952003 212.947021484375 0
1700375033287 212.947021484375 0
1700375113439 212.947021484375 0
1700375193623 212.947021484375 0
1700375273667 212.947021484375 0
1700375353716 212.947021484375 0
1700375433913 212.947021484375 0
1700375514055 212.947021484375 0
1700375594184 212.947021484375 0
1700375674112 212.94708251953125 0
1700375754224 212.94723510742188 0
1700375834488 212.9473876953125 0
1700375915437 212.94754028320312 0
1700375999394 212.94760131835938 0
1700376080776 212.94760131835938 0
1700376160848 212.94760131835938 0
1700376240922 212.94760131835938 0
1700376321115 212.94760131835938 0
1700376401404 212.94760131835938 0
1700376481411 212.94760131835938 0
1700376561640 212.94760131835938 0
1700376641952 212.94760131835938 0
1700376722144 212.94760131835938 0
1700376802248 212.94760131835938 0
