1700310552240 4.9993894993894995e-05 0
1700310624003 4.993894993894994e-05 0
1700310703840 4.987789987789988e-05 0
1700310787026 4.981684981684982e-05 0
1700310867468 4.975579975579976e-05 0
1700310947479 4.9694749694749696e-05 0
1700311027367 4.963369963369964e-05 0
1700311110052 4.9572649572649575e-05 0
1700311192725 4.951159951159952e-05 0
1700311272567 4.945054945054945e-05 0
1700311352534 4.9389499389499396e-05 0
1700311435831 4.932844932844933e-05 0
1700311515843 4.9267399267399275e-05 0
1700311595868 4.9206349206349204e-05 0
1700311675823 4.9145299145299147e-05 0
1700311755767 4.908424908424908e-05 0
1700311835632 4.9023199023199025e-05 0
1700311915607 4.896214896214896e-05 0
1700311995503 4.8901098901098904e-05 0
1700312075539 4.884004884004884e-05 0
1700312155379 4.877899877899878e-05 0
1700312235355 4.871794871794872e-05 0
1700312315283 4.865689865689866e-05 0
1700312395294 4.85958485958486e-05 0
1700312475115 4.8534798534798533e-05 0
1700312554975 4.8473748473748476e-05 0
1700312634719 4.841269841269841e-05 0
1700312714451 4.8351648351648355e-05 0
1700312794259 4.829059829059829e-05 0
1700312874057 4.8229548229548234e-05 0
1700312953943 4.816849816849817e-05 0
1700313037044 4.810744810744811e-05 0
1700313117064 4.804639804639805e-05 0
1700313197118 4.798534798534799e-05 0
1700313280007 4.792429792429793e-05 0
1700313364592 4.786324786324787e-05 0
1700313444499 4.7802197802197806e-05 0
1700313525071 4.774114774114775e-05 0
1700313604811 4.7680097680097684e-05 0
1700313684695 4.761904761904762e-05 0
1700313764608 4.7557997557997556e-05 0
1700313847675 4.74969474969475e-05 0
1700313927562 4.7435897435897435e-05 0
1700314007447 4.737484737484738e-05 0
1700314087379 4.7313797313797314e-05 0
1700314167212 4.7252747252747257e-05 0
1700314247084 4.719169719169719e-05 0
1700314326879 4.7130647130647135e-05 0
1700314406683 4.706959706959707e-05 0
1700314489939 4.700854700854701e-05 0
1700314570015 4.694749694749695e-05 0
1700314650016 4.6886446886446886e-05 0
1700314733197 4.682539682539683e-05 0
1700314814819 4.6764346764346765e-05 0
1700314894891 4.670329670329671e-05 0
1700314974715 4.664224664224664e-05 0
1700315054554 4.6581196581196586e-05 0
1700315134322 4.652014652014652e-05 0
1700315214175 4.6459096459096465e-05 0
1700315294029 4.63980463980464e-05 0
1700315373642 4.6336996336996343e-05 0
1700315453679 4.627594627594628e-05 0
1700315533660 4.621489621489622e-05 0
1700315613503 4.615384615384616e-05 0
1700315696595 4.6092796092796094e-05 0
1700315776479 4.603174603174603e-05 0
1700315856490 4.597069597069597e-05 0
1700315936353 4.590964590964591e-05 0
1700316019366 4.584859584859585e-05 0
1700316099102 4.578754578754579e-05 0
1700316181543 4.572649572649573e-05 0
1700316264730 4.5665445665445666e-05 0
1700316344642 4.56043956043956e-05 0
1700316424635 4.5543345543345545e-05 0
1700316504343 4.548229548229548e-05 0
1700316584151 4.5421245421245424e-05 0
1700316664031 4.536019536019536e-05 0
1700316743771 4.52991452991453e-05 0
1700316823591 4.523809523809524e-05 0
1700316903370 4.517704517704518e-05 0
1700316983270 4.511599511599512e-05 0
1700317063134 4.505494505494506e-05 0
1700317143917 4.4993894993894996e-05 0
1700317223832 4.493284493284494e-05 0
1700317303718 4.4871794871794874e-05 0
1700317383553 4.481074481074482e-05 0
1700317463382 4.474969474969475e-05 0
1700317543062 4.4688644688644696e-05 0
1700317622922 4.462759462759463e-05 0
1700317702939 4.4566544566544575e-05 0
1700317782696 4.4505494505494504e-05 0
1700317862481 4.4444444444444447e-05 0
1700317942375 4.438339438339438e-05 0
1700318022617 4.4322344322344325e-05 0
1700318106509 4.426129426129426e-05 0
1700318187484 4.4200244200244204e-05 0
1700318267490 4.413919413919414e-05 0
1700318347282 4.4078144078144076e-05 0
1700318427227 4.401709401709402e-05 0
1700318506983 4.3956043956043955e-05 0
1700318586750 4.38949938949939e-05 0
1700318666640 4.383394383394383e-05 0
1700318746463 4.3772893772893776e-05 0
1700318826395 4.371184371184371e-05 0
1700318906412 4.3650793650793655e-05 0
1700318986369 4.358974358974359e-05 0
1700319069475 4.3528693528693534e-05 0
1700319149200 4.346764346764347e-05 0
1700319229027 4.340659340659341e-05 0
1700319308907 4.334554334554335e-05 0
1700319388579 4.328449328449329e-05 0
1700319468321 4.322344322344323e-05 0
1700319547934 4.316239316239317e-05 0
1700319627654 4.3101343101343106e-05 0
1700319707471 4.304029304029304e-05 0
1700319787307 4.2979242979242984e-05 0
1700319867260 4.291819291819292e-05 0
1700319946979 4.2857142857142856e-05 0
1700320026641 4.27960927960928e-05 0
1700320106354 4.2735042735042735e-05 0
1700320186047 4.267399267399267e-05 0
1700320270786 4.2612942612942614e-05 0
1700320354212 4.255189255189255e-05 0
1700320434362 4.249084249084249e-05 0
1700320514291 4.242979242979243e-05 0
1700320594107 4.236874236874237e-05 0
1700320673940 4.230769230769231e-05 0
1700320754700 4.224664224664225e-05 0
1700320834574 4.2185592185592186e-05 0
1700320914490 4.212454212454213e-05 0
1700320994235 4.2063492063492065e-05 0
1700321074149 4.200244200244201e-05 0
1700321154154 4.194139194139194e-05 0
1700321234091 4.1880341880341886e-05 0
1700321314056 4.181929181929182e-05 0
1700321393953 4.1758241758241765e-05 0
1700321473835 4.16971916971917e-05 0
1700321553788 4.1636141636141643e-05 0
1700321633919 4.157509157509158e-05 0
1700321713864 4.1514041514041515e-05 0
1700321796234 4.145299145299146e-05 0
1700321879099 4.1391941391941394e-05 0
1700321958923 4.133089133089133e-05 0
1700322038807 4.126984126984127e-05 0
1700322118603 4.120879120879121e-05 0
1700322198542 4.1147741147741145e-05 0
1700322278540 4.108669108669109e-05 0
1700322358463 4.1025641025641023e-05 0
1700322438449 4.0964590964590966e-05 0
1700322518410 4.09035409035409e-05 0
1700322598422 4.0842490842490845e-05 0
1700322678406 4.078144078144078e-05 0
1700322758569 4.0720390720390724e-05 0
1700322838414 4.065934065934066e-05 0
1700322918255 4.05982905982906e-05 0
1700322998302 4.053724053724054e-05 0
1700323078243 4.047619047619048e-05 0
1700323158048 4.041514041514042e-05 0
1700323237920 4.035409035409036e-05 0
1700323317962 4.0293040293040296e-05 0
1700323398824 4.023199023199024e-05 0
1700323482436 4.0170940170940174e-05 0
1700323563778 4.010989010989011e-05 0
1700323680846 4.004884004884005e-05 0
1700323761191 3.998778998778999e-05 0
1700323841831 3.992673992673993e-05 0
1700323922225 3.986568986568987e-05 0
1700324002691 3.9804639804639804e-05 0
1700324083082 3.974358974358974e-05 0
1700324163501 3.968253968253968e-05 0
1700324243911 3.962148962148962e-05 0
1700324324523 3.956043956043956e-05 0
1700324405663 3.94993894993895e-05 0
1700324486009 3.943833943833944e-05 0
1700324566375 3.9377289377289376e-05 0
1700324646760 3.931623931623932e-05 0
1700324727475 3.9255189255189255e-05 0
1700324807946 3.91941391941392e-05 0
1700324888303 3.913308913308913e-05 0
1700324968763 3.9072039072039076e-05 0
1700325049127 3.901098901098901e-05 0
1700325129523 3.8949938949938955e-05 0
1700325210170 3.888888888888889e-05 0
1700325290898 3.8827838827838833e-05 0
1700325371288 3.876678876678877e-05 0
1700325451859 3.870573870573871e-05 0
1700325532295 3.864468864468865e-05 0
1700325612623 3.8583638583638584e-05 0
1700325693062 3.852258852258853e-05 0
1700325773403 3.846153846153846e-05 0
1700325856317 3.8400488400488406e-05 0
1700325939635 3.833943833943834e-05 0
1700326019989 3.827838827838828e-05 0
1700326100233 3.8217338217338214e-05 0
1700326180415 3.8156288156288156e-05 0
1700326260852 3.809523809523809e-05 0
1700326341379 3.8034188034188035e-05 0
1700326421602 3.797313797313797e-05 0
1700326502068 3.7912087912087914e-05 0
1700326582427 3.785103785103785e-05 0
1700326662847 3.778998778998779e-05 0
1700326743272 3.772893772893773e-05 0
1700326823525 3.766788766788767e-05 0
1700326903991 3.760683760683761e-05 0
1700326984524 3.754578754578755e-05 0
1700327068191 3.7484737484737486e-05 0
1700327150133 3.742368742368743e-05 0
1700327230591 3.7362637362637365e-05 0
1700327311048 3.730158730158731e-05 0
1700327391295 3.724053724053724e-05 0
1700327471702 3.717948717948718e-05 0
1700327552021 3.711843711843712e-05 0
1700327632335 3.705738705738706e-05 0
1700327712678 3.6996336996337e-05 0
1700327793097 3.6935286935286937e-05 0
1700327873562 3.687423687423688e-05 0
1700327954076 3.6813186813186815e-05 0
1700328035623 3.675213675213676e-05 0
1700328115949 3.669108669108669e-05 0
1700328196248 3.663003663003663e-05 0
1700328276527 3.6568986568986566e-05 0
1700328356935 3.650793650793651e-05 0
1700328437231 3.6446886446886445e-05 0
1700328517503 3.638583638583639e-05 0
1700328597973 3.6324786324786323e-05 0
1700328678335 3.6263736263736266e-05 0
1700328758645 3.62026862026862e-05 0
1700328838966 3.6141636141636145e-05 0
1700328919280 3.608058608058608e-05 0
1700328999617 3.6019536019536024e-05 0
1700329080087 3.595848595848596e-05 0
1700329162753 3.58974358974359e-05 0
1700329246690 3.583638583638584e-05 0
1700329327030 3.577533577533578e-05 0
1700329407475 3.571428571428572e-05 0
1700329487597 3.565323565323565e-05 0
1700329567895 3.5592185592185596e-05 0
1700329648169 3.553113553113553e-05 0
1700329728411 3.5470085470085474e-05 0
1700329811905 3.540903540903541e-05 0
1700329892099 3.534798534798535e-05 0
1700329972551 3.528693528693529e-05 0
1700330052663 3.522588522588523e-05 0
1700330133115 3.516483516483517e-05 0
1700330213415 3.5103785103785104e-05 0
1700330293635 3.504273504273504e-05 0
1700330373888 3.498168498168498e-05 0
1700330454103 3.492063492063492e-05 0
1700330534439 3.485958485958486e-05 0
1700330614821 3.47985347985348e-05 0
1700330695087 3.473748473748474e-05 0
1700330775278 3.4676434676434676e-05 0
1700330857828 3.461538461538462e-05 0
1700330941478 3.4554334554334555e-05 0
1700331021795 3.44932844932845e-05 0
1700331102011 3.443223443223443e-05 0
1700331182307 3.4371184371184376e-05 0
1700331262623 3.431013431013431e-05 0
1700331343052 3.424908424908425e-05 0
1700331423367 3.418803418803419e-05 0
1700331503758 3.412698412698413e-05 0
1700331584365 3.406593406593407e-05 0
1700331665310 3.4004884004884005e-05 0
1700331745542 3.394383394383395e-05 0
1700331825590 3.3882783882783884e-05 0
1700331905803 3.382173382173383e-05 0
1700331985938 3.376068376068376e-05 0
1700332066222 3.3699633699633706e-05 0
1700332146441 3.363858363858364e-05 0
1700332226569 3.357753357753358e-05 0
1700332306682 3.3516483516483513e-05 0
1700332386806 3.3455433455433456e-05 0
1700332466880 3.339438339438339e-05 0
1700332546991 3.3333333333333335e-05 0
1700332627119 3.327228327228327e-05 0
1700332707377 3.3211233211233214e-05 0
1700332789507 3.315018315018315e-05 0
1700332873127 3.308913308913309e-05 0
1700332953357 3.302808302808303e-05 0
1700333033619 3.296703296703297e-05 0
1700333113774 3.290598290598291e-05 0
1700333193903 3.284493284493284e-05 0
1700333274131 3.2783882783882786e-05 0
1700333354326 3.272283272283272e-05 0
1700333434470 3.2661782661782664e-05 0
1700333514743 3.26007326007326e-05 0
1700333595030 3.253968253968254e-05 0
1700333678836 3.247863247863248e-05 0
1700333758835 3.241758241758242e-05 0
1700333839015 3.235653235653236e-05 0
1700333919282 3.22954822954823e-05 0
1700333999290 3.2234432234432237e-05 0
1700334079556 3.217338217338218e-05 0
1700334159615 3.2112332112332115e-05 0
1700334241041 3.205128205128206e-05 0
1700334324952 3.199023199023199e-05 0
1700334409408 3.192918192918193e-05 0
1700334489558 3.1868131868131866e-05 0
1700334569592 3.180708180708181e-05 0
1700334649884 3.1746031746031745e-05 0
1700334730065 3.168498168498169e-05 0
1700334810122 3.162393162393162e-05 0
1700334890293 3.1562881562881566e-05 0
1700334970364 3.15018315018315e-05 0
1700335050420 3.1440781440781445e-05 0
1700335130579 3.137973137973138e-05 0
1700335211485 3.131868131868132e-05 0
1700335291459 3.125763125763126e-05 0
1700335371508 3.1196581196581195e-05 0
1700335451712 3.113553113553114e-05 0
1700335531731 3.1074481074481074e-05 0
1700335611818 3.101343101343102e-05 0
1700335691896 3.095238095238095e-05 0
1700335771959 3.0891330891330896e-05 0
1700335852435 3.083028083028083e-05 0
1700335932718 3.0769230769230774e-05 0
1700336012735 3.070818070818071e-05 0
1700336092803 3.064713064713065e-05 0
1700336172973 3.058608058608059e-05 0
1700336253319 3.052503052503053e-05 0
1700336333699 3.0463980463980464e-05 0
1700336414226 3.04029304029304e-05 0
1700336494360 3.034188034188034e-05 0
1700336574798 3.028083028083028e-05 0
1700336656399 3.021978021978022e-05 0
1700336740753 3.0158730158730158e-05 0
1700336822286 3.0097680097680097e-05 0
1700336950631 3.0036630036630036e-05 0
1700337034195 2.9975579975579976e-05 0
1700337114582 2.9914529914529915e-05 0
1700337194944 2.9853479853479855e-05 0
1700337275431 2.9792429792429794e-05 0
1700337355992 2.9731379731379733e-05 0
1700337436383 2.9670329670329673e-05 0
1700337516650 2.9609279609279612e-05 0
1700337596855 2.954822954822955e-05 0
1700337677232 2.948717948717949e-05 0
1700337757943 2.942612942612943e-05 0
1700337838602 2.9365079365079366e-05 0
1700337918896 2.9304029304029305e-05 0
1700337999290 2.9242979242979245e-05 0
1700338079744 2.9181929181929184e-05 0
1700338160032 2.9120879120879123e-05 0
1700338240410 2.9059829059829063e-05 0
1700338320679 2.8998778998779002e-05 0
1700338402102 2.893772893772894e-05 0
1700338485971 2.8876678876678874e-05 0
1700338567040 2.8815628815628813e-05 0
1700338647388 2.8754578754578753e-05 0
1700338727605 2.8693528693528692e-05 0
1700338808108 2.863247863247863e-05 0
1700338889122 2.857142857142857e-05 0
1700338969405 2.851037851037851e-05 0
1700339049918 2.844932844932845e-05 0
1700339130434 2.838827838827839e-05 0
1700339210794 2.8327228327228328e-05 0
1700339290905 2.8266178266178268e-05 0
1700339371063 2.8205128205128207e-05 0
1700339451579 2.8144078144078146e-05 0
1700339531879 2.8083028083028086e-05 0
1700339612185 2.8021978021978025e-05 0
1700339692470 2.7960927960927964e-05 0
1700339773209 2.78998778998779e-05 0
1700339854129 2.783882783882784e-05 0
1700339934664 2.777777777777778e-05 0
1700340018240 2.771672771672772e-05 0
1700340101506 2.7655677655677658e-05 0
1700340182198 2.7594627594627597e-05 0
1700340262378 2.7533577533577537e-05 0
1700340342469 2.7472527472527476e-05 0
1700340422517 2.7411477411477415e-05 0
1700340502826 2.7350427350427355e-05 0
1700340583090 2.7289377289377287e-05 0
1700340666734 2.7228327228327227e-05 0
1700340746904 2.7167277167277166e-05 0
1700340827168 2.7106227106227105e-05 0
1700340910724 2.7045177045177045e-05 0
1700340990801 2.6984126984126984e-05 0
1700341070959 2.6923076923076923e-05 0
1700341151334 2.6862026862026863e-05 0
1700341231786 2.6800976800976802e-05 0
1700341313255 2.673992673992674e-05 0
1700341397247 2.667887667887668e-05 0
1700341478646 2.661782661782662e-05 0
1700341559014 2.655677655677656e-05 0
1700341639218 2.64957264957265e-05 0
1700341719590 2.6434676434676435e-05 0
1700341800127 2.6373626373626374e-05 0
1700341880519 2.6312576312576314e-05 0
1700341960842 2.6251526251526253e-05 0
1700342041194 2.6190476190476192e-05 0
1700342121755 2.612942612942613e-05 0
1700342202089 2.606837606837607e-05 0
1700342282392 2.600732600732601e-05 0
1700342362714 2.594627594627595e-05 0
1700342443483 2.588522588522589e-05 0
1700342523881 2.582417582417583e-05 0
1700342604154 2.576312576312576e-05 0
1700342684458 2.57020757020757e-05 0
1700342764488 2.564102564102564e-05 0
1700342844697 2.557997557997558e-05 0
1700342924886 2.551892551892552e-05 0
1700343005093 2.5457875457875458e-05 0
1700343085386 2.5396825396825397e-05 0
1700343165893 2.5335775335775336e-05 0
1700343246234 2.5274725274725276e-05 0
1700343326548 2.5213675213675215e-05 0
1700343406722 2.5152625152625155e-05 0
1700343487263 2.5091575091575094e-05 0
1700343567790 2.5030525030525033e-05 0
1700343648367 2.496947496947497e-05 0
1700343728638 2.490842490842491e-05 0
1700343810195 2.4847374847374848e-05 0
1700343894231 2.4786324786324787e-05 0
1700343975126 2.4725274725274727e-05 0
1700344055705 2.4664224664224666e-05 0
1700344136302 2.4603174603174602e-05 0
1700344216546 2.454212454212454e-05 0
1700344296610 2.448107448107448e-05 0
1700344376785 2.442002442002442e-05 0
1700344457062 2.435897435897436e-05 0
1700344537282 2.42979242979243e-05 0
1700344617508 2.4236874236874238e-05 0
1700344697910 2.4175824175824177e-05 0
1700344778322 2.4114774114774117e-05 0
1700344858637 2.4053724053724056e-05 0
1700344938901 2.3992673992673995e-05 0
1700345019495 2.3931623931623935e-05 0
1700345099934 2.3870573870573874e-05 0
1700345180321 2.380952380952381e-05 0
1700345260651 2.374847374847375e-05 0
1700345340950 2.368742368742369e-05 0
1700345421292 2.3626373626373628e-05 0
1700345501997 2.3565323565323568e-05 0
1700345582186 2.3504273504273504e-05 0
1700345663990 2.3443223443223443e-05 0
1700345747722 2.3382173382173382e-05 0
1700345832095 2.332112332112332e-05 0
1700345912647 2.326007326007326e-05 0
1700345992986 2.31990231990232e-05 0
1700346077563 2.313797313797314e-05 0
1700346157682 2.307692307692308e-05 0
1700346237760 2.3015873015873015e-05 0
1700346318086 2.2954822954822954e-05 0
1700346398290 2.2893772893772894e-05 0
1700346478838 2.2832722832722833e-05 0
1700346559194 2.2771672771672772e-05 0
1700346639632 2.2710622710622712e-05 0
1700346720029 2.264957264957265e-05 0
1700346800486 2.258852258852259e-05 0
1700346880746 2.252747252747253e-05 0
1700346961159 2.246642246642247e-05 0
1700347041398 2.240537240537241e-05 0
1700347121605 2.2344322344322348e-05 0
1700347203183 2.2283272283272287e-05 0
1700347287245 2.2222222222222223e-05 0
1700347368741 2.2161172161172163e-05 0
1700347449078 2.2100122100122102e-05 0
1700347529430 2.2039072039072038e-05 0
1700347609741 2.1978021978021977e-05 0
1700347690095 2.1916971916971917e-05 0
1700347770230 2.1855921855921856e-05 0
1700347850701 2.1794871794871795e-05 0
1700347930908 2.1733821733821735e-05 0
1700348011315 2.1672771672771674e-05 0
1700348094871 2.1611721611721613e-05 0
1700348175135 2.1550671550671553e-05 0
1700348255518 2.1489621489621492e-05 0
1700348335794 2.1428571428571428e-05 0
1700348415895 2.1367521367521368e-05 0
1700348496107 2.1306471306471307e-05 0
1700348576583 2.1245421245421246e-05 0
1700348656942 2.1184371184371186e-05 0
1700348737126 2.1123321123321125e-05 0
1700348817298 2.1062271062271064e-05 0
1700348897721 2.1001221001221004e-05 0
1700348978305 2.0940170940170943e-05 0
1700349062238 2.0879120879120882e-05 0
1700349144646 2.0818070818070822e-05 0
1700349225022 2.0757020757020758e-05 0
1700349305487 2.0695970695970697e-05 0
1700349385840 2.0634920634920636e-05 0
1700349466222 2.0573870573870572e-05 0
1700349546654 2.0512820512820512e-05 0
1700349627114 2.045177045177045e-05 0
1700349708467 2.039072039072039e-05 0
1700349788714 2.032967032967033e-05 0
1700349869106 2.026862026862027e-05 0
1700349949389 2.020757020757021e-05 0
1700350029687 2.0146520146520148e-05 0
1700350311116 2.0085470085470087e-05 0
1700350391442 2.0024420024420027e-05 0
1700350471886 1.9963369963369966e-05 0
1700350552330 1.9902319902319902e-05 0
1700350632662 1.984126984126984e-05 0
1700350712798 1.978021978021978e-05 0
1700350793185 1.971916971916972e-05 0
1700350874219 1.965811965811966e-05 0
1700350958135 1.95970695970696e-05 0
1700351039700 1.9536019536019538e-05 0
1700351119990 1.9474969474969477e-05 0
1700351200394 1.9413919413919417e-05 0
1700351280822 1.9352869352869356e-05 0
1700351361181 1.9291819291819292e-05 0
1700351441613 1.923076923076923e-05 0
1700351522034 1.916971916971917e-05 0
1700351602218 1.9108669108669107e-05 0
1700351682622 1.9047619047619046e-05 0
1700351766306 1.8986568986568985e-05 0
1700351846661 1.8925518925518925e-05 0
1700351926938 1.8864468864468864e-05 0
1700352006876 1.8803418803418804e-05 0
1700352087289 1.8742368742368743e-05 0
1700352168308 1.8681318681318682e-05 0
1700352251971 1.862026862026862e-05 0
1700352333450 1.855921855921856e-05 0
1700352413974 1.84981684981685e-05 0
1700352494511 1.843711843711844e-05 0
1700352574830 1.837606837606838e-05 0
1700352655129 1.8315018315018315e-05 0
1700352735392 1.8253968253968254e-05 0
1700352815768 1.8192918192918194e-05 0
1700352895938 1.8131868131868133e-05 0
1700352976230 1.8070818070818072e-05 0
1700353056367 1.8009768009768012e-05 0
1700353136644 1.794871794871795e-05 0
1700353217044 1.788766788766789e-05 0
1700353297961 1.7826617826617826e-05 0
1700353378130 1.7765567765567766e-05 0
1700353458486 1.7704517704517705e-05 0
1700353538884 1.7643467643467645e-05 0
1700353619194 1.7582417582417584e-05 0
1700353699291 1.752136752136752e-05 0
1700353779627 1.746031746031746e-05 0
1700353861555 1.73992673992674e-05 0
1700353945988 1.7338217338217338e-05 0
1700354027309 1.7277167277167277e-05 0
1700354107496 1.7216117216117217e-05 0
1700354187716 1.7155067155067156e-05 0
1700354267882 1.7094017094017095e-05 0
1700354348090 1.7032967032967035e-05 0
1700354428607 1.6971916971916974e-05 0
1700354509102 1.6910866910866913e-05 0
1700354589414 1.6849816849816853e-05 0
1700354669829 1.678876678876679e-05 0
1700354750384 1.6727716727716728e-05 0
1700354830986 1.6666666666666667e-05 0
1700354911306 1.6605616605616607e-05 0
1700354991806 1.6544566544566546e-05 0
1700355072086 1.6483516483516486e-05 0
1700355152387 1.642246642246642e-05 0
1700355232655 1.636141636141636e-05 0
1700355312938 1.63003663003663e-05 0
1700355393386 1.623931623931624e-05 0
1700355473576 1.617826617826618e-05 0
1700355556990 1.6117216117216118e-05 0
1700355637350 1.6056166056166058e-05 0
1700355717433 1.5995115995115994e-05 0
1700355797677 1.5934065934065933e-05 0
1700355877937 1.5873015873015872e-05 0
1700355958175 1.581196581196581e-05 0
1700356038510 1.575091575091575e-05 0
1700356118872 1.568986568986569e-05 0
1700356199425 1.562881562881563e-05 0
1700356283469 1.556776556776557e-05 0
1700356366585 1.550671550671551e-05 0
1700356446790 1.5445665445665448e-05 0
1700356527244 1.5384615384615387e-05 0
1700356607674 1.5323565323565327e-05 0
1700356688022 1.5262515262515266e-05 0
1700356768322 1.52014652014652e-05 0
1700356848663 1.514041514041514e-05 0
1700356930163 1.5079365079365079e-05 0
1700357010555 1.5018315018315018e-05 0
1700357091087 1.4957264957264958e-05 0
1700357171446 1.4896214896214897e-05 0
1700357251692 1.4835164835164836e-05 0
1700357331975 1.4774114774114776e-05 0
1700357412210 1.4713064713064715e-05 0
1700357492401 1.4652014652014653e-05 0
1700357572589 1.4590964590964592e-05 0
1700357652887 1.4529914529914531e-05 0
1700357733294 1.446886446886447e-05 0
1700357813443 1.4407814407814407e-05 0
1700357893816 1.4346764346764346e-05 0
1700357974034 1.4285714285714285e-05 0
1700358054460 1.4224664224664225e-05 0
1700358138487 1.4163614163614164e-05 0
1700358220890 1.4102564102564104e-05 0
1700358301498 1.4041514041514043e-05 0
1700358381870 1.3980463980463982e-05 0
1700358462138 1.391941391941392e-05 0
1700358542485 1.385836385836386e-05 0
1700358622731 1.3797313797313799e-05 0
1700358703269 1.3736263736263738e-05 0
1700358783334 1.3675213675213677e-05 0
1700358863413 1.3614163614163613e-05 0
1700358943732 1.3553113553113553e-05 0
1700359024164 1.3492063492063492e-05 0
1700359104284 1.3431013431013431e-05 0
1700359184491 1.336996336996337e-05 0
1700359268676 1.330891330891331e-05 0
1700359353664 1.324786324786325e-05 0
1700359435691 1.3186813186813187e-05 0
1700359515938 1.3125763125763126e-05 0
1700359596204 1.3064713064713066e-05 0
1700359676422 1.3003663003663005e-05 0
1700359756738 1.2942612942612944e-05 0
1700359837182 1.288156288156288e-05 0
1700359917606 1.282051282051282e-05 0
1700359998193 1.275946275946276e-05 0
1700360078605 1.2698412698412699e-05 0
1700360158950 1.2637362637362638e-05 0
1700360239434 1.2576312576312577e-05 0
1700360319838 1.2515262515262517e-05 0
1700360400186 1.2454212454212454e-05 0
1700360480334 1.2393162393162394e-05 0
1700360560978 1.2332112332112333e-05 0
1700360641299 1.227106227106227e-05 0
1700360721513 1.221001221001221e-05 0
1700360801838 1.214896214896215e-05 0
1700360882363 1.2087912087912089e-05 0
1700360962706 1.2026862026862028e-05 0
1700361043023 1.1965811965811967e-05 0
1700361123229 1.1904761904761905e-05 0
1700361203414 1.1843711843711844e-05 0
1700361283730 1.1782661782661784e-05 0
1700361364210 1.1721611721611721e-05 0
1700361444594 1.166056166056166e-05 0
1700361524798 1.15995115995116e-05 0
1700361604947 1.153846153846154e-05 0
1700361685237 1.1477411477411477e-05 0
1700361765558 1.1416361416361417e-05 0
1700361848119 1.1355311355311356e-05 0
1700361932177 1.1294261294261295e-05 0
1700362012494 1.1233211233211235e-05 0
1700362092794 1.1172161172161174e-05 0
1700362173192 1.1111111111111112e-05 0
1700362253525 1.1050061050061051e-05 0
1700362333638 1.0989010989010989e-05 0
1700362414020 1.0927960927960928e-05 0
1700362494321 1.0866910866910867e-05 0
1700362574650 1.0805860805860807e-05 0
1700362654890 1.0744810744810746e-05 0
1700362735151 1.0683760683760684e-05 0
1700362815570 1.0622710622710623e-05 0
1700362895818 1.0561660561660562e-05 0
1700362976051 1.0500610500610502e-05 0
1700363056499 1.0439560439560441e-05 0
1700363136793 1.0378510378510379e-05 0
1700363216914 1.0317460317460318e-05 0
1700363297241 1.0256410256410256e-05 0
1700363377714 1.0195360195360195e-05 0
1700363455114 1.0134310134310135e-05 0
1700363746197 1.0073260073260074e-05 0
1700363826718 1.0012210012210013e-05 0
1700363906914 9.951159951159951e-06 0
1700363987148 9.89010989010989e-06 0
1700364067583 9.82905982905983e-06 0
1700364148946 9.768009768009769e-06 0
1700364229215 9.706959706959708e-06 0
1700364309639 9.645909645909646e-06 0
1700364389819 9.584859584859585e-06 0
1700364470047 9.523809523809523e-06 0
1700364550489 9.462759462759462e-06 0
1700364630817 9.401709401709402e-06 0
1700364713171 9.340659340659341e-06 0
1700364796708 9.27960927960928e-06 0
1700364877234 9.21855921855922e-06 0
1700364957797 9.157509157509158e-06 0
1700365037996 9.096459096459097e-06 0
1700365118398 9.035409035409036e-06 0
1700365198854 8.974358974358976e-06 0
1700365279126 8.913308913308913e-06 0
1700365359479 8.852258852258853e-06 0
1700365439625 8.791208791208792e-06 0
1700365520069 8.73015873015873e-06 0
1700365600610 8.669108669108669e-06 0
1700365680894 8.608058608058608e-06 0
1700365761486 8.547008547008548e-06 0
1700365841755 8.485958485958487e-06 0
1700365922095 8.424908424908426e-06 0
1700366002495 8.363858363858364e-06 0
1700366082785 8.302808302808303e-06 0
1700366162914 8.241758241758243e-06 0
1700366243344 8.18070818070818e-06 0
1700366323704 8.11965811965812e-06 0
1700366404398 8.058608058608059e-06 0
1700366484643 7.997557997557997e-06 0
1700366565272 7.936507936507936e-06 0
1700366645683 7.875457875457876e-06 0
1700366725998 7.814407814407815e-06 0
1700366806521 7.753357753357754e-06 0
1700366886797 7.692307692307694e-06 0
1700366967090 7.631257631257633e-06 0
1700367047268 7.57020757020757e-06 0
1700367127536 7.509157509157509e-06 0
1700367207942 7.4481074481074485e-06 0
1700367291717 7.387057387057388e-06 0
1700367374870 7.326007326007326e-06 0
1700367455210 7.264957264957266e-06 0
1700367535509 7.203907203907203e-06 0
1700367615997 7.142857142857143e-06 0
1700367696392 7.081807081807082e-06 0
1700367777390 7.0207570207570214e-06 0
1700367857631 6.95970695970696e-06 0
1700367938074 6.898656898656899e-06 0
1700368018991 6.837606837606839e-06 0
1700368099401 6.776556776556776e-06 0
1700368179411 6.715506715506716e-06 0
1700368259550 6.654456654456655e-06 0
1700368340739 6.5934065934065935e-06 0
1700368424517 6.532356532356533e-06 0
1700368505594 6.471306471306472e-06 0
1700368585806 6.41025641025641e-06 0
1700368665986 6.349206349206349e-06 0
1700368746298 6.288156288156289e-06 0
1700368826614 6.227106227106227e-06 0
1700368906986 6.1660561660561665e-06 0
1700368987286 6.105006105006105e-06 0
1700369067845 6.043956043956044e-06 0
1700369148303 5.982905982905984e-06 0
1700369232186 5.921855921855922e-06 0
1700369312510 5.860805860805861e-06 0
1700369392895 5.7997557997558e-06 0
1700369473182 5.738705738705739e-06 0
1700369553254 5.677655677655678e-06 0
1700369633630 5.616605616605617e-06 0
1700369714190 5.555555555555556e-06 0
1700369794485 5.494505494505494e-06 0
1700369874804 5.433455433455434e-06 0
1700369955186 5.372405372405373e-06 0
1700370035465 5.3113553113553116e-06 0
1700370119387 5.250305250305251e-06 0
1700370199945 5.189255189255189e-06 0
1700370283791 5.128205128205128e-06 0
1700370364347 5.067155067155067e-06 0
1700370444771 5.006105006105007e-06 0
1700370525518 4.945054945054945e-06 0
1700370609908 4.8840048840048845e-06 0
1700370691941 4.822954822954823e-06 0
1700370772033 4.7619047619047615e-06 0
1700370852444 4.700854700854701e-06 0
1700370932750 4.63980463980464e-06 0
1700371012978 4.578754578754579e-06 0
1700371093222 4.517704517704518e-06 0
1700371173354 4.456654456654457e-06 0
1700371253611 4.395604395604396e-06 0
1700371333950 4.3345543345543345e-06 0
1700371415065 4.273504273504274e-06 0
1700371495103 4.212454212454213e-06 0
1700371575222 4.151404151404152e-06 0
1700371655460 4.09035409035409e-06 0
1700371735399 4.0293040293040296e-06 0
1700371815413 3.968253968253968e-06 0
1700371895518 3.9072039072039074e-06 0
1700371975474 3.846153846153847e-06 0
1700372055623 3.785103785103785e-06 0
1700372135738 3.7240537240537242e-06 0
1700372215859 3.663003663003663e-06 0
1700372296019 3.6019536019536017e-06 0
1700372377135 3.540903540903541e-06 0
1700372460751 3.47985347985348e-06 0
1700372542470 3.4188034188034193e-06 0
1700372622749 3.357753357753358e-06 0
1700372702873 3.2967032967032968e-06 0
1700372782918 3.235653235653236e-06 0
1700372863015 3.1746031746031746e-06 0
1700372943200 3.1135531135531136e-06 0
1700373023282 3.0525030525030525e-06 0
1700373103518 2.991452991452992e-06 0
1700373183574 2.9304029304029304e-06 0
1700373263779 2.8693528693528693e-06 0
1700373343958 2.8083028083028087e-06 0
1700373424226 2.747252747252747e-06 0
1700373504386 2.6862026862026865e-06 0
1700373584598 2.6251526251526255e-06 0
1700373664794 2.564102564102564e-06 0
1700373744878 2.5030525030525033e-06 0
1700373826320 2.4420024420024423e-06 0
1700373910016 2.3809523809523808e-06 0
1700373990843 2.31990231990232e-06 0
1700374071201 2.258852258852259e-06 0
1700374151271 2.197802197802198e-06 0
1700374231274 2.136752136752137e-06 0
1700374311307 2.075702075702076e-06 0
1700374391435 2.0146520146520148e-06 0
1700374471539 1.9536019536019537e-06 0
1700374551440 1.8925518925518924e-06 0
1700374631434 1.8315018315018316e-06 0
1700374711451 1.7704517704517705e-06 0
1700374791570 1.7094017094017097e-06 0
1700374871807 1.6483516483516484e-06 0
1700374952002 1.5873015873015873e-06 0
1700375033286 1.5262515262515263e-06 0
1700375113438 1.4652014652014652e-06 0
1700375193622 1.4041514041514043e-06 0
1700375273666 1.3431013431013433e-06 0
1700375353714 1.282051282051282e-06 0
1700375433912 1.2210012210012211e-06 0
1700375514054 1.15995115995116e-06 0
1700375594182 1.098901098901099e-06 0
1700375674111 1.037851037851038e-06 0
1700375754223 9.768009768009769e-07 0
1700375834486 9.157509157509158e-07 0
1700375915436 8.547008547008548e-07 0
1700375999392 7.936507936507937e-07 0
1700376080775 7.326007326007326e-07 0
1700376160847 6.715506715506716e-07 0
1700376240921 6.105006105006106e-07 0
1700376321114 5.494505494505495e-07 0
1700376401403 4.884004884004884e-07 0
1700376481410 4.273504273504274e-07 0
1700376561639 3.663003663003663e-07 0
1700376641950 3.052503052503053e-07 0
1700376722143 2.442002442002442e-07 0
1700376802246 1.8315018315018315e-07 0
