1700310552238 0.348046875 0
1700310624000 1.404931640625 0
1700310703837 1.34833984375 0
1700310787023 1.5814453125 0
1700310867466 1.329541015625 0
1700310947476 8.97880859375 0
1700311027364 1.7833984375 0
1700311110049 1.30166015625 0
1700311192723 1.420703125 0
1700311272564 9.303515625 0
1700311352532 7.29150390625 0
1700311435829 1.9787109375 0
1700311515840 1.766796875 0
1700311595864 1.73955078125 0
1700311675821 2.12548828125 0
1700311755764 2.2728515625 0
1700311835629 1.87587890625 0
1700311915604 1.94326171875 0
1700311995500 2.641796875 0
1700312075536 2.2546875 0
1700312155376 6.4546875 0
1700312235352 3.1583984375 0
1700312315280 2.7125 0
1700312395291 2.6302734375 0
1700312475112 3.82763671875 0
1700312554972 2.586328125 0
1700312634716 2.69921875 0
1700312714449 2.775390625 0
1700312794256 3.2064453125 0
1700312874054 2.9861328125 0
1700312953940 3.218359375 0
1700313037042 3.3287109375 0
1700313117061 3.3283203125 0
1700313197115 3.78984375 0
1700313280004 3.7306640625 0
1700313364589 3.8365234375 0
1700313444496 4.141015625 0
1700313525068 4.2126953125 0
1700313604809 4.193359375 0
1700313684692 4.414453125 0
1700313764605 4.603515625 0
1700313847672 4.92578125 0
1700313927559 4.9359375 0
1700314007444 5.08203125 0
1700314087377 5.190234375 0
1700314167209 5.433203125 0
1700314247081 5.425390625 0
1700314326875 5.71796875 0
1700314406680 12.178515625 0
1700314489936 6.0328125 0
1700314570012 11.413671875 0
1700314650014 6.471875 0
1700314733195 6.865625 0
1700314814816 6.70234375 0
1700314894888 6.78671875 0
1700314974712 6.962109375 0
1700315054552 7.705078125 0
1700315134319 7.33203125 0
1700315214172 7.1046875 0
1700315294026 7.80546875 0
1700315373640 7.4609375 0
1700315453676 7.7109375 0
1700315533658 7.93671875 0
1700315613500 7.97421875 0
1700315696593 8.09296875 0
1700315776477 8.3609375 0
1700315856487 8.534375 0
1700315936350 8.51484375 0
1700316019363 8.74375 0
1700316099099 8.9125 0
1700316181539 9.02734375 0
1700316264727 10.64140625 0
1700316344640 9.49609375 0
1700316424632 9.64296875 0
1700316504341 9.61015625 0
1700316584148 10.19609375 0
1700316664028 9.903125 0
1700316743768 10.31875 0
1700316823587 10.3046875 0
1700316903368 11.88828125 0
1700316983267 10.54140625 0
1700317063131 11.16328125 0
1700317143914 11.1125 0
1700317223829 11.26953125 0
1700317303716 11.03359375 0
1700317383508 11.575 0
1700317463379 15.3109375 0
1700317543060 11.80859375 0
1700317622919 11.8828125 0
1700317702936 13.32890625 0
1700317782693 12.540625 0
1700317862479 12.50859375 0
1700317942372 13.6203125 0
1700318022614 12.98828125 0
1700318106506 13.25859375 0
1700318187481 13.375 0
1700318267487 13.0359375 0
1700318347280 16.37578125 0
1700318427225 13.5234375 0
1700318506980 13.70859375 0
1700318586747 13.63984375 0
1700318666636 15.8265625 0
1700318746460 14.3734375 0
1700318826392 14.11875 0
1700318906409 14.26171875 0
1700318986366 14.6078125 0
1700319069472 14.6671875 0
1700319149197 14.88828125 0
1700319229024 15.2234375 0
1700319308904 15.36484375 0
1700319388576 15.4890625 0
1700319468319 16.03671875 0
1700319547932 18.31328125 0
1700319627652 16.65390625 0
1700319707469 18.6765625 0
1700319787304 18.7359375 0
1700319867257 17.38125 0
1700319946976 17.509375 0
1700320026639 18.259375 0
1700320106351 18.146875 0
1700320186045 18.2984375 0
1700320270784 19.0453125 0
1700320354209 18.253125 0
1700320434360 17.8046875 0
1700320514288 16.8953125 0
1700320594104 16.6609375 0
1700320673938 16.5265625 0
1700320754697 15.965625 0
1700320834571 15.8734375 0
1700320914488 15.08515625 0
1700320994233 15.46796875 0
1700321074147 14.8765625 0
1700321154152 14.61796875 0
1700321234089 14.74765625 0
1700321314054 14.003125 0
1700321393950 13.9390625 0
1700321473832 13.81171875 0
1700321553785 13.409375 0
1700321633916 14.54921875 0
1700321713860 13.225 0
1700321796232 13.16171875 0
1700321879096 13.0515625 0
1700321958921 13.2484375 0
1700322038804 12.6328125 0
1700322118600 12.69296875 0
1700322198539 12.621875 0
1700322278538 12.22421875 0
1700322358460 13.259375 0
1700322438447 12.55 0
1700322518408 12.0078125 0
1700322598419 12.15078125 0
1700322678403 11.9265625 0
1700322758567 11.8140625 0
1700322838412 11.87578125 0
1700322918252 11.8640625 0
1700322998299 11.68984375 0
1700323078240 12.31171875 0
1700323158046 11.5859375 0
1700323237918 12.57421875 0
1700323317959 11.99921875 0
1700323398822 11.340625 0
1700323482433 11.29765625 0
1700323563775 11.69140625 0
1700323680844 11.83984375 0
1700323761188 10.834375 0
1700323841828 11.28515625 0
1700323922222 11.8828125 0
1700324002688 11.434375 0
1700324083080 11.3546875 0
1700324163499 11.53359375 0
1700324243908 11.20625 0
1700324324520 10.73515625 0
1700324405661 11.0953125 0
1700324486006 11.48828125 0
1700324566372 11.2125 0
1700324646757 11.41875 0
1700324727472 12.96484375 0
1700324807943 11.38515625 0
1700324888301 10.98984375 0
1700324968760 11.72421875 0
1700325049124 11.73046875 0
1700325129520 11.49296875 0
1700325210168 11.359375 0
1700325290895 11.60859375 0
1700325371285 11.7703125 0
1700325451857 11.0734375 0
1700325532292 11.3984375 0
1700325612620 10.6125 0
1700325693060 12.18515625 0
1700325773400 11.20546875 0
1700325856315 11.2734375 0
1700325939626 11.52265625 0
1700326019987 11.0390625 0
1700326100230 11.6421875 0
1700326180412 11.753125 0
1700326260849 12.040625 0
1700326341375 11.8453125 0
1700326421599 11.565625 0
1700326502065 11.84453125 0
1700326582424 11.975 0
1700326662844 11.3328125 0
1700326743269 11.80078125 0
1700326823522 11.80859375 0
1700326903988 12.17734375 0
1700326984521 11.7890625 0
1700327068189 12.721875 0
1700327150130 12.3890625 0
1700327230588 12.65390625 0
1700327311045 12.73203125 0
1700327391292 12.453125 0
1700327471699 12.55234375 0
1700327552018 12.459375 0
1700327632330 11.73984375 0
1700327712677 12.5390625 0
1700327793094 12.521875 0
1700327873560 14.67734375 0
1700327954073 12.9671875 0
1700328035620 13.09140625 0
1700328115946 13.3703125 0
1700328196246 12.94609375 0
1700328276524 12.97109375 0
1700328356932 13.2453125 0
1700328437228 13.440625 0
1700328517500 12.77578125 0
1700328597971 13.43828125 0
1700328678332 13.265625 0
1700328758642 13.7671875 0
1700328838964 13.2953125 0
1700328919277 14.0546875 0
1700328999615 14.665625 0
1700329080084 13.3203125 0
1700329162751 13.66484375 0
1700329246688 13.5640625 0
1700329327027 13.89765625 0
1700329407473 13.6859375 0
1700329487595 13.690625 0
1700329567893 13.5390625 0
1700329648166 13.9375 0
1700329728409 13.6296875 0
1700329811903 14.44375 0
1700329892096 14.31953125 0
1700329972548 14.57890625 0
1700330052661 14.28828125 0
1700330133112 14.325 0
1700330213412 14.80078125 0
1700330293632 13.9359375 0
1700330373885 14.25703125 0
1700330454101 14.7921875 0
1700330534436 14.37421875 0
1700330614818 14.921875 0
1700330695084 15.48984375 0
1700330775276 16.196875 0
1700330857825 14.60859375 0
1700330941475 15.69453125 0
1700331021792 14.91171875 0
1700331102008 14.99765625 0
1700331182305 15.465625 0
1700331262620 15.3359375 0
1700331343049 15.25234375 0
1700331423365 15.79609375 0
1700331503755 15.29765625 0
1700331584362 15.70078125 0
1700331665308 16.05078125 0
1700331745539 15.54140625 0
1700331825588 16.08203125 0
1700331905800 15.9703125 0
1700331985936 15.71640625 0
1700332066220 15.45234375 0
1700332146439 16.44140625 0
1700332226566 16.60546875 0
1700332306679 16.5515625 0
1700332386803 16.45625 0
1700332466878 16.93125 0
1700332546988 18.96953125 0
1700332627116 16.2875 0
1700332707374 16.18203125 0
1700332789504 16.70546875 0
1700332873124 16.68828125 0
1700332953354 17.18046875 0
1700333033615 17.0203125 0
1700333113771 17.04140625 0
1700333193900 17.0234375 0
1700333274128 17.528125 0
1700333354323 16.3421875 0
1700333434467 16.54375 0
1700333514740 16.81640625 0
1700333595027 18.2859375 0
1700333678833 17.7375 0
1700333758832 17.6984375 0
1700333839012 17.865625 0
1700333919280 17.02578125 0
1700333999288 18.015625 0
1700334079554 18.20625 0
1700334159612 18.7296875 0
1700334241039 17.90390625 0
1700334324949 19.93125 0
1700334409406 18.78125 0
1700334489556 18.365625 0
1700334569590 18.4484375 0
1700334649881 18.85546875 0
1700334730062 19.121875 0
1700334810119 19.45625 0
1700334890290 19.1890625 0
1700334970361 20.021875 0
1700335050417 19.1953125 0
1700335130577 19.0375 0
1700335211482 18.7171875 0
1700335291456 19.3640625 0
1700335371505 19.5234375 0
1700335451708 19.4171875 0
1700335531728 18.9984375 0
1700335611815 19.3390625 0
1700335691893 19.1359375 0
1700335771956 19.346875 0
1700335852432 20.3234375 0
1700335932715 19.6921875 0
1700336012732 20.3140625 0
1700336092800 20.7484375 0
1700336172970 19.0671875 0
1700336253316 20.5171875 0
1700336333696 20.6390625 0
1700336414224 20.15625 0
1700336494358 21.4953125 0
1700336574795 20.684375 0
1700336656397 20.70625 0
1700336740750 20.7515625 0
1700336822284 21.121875 0
1700336950629 20.39375 0
1700337034192 21.89375 0
1700337114580 21.1140625 0
1700337194942 20.5203125 0
1700337275428 20.3796875 0
1700337355990 21.446875 0
1700337436380 22.8 0
1700337516647 21.10625 0
1700337596852 21.228125 0
1700337677229 21.2 0
1700337757940 21.45625 0
1700337838600 20.4640625 0
1700337918893 21.03125 0
1700337999287 21.1109375 0
1700338079741 21.265625 0
1700338160029 20.6890625 0
1700338240408 21.3828125 0
1700338320676 20.078125 0
1700338402099 20.21875 0
1700338485969 20.6921875 0
1700338567037 20.5625 0
1700338647385 21.9921875 0
1700338727602 20.7578125 0
1700338808105 20.5546875 0
1700338889119 21.371875 0
1700338969403 20.5859375 0
1700339049915 23.090625 0
1700339130432 20.625 0
1700339210792 22.0390625 0
1700339290903 21.3 0
1700339371061 20.9765625 0
1700339451577 20.4859375 0
1700339531877 20.44375 0
1700339612164 20.0953125 0
1700339692468 20.4921875 0
1700339773207 21.2984375 0
1700339854127 20.36875 0
1700339934662 19.8296875 0
1700340018238 20.578125 0
1700340101504 21.228125 0
1700340182196 20.2125 0
1700340262376 20.121875 0
1700340342466 20.4640625 0
1700340422515 20.2046875 0
1700340502824 20.515625 0
1700340583088 20.284375 0
1700340666732 19.7609375 0
1700340746902 20.6734375 0
1700340827166 21.146875 0
1700340910722 21.1625 0
1700340990799 20.990625 0
1700341070957 20.9609375 0
1700341151332 21.8109375 0
1700341231784 20.4640625 0
1700341313254 20.728125 0
1700341397245 20.95 0
1700341478644 20.5859375 0
1700341559011 21.296875 0
1700341639216 20.2171875 0
1700341719588 20.4671875 0
1700341800124 20.3046875 0
1700341880517 20.3109375 0
1700341960840 20.325 0
1700342041191 20.515625 0
1700342121753 20.0765625 0
1700342202087 20.525 0
1700342282390 20.3234375 0
1700342362712 20.58125 0
1700342443482 20.471875 0
1700342523879 21.3875 0
1700342604152 20.3828125 0
1700342684452 20.271875 0
1700342764486 20.7640625 0
1700342844695 20.4640625 0
1700342924884 20.5890625 0
1700343005091 19.5125 0
1700343085384 20.6515625 0
1700343165891 21.0921875 0
1700343246232 19.86875 0
1700343326546 21.3859375 0
1700343406720 21.05625 0
1700343487260 20.99375 0
1700343567788 21.2578125 0
1700343648364 19.7546875 0
1700343728636 19.6140625 0
1700343810193 20.2765625 0
1700343894229 20.2 0
1700343975124 20.04375 0
1700344055703 21.259375 0
1700344136300 20.8265625 0
1700344216544 20.065625 0
1700344296608 20.2390625 0
1700344376783 19.93125 0
1700344457061 19.66875 0
1700344537280 21.7765625 0
1700344617506 20.259375 0
1700344697908 21.7671875 0
1700344778320 21.378125 0
1700344858635 20.2390625 0
1700344938899 20.7203125 0
1700345019493 22.0765625 0
1700345099932 20.184375 0
1700345180319 20.0734375 0
1700345260648 19.15 0
1700345340948 20.290625 0
1700345421290 20.590625 0
1700345501995 20.159375 0
1700345582184 19.978125 0
1700345663987 19.5421875 0
1700345747720 19.5796875 0
1700345832093 21.0984375 0
1700345912644 20.9078125 0
1700345992984 20.7546875 0
1700346077561 19.7984375 0
1700346157679 20.590625 0
1700346237758 20.5484375 0
1700346318084 20.1625 0
1700346398288 20.9796875 0
1700346478836 20.465625 0
1700346559191 20.75 0
1700346639630 20.6484375 0
1700346720027 19.659375 0
1700346800484 20.209375 0
1700346880744 20.321875 0
1700346961157 20.1 0
1700347041396 19.98125 0
1700347121604 20.79375 0
1700347203180 19.2953125 0
1700347287243 19.9890625 0
1700347368739 21.1796875 0
1700347449076 20.2703125 0
1700347529428 20.0390625 0
1700347609739 20.0390625 0
1700347690093 20.3890625 0
1700347770228 19.49375 0
1700347850698 20.8421875 0
1700347930906 19.675 0
1700348011313 20.29375 0
1700348094869 20.3203125 0
1700348175134 19.6265625 0
1700348255516 20.0640625 0
1700348335792 20.2484375 0
1700348415893 20.13125 0
1700348496105 19.9671875 0
1700348576581 21.0375 0
1700348656941 21.94375 0
1700348737124 20.1296875 0
1700348817296 20.446875 0
1700348897719 21.2625 0
1700348978303 19.75 0
1700349062236 21.175 0
1700349144644 19.6296875 0
1700349225020 20.7703125 0
1700349305485 19.6671875 0
1700349385838 19.9484375 0
1700349466220 20.1578125 0
1700349546652 20.559375 0
1700349627112 21.046875 0
1700349708465 19.3890625 0
1700349788712 19.3265625 0
1700349869103 19.76875 0
1700349949387 20.0546875 0
1700350029686 20.953125 0
1700350311114 19.5359375 0
1700350391440 20.1796875 0
1700350471884 19.5859375 0
1700350552328 19.571875 0
1700350632660 20.9640625 0
1700350712796 20.2109375 0
1700350793183 20.6859375 0
1700350874217 19.928125 0
1700350958133 20.3484375 0
1700351039698 20.3 0
1700351119988 19.971875 0
1700351200392 27.590625 0
1700351280820 20.4453125 0
1700351361179 20.2 0
1700351441611 20.2234375 0
1700351522032 19.83125 0
1700351602216 20.3421875 0
1700351682620 20.3140625 0
1700351766304 20.4640625 0
1700351846658 19.5375 0
1700351926936 19.746875 0
1700352006874 19.509375 0
1700352087287 21.1140625 0
1700352168306 20.428125 0
1700352251969 19.8765625 0
1700352333448 19.315625 0
1700352413972 19.93125 0
1700352494509 20.93125 0
1700352574828 21.1359375 0
1700352655127 19.9171875 0
1700352735390 19.80625 0
1700352815766 20.4671875 0
1700352895936 19.5125 0
1700352976228 19.884375 0
1700353056365 20.3234375 0
1700353136642 20.0921875 0
1700353217042 20.1765625 0
1700353297958 19.7671875 0
1700353378128 19.825 0
1700353458484 19.8875 0
1700353538882 20.3 0
1700353619192 20.16875 0
1700353699289 20.1875 0
1700353779624 20.1453125 0
1700353861553 19.9125 0
1700353945584 20.503125 0
1700354027307 20.2890625 0
1700354107494 20.221875 0
1700354187714 19.3515625 0
1700354267880 19.8984375 0
1700354348088 19.9578125 0
1700354428605 20.615625 0
1700354509100 19.5859375 0
1700354589412 20.6875 0
1700354669827 21.2296875 0
1700354750382 20.8453125 0
1700354830984 19.8265625 0
1700354911304 20.453125 0
1700354991804 20.378125 0
1700355072084 20.4859375 0
1700355152385 19.8015625 0
1700355232652 19.9640625 0
1700355312936 19.7375 0
1700355393384 20.275 0
1700355473574 19.809375 0
1700355556988 19.6546875 0
1700355637348 20.8890625 0
1700355717431 19.9015625 0
1700355797675 19.3578125 0
1700355877936 20.0390625 0
1700355958173 19.1421875 0
1700356038508 20.0515625 0
1700356118870 20.259375 0
1700356199423 23.26875 0
1700356283467 19.5171875 0
1700356366583 19.2828125 0
1700356446788 20.3203125 0
1700356527242 20.165625 0
1700356607672 20.4859375 0
1700356688021 20.6140625 0
1700356768320 19.9390625 0
1700356848660 20.165625 0
1700356930161 19.8265625 0
1700357010552 19.728125 0
1700357091085 18.8734375 0
1700357171444 20.0046875 0
1700357251690 19.7828125 0
1700357331973 20.8 0
1700357412208 19.5125 0
1700357492400 18.9375 0
1700357572587 18.7328125 0
1700357652885 19.921875 0
1700357733292 19.7984375 0
1700357813441 19.690625 0
1700357893814 19.071875 0
1700357974032 19.3421875 0
1700358054458 20.1828125 0
1700358138485 21.3984375 0
1700358220888 20.7640625 0
1700358301495 19.409375 0
1700358381868 18.934375 0
1700358462137 20.5890625 0
1700358542484 20.3921875 0
1700358622729 19.4578125 0
1700358703268 19.23125 0
1700358783332 19.903125 0
1700358863411 19.8453125 0
1700358943730 20.4421875 0
1700359024162 19.4203125 0
1700359104283 18.1640625 0
1700359184489 19.7609375 0
1700359268674 20.05625 0
1700359353662 21.01875 0
1700359435689 19.51875 0
1700359515936 19.875 0
1700359596202 19.615625 0
1700359676419 20.015625 0
1700359756736 20.33125 0
1700359837180 19.509375 0
1700359917604 19.4390625 0
1700359998191 19.0875 0
1700360078603 19.95625 0
1700360158948 19.4 0
1700360239432 20.5921875 0
1700360319836 20.3234375 0
1700360400184 21.0625 0
1700360480332 19.609375 0
1700360560972 19.6171875 0
1700360641297 20.1125 0
1700360721510 20.5296875 0
1700360801836 19.503125 0
1700360882361 19.5671875 0
1700360962704 19.11875 0
1700361043021 19.2953125 0
1700361123227 19.471875 0
1700361203411 19.7921875 0
1700361283727 20.8734375 0
1700361364208 20.184375 0
1700361444592 19.0515625 0
1700361524796 19.615625 0
1700361604945 19.725 0
1700361685235 19.8140625 0
1700361765556 19.365625 0
1700361848110 19.7421875 0
1700361932174 19.509375 0
1700362012492 20.075 0
1700362092792 19.9046875 0
1700362173190 19.3046875 0
1700362253523 20.13125 0
1700362333636 19.5234375 0
1700362414018 19.525 0
1700362494319 20.4 0
1700362574649 19.6515625 0
1700362654888 19.7296875 0
1700362735149 19.440625 0
1700362815568 19.4953125 0
1700362895816 19.6265625 0
1700362976048 19.19375 0
1700363056497 20.209375 0
1700363136790 19.8203125 0
1700363216912 19.7078125 0
1700363297239 19.3109375 0
1700363377712 19.321875 0
1700363455112 19.5609375 0
1700363746196 20.296875 0
1700363826716 18.63125 0
1700363906912 20.2890625 0
1700363987147 19.8625 0
1700364067581 18.91875 0
1700364148944 20.009375 0
1700364229213 19.9828125 0
1700364309637 20.1359375 0
1700364389817 20.2375 0
1700364470045 19.746875 0
1700364550487 19.4234375 0
1700364630815 20.6953125 0
1700364712627 19.221875 0
1700364796706 19.6671875 0
1700364877231 19.3734375 0
1700364957795 19.828125 0
1700365037993 19.6234375 0
1700365118396 20.009375 0
1700365198852 19.58125 0
1700365279124 20.0578125 0
1700365359477 19.3359375 0
1700365439623 19.13125 0
1700365520067 20.1703125 0
1700365600608 20.3546875 0
1700365680892 19.2984375 0
1700365761483 19.2421875 0
1700365841752 19.6296875 0
1700365922093 21.2875 0
1700366002493 19.6734375 0
1700366082783 19.2 0
1700366162912 19.471875 0
1700366243342 19.7203125 0
1700366323702 19.190625 0
1700366404396 20.7828125 0
1700366484640 19.93125 0
1700366565271 18.590625 0
1700366645681 20.975 0
1700366725997 19.675 0
1700366806518 19.009375 0
1700366886796 19.840625 0
1700366967088 19.4421875 0
1700367047266 19.6828125 0
1700367127534 18.74140625 0
1700367207940 20.2453125 0
1700367291715 19.421875 0
1700367374868 20.7703125 0
1700367455208 18.8796875 0
1700367535507 19.975 0
1700367615995 19.325 0
1700367696390 19.7296875 0
1700367777388 18.8953125 0
1700367857629 20.09375 0
1700367938072 19.159375 0
1700368018988 20.7140625 0
1700368099399 19.771875 0
1700368179408 19.3578125 0
1700368259548 19.125 0
1700368340736 20.259375 0
1700368424514 19.3765625 0
1700368505591 19.24375 0
1700368585803 19.365625 0
1700368665984 19.4796875 0
1700368746295 19.9671875 0
1700368826612 19.103125 0
1700368906984 20.35 0
1700368987284 19.559375 0
1700369067843 19.6328125 0
1700369148300 19.903125 0
1700369232184 19.26875 0
1700369312507 18.996875 0
1700369392892 18.671875 0
1700369473180 18.8609375 0
1700369553252 18.34375 0
1700369633627 19.6484375 0
1700369714188 18.925 0
1700369794483 19.4359375 0
1700369874802 21.1484375 0
1700369955184 20.315625 0
1700370035462 21.1140625 0
1700370119384 20.3484375 0
1700370199943 18.7921875 0
1700370283789 19.1390625 0
1700370364345 20.24375 0
1700370444768 19.1140625 0
1700370525516 19.103125 0
1700370609905 20.44375 0
1700370691939 19.1828125 0
1700370772031 20.225 0
1700370852442 19.26875 0
1700370932748 20.05625 0
1700371012976 20.2140625 0
1700371093220 20.00625 0
1700371173352 19.71875 0
1700371253609 19.7078125 0
1700371333947 19.209375 0
1700371415063 18.859375 0
1700371495101 18.74375 0
1700371575220 19.9359375 0
1700371655457 19.5734375 0
1700371735397 19.9640625 0
1700371815411 19.4171875 0
1700371895516 19.709375 0
1700371975472 19.25 0
1700372055620 20.0203125 0
1700372135736 19.6453125 0
1700372215856 18.7890625 0
1700372296016 20.2828125 0
1700372377132 19.0984375 0
1700372460749 19.3203125 0
1700372542468 20.6453125 0
1700372622747 19.7046875 0
1700372702871 19.65 0
1700372782915 18.7921875 0
1700372863012 19.5953125 0
1700372943198 19.21875 0
1700373023280 20.7046875 0
1700373103516 20.228125 0
1700373183572 19.6515625 0
1700373263777 20.578125 0
1700373343955 19.353125 0
1700373424223 20.14375 0
1700373504384 19.26875 0
1700373584596 19.0953125 0
1700373664792 19.45625 0
1700373744876 19.0703125 0
1700373826317 19.7515625 0
1700373910014 20.2953125 0
1700373990841 19.0484375 0
1700374071199 19.89375 0
1700374151268 19.2375 0
1700374231272 19.5546875 0
1700374311304 19.0890625 0
1700374391432 19.203125 0
1700374471536 19.15625 0
1700374551438 18.915625 0
1700374631432 19.6375 0
1700374711449 19.1078125 0
1700374791568 18.0171875 0
1700374871804 19.9484375 0
1700374952000 19.603125 0
1700375033283 19.59375 0
1700375113436 19.6671875 0
1700375193619 18.8625 0
1700375273664 19.4046875 0
1700375353712 19.9484375 0
1700375433909 19.66875 0
1700375514052 20.5359375 0
1700375594180 20.271875 0
1700375674109 19.7375 0
1700375754220 18.8296875 0
1700375834484 19.634375 0
1700375915434 18.98125 0
1700375999390 18.7453125 0
1700376080772 19.925 0
1700376160844 19.1046875 0
1700376240919 19.290625 0
1700376321112 20.1734375 0
1700376401400 20.009375 0
1700376481408 19.675 0
1700376561637 19.55 0
1700376641948 19.3234375 0
1700376722140 18.934375 0
1700376802244 20.13125 0
