1700310554653 21343624.0 0
1700310626447 21674752.0 0
1700310706240 23989260.0 0
1700310789429 24430656.0 0
1700310869834 24859791.0 0
1700310949912 25423797.0 0
1700311029763 26061369.0 0
1700311112561 26515026.0 0
1700311195225 26944161.0 0
1700311274944 27422340.0 0
1700311354907 29662100.0 0
1700311438268 30373064.0 0
1700311518271 30998222.0 0
1700311598265 33592832.0 0
1700311678222 34021862.0 0
1700311758162 34377344.0 0
1700311838068 34818632.0 0
1700311917970 35223146.0 0
1700311998189 33965627.0 0
1700312077915 34308935.0 0
1700312157770 36559268.0 0
1700312237814 37527650.0 0
1700312317672 38177324.0 0
1700312397653 38532806.0 0
1700312477518 41090642.0 0
1700312557380 41507414.0 0
1700312637115 41679026.0 0
1700312716859 43918154.0 0
1700312796629 43967186.0 0
1700312876531 44114282.0 0
1700312956343 44767568.0 0
1700313039413 47056288.0 0
1700313119433 47080810.0 0
1700313199590 51253637.0 0
1700313282474 53603662.0 0
1700313366974 55782033.0 0
1700313446896 60065209.0 0
1700313527431 70589234.0 0
1700313607206 72865693.0 0
1700313687108 72890215.0 0
1700313767011 74995020.0 0
1700313850073 75093108.0 0
1700313929963 81444306.0 0
1700314009843 87758721.0 0
1700314089784 90035180.0 0
1700314169587 94453227.0 0
1700314249444 102884708.0 0
1700314329255 113531343.0 0
1700314409072 120250371.0 0
1700314492411 125869996.0 0
1700314572455 128526956.0 0
1700314652478 139980014.0 0
1700314735690 152899946.0 0
1700314817198 155298428.0 0
1700314897288 157513040.0 0
1700314977127 168132554.0 0
1700315056971 178629488.0 0
1700315136814 193592420.0 0
1700315216548 196644575.0 0
1700315296392 203118383.0 0
1700315376035 213691452.0 0
1700315456078 218072716.0 0
1700315536065 224399392.0 0
1700315615908 230591197.0 0
1700315698958 238900068.0 0
1700315778873 247123112.0 0
1700315858938 255505549.0 0
1700315938753 266005052.0 0
1700316021777 272429816.0 0
1700316101481 274583665.0 0
1700316184098 289366344.0 0
1700316267274 293686303.0 0
1700316347062 304651724.0 0
1700316427062 313193554.0 0
1700316506760 321612774.0 0
1700316586520 338402170.0 0
1700316666432 344974066.0 0
1700316746205 347238264.0 0
1700316825980 357872638.0 0
1700316905741 360198141.0 0
1700316985667 366843603.0 0
1700317065527 373292889.0 0
1700317146288 383865958.0 0
1700317226257 394573898.0 0
1700317306137 405171489.0 0
1700317385950 413602970.0 0
1700317465774 424139256.0 0
1700317545427 429292963.0 0
1700317625296 434152406.0 0
1700317705291 447124544.0 0
1700317785059 460231553.0 0
1700317864882 466815710.0 0
1700317944756 469325128.0 0
1700318025125 480229244.0 0
1700318109034 495379753.0 0
1700318189842 506259347.0 0
1700318269857 517004070.0 0
1700318349657 528387002.0 0
1700318429584 534164606.0 0
1700318509357 543439826.0 0
1700318589136 554561918.0 0
1700318669027 569573882.0 0
1700318748856 574677296.0 0
1700318828776 585774872.0 0
1700318908770 592173548.0 0
1700318988731 598523192.0 0
1700319071837 604664450.0 0
1700319151579 613057094.0 0
1700319231513 619357706.0 0
1700319311317 619566092.0 0
1700319390955 625866704.0 0
1700319470702 628632301.0 0
1700319550320 635092892.0 0
1700319630047 638680400.0 0
1700319709806 645468536.0 0
1700319789790 657335461.0 0
1700319869648 660382871.0 0
1700319949357 669226896.0 0
1700320029011 673618271.0 0
1700320108726 682376511.0 0
1700320188386 684937806.0 0
1700320273299 709867036.0 0
1700320356617 747024508.0 0
1700320436745 791958160.0 0
1700320516632 825836016.0 0
1700320596450 861400154.0 0
1700320676290 883692176.0 0
1700320757049 913011929.0 0
1700320836936 939551357.0 0
1700320916881 959654744.0 0
1700320996615 985029347.0 0
1700321076538 1009213284.0 0
1700321156513 1033165469.0 0
1700321236484 1054328962.0 0
1700321316412 1075355986.0 0
1700321396361 1093858658.0 0
1700321476251 1113881246.0 0
1700321556186 1135097096.0 0
1700321636314 1157123510.0 0
1700321716339 1177293507.0 0
1700321798856 1195290453.0 0
1700321881474 1211713352.0 0
1700321961315 1229173826.0 0
1700322041201 1247876051.0 0
1700322121066 1265541718.0 0
1700322200904 1284184448.0 0
1700322280918 1300765716.0 0
1700322360877 1315746785.0 0
1700322440810 1333985454.0 0
1700322520778 1348667896.0 0
1700322600853 1363518801.0 0
1700322680816 1377677856.0 0
1700322760968 1393131654.0 0
1700322840812 1406704976.0 0
1700322920639 1422197275.0 0
1700323000701 1439639735.0 0
1700323080659 1453268314.0 0
1700323160405 1470836464.0 0
1700323240316 1480820240.0 0
1700323320368 1493542946.0 0
1700323401565 1510631180.0 0
1700323484994 1524640040.0 0
1700323566143 1536702110.0 0
1700323683217 1548182150.0 0
1700323763553 1567540543.0 0
1700323844203 1576341052.0 0
1700323924590 1589505724.0 0
1700324005041 1604220710.0 0
1700324085449 1617380801.0 0
1700324165904 1627590566.0 0
1700324246277 1643798986.0 0
1700324326886 1654938766.0 0
1700324407998 1665393799.0 0
1700324488394 1674353914.0 0
1700324568761 1688160800.0 0
1700324649116 1700753226.0 0
1700324729850 1713115196.0 0
1700324810325 1725495612.0 0
1700324890679 1735958064.0 0
1700324971129 1747157398.0 0
1700325051482 1759560332.0 0
1700325131896 1770797368.0 0
1700325212547 1785069376.0 0
1700325293243 1792037376.0 0
1700325373682 1804077650.0 0
1700325454293 1815206867.0 0
1700325534631 1823456804.0 0
1700325614985 1834547266.0 0
1700325695416 1845829622.0 0
1700325775771 1857264032.0 0
1700325858785 1868603521.0 0
1700325942022 1878348207.0 0
1700326022374 1889016200.0 0
1700326102601 1899142820.0 0
1700326182777 1909888166.0 0
1700326263266 1919166902.0 0
1700326343739 1929687380.0 0
1700326423998 1940141054.0 0
1700326504427 1952227865.0 0
1700326584807 1962390696.0 0
1700326665248 1973831768.0 0
1700326745668 1984705589.0 0
1700326825926 1994257826.0 0
1700326906359 2002521116.0 0
1700326987035 2015077646.0 0
1700327070722 2026818380.0 0
1700327152604 2038222784.0 0
1700327233068 2047287508.0 0
1700327313444 2059609054.0 0
1700327393655 2069181171.0 0
1700327474061 2079490064.0 0
1700327554428 2088987920.0 0
1700327634694 2100549488.0 0
1700327715041 2108235627.0 0
1700327795469 2117969188.0 0
1700327875918 2127548916.0 0
1700327956448 2138055807.0 0
1700328037988 2147931724.0 0
1700328118353 2156105232.0 0
1700328198628 2169397472.0 0
1700328278867 2178335789.0 0
1700328359247 2185824338.0 0
1700328439575 2197471004.0 0
1700328519872 2205953280.0 0
1700328600336 2216410328.0 0
1700328680727 2229763961.0 0
1700328760983 2239916416.0 0
1700328841338 2249878028.0 0
1700328921665 2258325630.0 0
1700329002094 2266942980.0 0
1700329082584 2280260672.0 0
1700329165406 2288044037.0 0
1700329249039 2298435056.0 0
1700329329435 2309379580.0 0
1700329409792 2319333566.0 0
1700329489926 2327680988.0 0
1700329570272 2338518692.0 0
1700329650513 2349600676.0 0
1700329730778 2357845806.0 0
1700329814263 2369337482.0 0
1700329894478 2379400792.0 0
1700329974922 2389044576.0 0
1700330055045 2399233193.0 0
1700330135431 2411305276.0 0
1700330215758 2423965026.0 0
1700330296020 2432994726.0 0
1700330376272 2442936876.0 0
1700330456571 2452606216.0 0
1700330536868 2461394720.0 0
1700330617177 2471197604.0 0
1700330697438 2481704528.0 0
1700330777589 2491875178.0 0
1700330860405 2501193011.0 0
1700330943876 2512088176.0 0
1700331024192 2517948960.0 0
1700331104389 2527197337.0 0
1700331184716 2536697762.0 0
1700331265025 2547163361.0 0
1700331345484 2558784107.0 0
1700331425773 2569403651.0 0
1700331506126 2578783366.0 0
1700331587112 2588926536.0 0
1700331667753 2597329280.0 0
1700331747895 2609686866.0 0
1700331827949 2619800226.0 0
1700331908157 2630687678.0 0
1700331988323 2638604807.0 0
1700332068624 2649249288.0 0
1700332148794 2658737068.0 0
1700332228924 2666817506.0 0
1700332309045 2677330256.0 0
1700332389147 2689216976.0 0
1700332469207 2698144982.0 0
1700332549331 2705632016.0 0
1700332629449 2718645884.0 0
1700332709793 2727388556.0 0
1700332791936 2740469854.0 0
1700332875522 2750255492.0 0
1700332955718 2759633352.0 0
1700333035979 2769115052.0 0
1700333116106 2778110605.0 0
1700333196263 2789226386.0 0
1700333276464 2797225034.0 0
1700333356706 2808035936.0 0
1700333436841 2816622776.0 0
1700333517132 2828630242.0 0
1700333597485 2837316366.0 0
1700333681198 2849231267.0 0
1700333761270 2860085388.0 0
1700333841400 2866265564.0 0
1700333921624 2878349915.0 0
1700334001705 2888129546.0 0
1700334081889 2897594468.0 0
1700334161996 2907996776.0 0
1700334243540 2919084274.0 0
1700334327580 2927688312.0 0
1700334411774 2939447318.0 0
1700334491902 2946047648.0 0
1700334571971 2956833227.0 0
1700334652243 2966385136.0 0
1700334732408 2976706417.0 0
1700334812519 2986503256.0 0
1700334892684 2996079559.0 0
1700334972737 3005983862.0 0
1700335052824 3015658812.0 0
1700335132929 3026011501.0 0
1700335213861 3035548590.0 0
1700335293872 3044886784.0 0
1700335373858 3055517486.0 0
1700335454044 3062564650.0 0
1700335534112 3073697282.0 0
1700335614154 3082895600.0 0
1700335694256 3093877484.0 0
1700335774342 3103339710.0 0
1700335854832 3113580772.0 0
1700335935104 3122700528.0 0
1700336015200 3133215352.0 0
1700336095200 3144183308.0 0
1700336175420 3153505063.0 0
1700336255711 3164117930.0 0
1700336336169 3172451831.0 0
1700336416602 3183342608.0 0
1700336496714 3192236450.0 0
1700336577175 3202893056.0 0
1700336658998 3213164218.0 0
1700336743600 3222586368.0 0
1700336824636 3232161494.0 0
1700336953036 3241555960.0 0
1700337036642 3251548451.0 0
1700337116946 3253847051.0 0
1700337197336 3251454016.0 0
1700337277831 3247139838.0 0
1700337358403 3246903224.0 0
1700337438768 3243341438.0 0
1700337519071 3245519150.0 0
1700337599259 3249257300.0 0
1700337679638 3249487340.0 0
1700337760411 3248645786.0 0
1700337841005 3248438696.0 0
1700337921240 3250229641.0 0
1700338001690 3247782911.0 0
1700338082204 3249803956.0 0
1700338162450 3249489486.0 0
1700338242806 3252622681.0 0
1700338323063 3250724356.0 0
1700338404660 3251173051.0 0
1700338488601 3249642886.0 0
1700338569379 3249988036.0 0
1700338649766 3250091581.0 0
1700338730007 3249573856.0 0
1700338810858 3249447301.0 0
1700338891509 3247420632.0 0
1700338971813 3249085456.0 0
1700339052295 3248717200.0 0
1700339132832 3249719586.0 0
1700339213123 3251027321.0 0
1700339293292 3250106921.0 0
1700339373454 3250083911.0 0
1700339453950 3246647751.0 0
1700339534316 3247736891.0 0
1700339614640 3253186426.0 0
1700339694867 3250217076.0 0
1700339775647 3248559924.0 0
1700339856536 3249330960.0 0
1700339937153 3248905164.0 0
1700340020812 3249135324.0 0
1700340103914 3249016408.0 0
1700340184665 3249983080.0 0
1700340264791 3248717200.0 0
1700340344869 3249258076.0 0
1700340424916 3249027916.0 0
1700340505252 3249073948.0 0
1700340585490 3249269584.0 0
1700340669145 3249292600.0 0
1700340749222 3249189028.0 0
1700340829516 3249281092.0 0
1700340913092 3247877116.0 0
1700340993167 3250094324.0 0
1700341073369 3249346304.0 0
1700341153765 3251218272.0 0
1700341234160 3250101996.0 0
1700341315852 3249342468.0 0
1700341399788 3249791280.0 0
1700341481057 3249319452.0 0
1700341561403 3249791280.0 0
1700341641565 3249710724.0 0
1700341721957 3249515088.0 0
1700341802565 3252188780.0 0
1700341882960 3249488236.0 0
1700341963195 3249626332.0 0
1700342043577 3249269584.0 0
1700342124163 3249488236.0 0
1700342204477 3249568792.0 0
1700342284785 3250398381.0 0
1700342365127 3250547946.0 0
1700342445849 3249961191.0 0
1700342526232 3250007211.0 0
1700342606528 3248634281.0 0
1700342686807 3248640480.0 0
1700342766815 3250477924.0 0
1700342847046 3249603316.0 0
1700342927233 3249810460.0 0
1700343007495 3250201732.0 0
1700343087827 3248958868.0 0
1700343168215 3248118784.0 0
1700343248587 3248337436.0 0
1700343328938 3247865608.0 0
1700343409112 3247716004.0 0
1700343489667 3248039856.0 0
1700343570270 3247510626.0 0
1700343650836 3248473211.0 0
1700343731056 3248726321.0 0
1700343812802 3248392676.0 0
1700343897080 3245667580.0 0
1700343977474 3246289012.0 0
1700344058159 3246404092.0 0
1700344138621 3245397541.0 0
1700344218881 3247464606.0 0
1700344298996 3248162576.0 0
1700344379142 3249376992.0 0
1700344459458 3249273420.0 0
1700344539627 3249376992.0 0
1700344619872 3248916672.0 0
1700344700294 3248813100.0 0
1700344780659 3248306748.0 0
1700344861020 3248410320.0 0
1700344941315 3250996641.0 0
1700345021978 3248285296.0 0
1700345102341 3250007211.0 0
1700345182723 3249880656.0 0
1700345263057 3248914236.0 0
1700345343395 3249650556.0 0
1700345423804 3248730156.0 0
1700345504353 3248868216.0 0
1700345584523 3249036956.0 0
1700345666545 3248680301.0 0
1700345750179 3249347591.0 0
1700345834499 3248979431.0 0
1700345915006 3249370601.0 0
1700345995369 3249301571.0 0
1700346079931 3249382106.0 0
1700346160037 3249531671.0 0
1700346240169 3249658226.0 0
1700346320478 3249761771.0 0
1700346400682 3249669731.0 0
1700346481255 3249980366.0 0
1700346561587 3247740726.0 0
1700346642068 3249589196.0 0
1700346722415 3249324581.0 0
1700346802866 3249485651.0 0
1700346883176 3251495191.0 0
1700346963610 3249198026.0 0
1700347043791 3249577691.0 0
1700347124007 3249428126.0 0
1700347206008 3249531671.0 0
1700347290207 3249336086.0 0
1700347371240 3249968861.0 0
1700347451485 3249715751.0 0
1700347531862 3249681236.0 0
1700347612124 3251196061.0 0
1700347692493 3251633251.0 0
1700347772619 3251299606.0 0
1700347853079 3251184556.0 0
1700347933289 3249531671.0 0
1700348013746 3247257516.0 0
1700348097293 3246411764.0 0
1700348177495 3246885521.0 0
1700348257920 3246227636.0 0
1700348338153 3246492320.0 0
1700348418260 3248237700.0 0
1700348498474 3248295240.0 0
1700348578967 3245844036.0 0
1700348659302 3247221160.0 0
1700348739486 3247255684.0 0
1700348819625 3246910444.0 0
1700348900131 3246910444.0 0
1700348980733 3246415600.0 0
1700349064845 3248437172.0 0
1700349147118 3249566186.0 0
1700349227475 3247775241.0 0
1700349307894 3247683201.0 0
1700349388230 3247729221.0 0
1700349468622 3247855776.0 0
1700349549075 3247740726.0 0
1700349629517 3247637181.0 0
1700349710846 3247809756.0 0
1700349791156 3247832766.0 0
1700349871510 3247602666.0 0
1700349951754 3247207661.0 0
1700350032078 3246160706.0 0
1700350313553 3245389871.0 0
1700350393792 3243514556.0 0
1700350474295 3244803116.0 0
1700350554719 3243077366.0 0
1700350635060 3243226931.0 0
1700350715198 3243537566.0 0
1700350795547 3243572081.0 0
1700350876715 3244055291.0 0
1700350961056 3244181846.0 0
1700351042118 3243986261.0 0
1700351122396 3244216361.0 0
1700351202742 3245247976.0 0
1700351283275 3246565204.0 0
1700351363563 3247654628.0 0
1700351444000 3249676200.0 0
1700351524447 3249054768.0 0
1700351604610 3246181604.0 0
1700351684961 3247644851.0 0
1700351768660 3246528866.0 0
1700351849043 3246666926.0 0
1700351929257 3244680396.0 0
1700352009321 3245493416.0 0
1700352089663 3246206726.0 0
1700352170862 3245033216.0 0
1700352254495 3242459931.0 0
1700352335820 3244944050.0 0
1700352416334 3247961408.0 0
1700352496849 3249744218.0 0
1700352577182 3244496316.0 0
1700352657473 3245799032.0 0
1700352737720 3245235434.0 0
1700352818180 3245292944.0 0
1700352898314 3245175111.0 0
1700352978610 3245589291.0 0
1700353058766 3248024516.0 0
1700353139036 3247851941.0 0
1700353219469 3250068571.0 0
1700353300322 3248220101.0 0
1700353380507 3246555711.0 0
1700353460928 3246417651.0 0
1700353541269 3246210561.0 0
1700353621573 3246555711.0 0
1700353701693 3246348621.0 0
1700353781992 3246256581.0 0
1700353864178 3246325611.0 0
1700353948552 3246659256.0 0
1700354029658 3245796381.0 0
1700354109867 3245842401.0 0
1700354190094 3246037986.0 0
1700354270266 3245462736.0 0
1700354350496 3245324676.0 0
1700354430996 3245773371.0 0
1700354511541 3245221131.0 0
1700354591807 3245926771.0 0
1700354672306 3245926771.0 0
1700354752945 3244707241.0 0
1700354833330 3247478324.0 0
1700354913716 3250913588.0 0
1700354994151 3251005604.0 0
1700355074425 3246080171.0 0
1700355154707 3250925090.0 0
1700355235117 3245373458.0 0
1700355315360 3244358256.0 0
1700355395805 3244772436.0 0
1700355475957 3244760931.0 0
1700355559351 3245807886.0 0
1700355639720 3245796381.0 0
1700355719755 3246383136.0 0
1700355800112 3246325611.0 0
1700355880307 3246923871.0 0
1700355960585 3247535834.0 0
1700356040925 3246509691.0 0
1700356121230 3246682266.0 0
1700356202194 3246569666.0 0
1700356286321 3246063578.0 0
1700356368940 3250697511.0 0
1700356449297 3251181968.0 0
1700356529666 3248666864.0 0
1700356610103 3250192796.0 0
1700356690419 3248540342.0 0
1700356770720 3253106636.0 0
1700356851139 3249794060.0 0
1700356932565 3247025912.0 0
1700357012950 3245373458.0 0
1700357093472 3244591322.0 0
1700357173845 3246178598.0 0
1700357254035 3242739500.0 0
1700357334352 3246201602.0 0
1700357414632 3242566970.0 0
1700357494774 3244280768.0 0
1700357574970 3246462314.0 0
1700357655247 3246749864.0 0
1700357735625 3247083422.0 0
1700357815796 3245942111.0 0
1700357896159 3246057161.0 0
1700357976434 3246229736.0 0
1700358056880 3246496820.0 0
1700358141000 3246255278.0 0
1700358223370 3244526996.0 0
1700358303894 3245588162.0 0
1700358384244 3245818202.0 0
1700358464508 3245519150.0 0
1700358544817 3244411946.0 0
1700358625126 3244734086.0 0
1700358705595 3242858771.0 0
1700358785664 3242824256.0 0
1700358865791 3244304566.0 0
1700358946064 3244940216.0 0
1700359026486 3245262272.0 0
1700359106651 3245699348.0 0
1700359186817 3245538320.0 0
1700359271514 3243839858.0 0
1700359356563 3245756858.0 0
1700359438094 3245641838.0 0
1700359518272 3245607332.0 0
1700359598539 3244882706.0 0
1700359678766 3243410450.0 0
1700359759187 3244326776.0 0
1700359839531 3245258438.0 0
1700359919972 3244568318.0 0
1700360000498 3245396462.0 0
1700360080953 3244510808.0 0
1700360161380 3245810534.0 0
1700360241765 3244752350.0 0
1700360322194 3246443144.0 0
1700360402538 3242682361.0 0
1700360482707 3244215590.0 0
1700360563377 3241830991.0 0
1700360643712 3243702471.0 0
1700360723857 3244775354.0 0
1700360804189 3246542828.0 0
1700360884707 3244849136.0 0
1700360965075 3246358796.0 0
1700361045369 3245251811.0 0
1700361125558 3245401376.0 0
1700361205768 3245723516.0 0
1700361286087 3244895156.0 0
1700361366619 3244024611.0 0
1700361446946 3242586486.0 0
1700361527125 3247098758.0 0
1700361607343 3242724546.0 0
1700361687615 3240895251.0 0
1700361767892 3241815651.0 0
1700361850844 3242206821.0 0
1700361934532 3242609496.0 0
1700362014816 3243958712.0 0
1700362095175 3243981716.0 0
1700362175531 3244246262.0 0
1700362255897 3243299796.0 0
1700362336027 3243391836.0 0
1700362416378 3243644946.0 0
1700362496699 3243288291.0 0
1700362577007 3243690966.0 0
1700362657243 3243495381.0 0
1700362737555 3243748491.0 0
1700362817932 3243506886.0 0
1700362898194 3243633441.0 0
1700362978466 3243403341.0 0
1700363058874 3243035181.0 0
1700363139118 3243552906.0 0
1700363219285 3243253776.0 0
1700363299626 3242759061.0 0
1700363380200 3242851101.0 0
1700363457485 3243023676.0 0
1700363748633 3242931636.0 0
1700363829072 3242206821.0 0
1700363909332 3242966151.0 0
1700363989553 3243368826.0 0
1700364069902 3242931636.0 0
1700364151300 3242690031.0 0
1700364231566 3242885616.0 0
1700364312024 3242816586.0 0
1700364392172 3244142744.0 0
1700364472414 3242966151.0 0
1700364552857 3243495381.0 0
1700364633174 3245240306.0 0
1700364715681 3243518391.0 0
1700364799258 3244131242.0 0
1700364879637 3244257764.0 0
1700364960148 3243981716.0 0
1700365040380 3244522310.0 0
1700365120757 3243207756.0 0
1700365201256 3243299796.0 0
1700365281478 3244338278.0 0
1700365361843 3244004720.0 0
1700365442093 3243690966.0 0
1700365522632 3242828091.0 0
1700365602975 3242609496.0 0
1700365683305 3242103276.0 0
1700365763848 3241343946.0 0
1700365844143 3243249941.0 0
1700365924441 3243180911.0 0
1700366004887 3243261446.0 0
1700366085109 3244276934.0 0
1700366165296 3244104404.0 0
1700366245705 3244173416.0 0
1700366326015 3243943376.0 0
1700366406729 3244012388.0 0
1700366487088 3244012388.0 0
1700366567648 3244150412.0 0
1700366648064 3244311440.0 0
1700366728483 3243226931.0 0
1700366808897 3243664121.0 0
1700366889141 3243514556.0 0
1700366969402 3242594156.0 0
1700367049637 3243349651.0 0
1700367129858 3244089068.0 0
1700367210307 3244261598.0 0
1700367294634 3243928040.0 0
1700367377346 3243131056.0 0
1700367457578 3244599861.0 0
1700367537917 3243476206.0 0
1700367618414 3243246106.0 0
1700367698759 3243732506.0 0
1700367779776 3243905036.0 0
1700367860010 3244238594.0 0
1700367940617 3246201602.0 0
1700368021423 3244273100.0 0
1700368101786 3243568246.0 0
1700368181797 3244215590.0 0
1700368261963 3244434128.0 0
1700368343317 3244330610.0 0
1700368427005 3243671791.0 0
1700368507933 3245566281.0 0
1700368588181 3246569666.0 0
1700368668378 3243533731.0 0
1700368748652 3244097476.0 0
1700368828980 3243223096.0 0
1700368909381 3244062961.0 0
1700368989737 3243729316.0 0
1700369070208 3243556741.0 0
1700369150659 3243568246.0 0
1700369234550 3244503140.0 0
1700369314877 3243223096.0 0
1700369395278 3243384166.0 0
1700369475510 3243671791.0 0
1700369555656 3243329936.0 0
1700369635995 3243997052.0 0
1700369716552 3243709502.0 0
1700369796851 3243352940.0 0
1700369877130 3242624836.0 0
1700369957526 3244710176.0 0
1700370037815 3243019382.0 0
1700370121877 3242743334.0 0
1700370202321 3242386772.0 0
1700370286177 3242536298.0 0
1700370366753 3244660334.0 0
1700370447152 3244568318.0 0
1700370527988 3244775354.0 0
1700370612411 3244706342.0 0
1700370694277 3244660334.0 0
1700370774415 3242961872.0 0
1700370854806 3244844366.0 0
1700370935150 3245074406.0 0
1700371015346 3244993892.0 0
1700371095604 3242881358.0 0
1700371175761 3244664168.0 0
1700371255986 3243234601.0 0
1700371336361 3242521291.0 0
1700371417425 3242751391.0 0
1700371497437 3243859028.0 0
1700371577554 3244181084.0 0
1700371657779 3244181084.0 0
1700371737737 3243962546.0 0
1700371817753 3244365116.0 0
1700371897884 3244296104.0 0
1700371977823 3244077566.0 0
1700372058038 3244480136.0 0
1700372138110 3244399622.0 0
1700372218190 3244526144.0 0
1700372298348 3244250096.0 0
1700372379571 3246753698.0 0
1700372463216 3242329262.0 0
1700372544928 3245664842.0 0
1700372625127 3241811672.0 0
1700372705246 3243778514.0 0
1700372785256 3240009692.0 0
1700372865352 3243053888.0 0
1700372945538 3244514642.0 0
1700373025678 3243660286.0 0
1700373105871 3244342112.0 0
1700373185928 3244250096.0 0
1700373266115 3242639816.0 0
1700373346272 3246239942.0 0
1700373426589 3243571478.0 0
1700373506755 3241190564.0 0
1700373586961 3242731832.0 0
1700373667149 3243824522.0 0
1700373747217 3245684012.0 0
1700373828922 3245442470.0 0
1700373912563 3244545314.0 0
1700373993322 3244001601.0 0
1700374073650 3244197186.0 0
1700374153672 3244694840.0 0
1700374233664 3245177924.0 0
1700374313669 3244786856.0 0
1700374393808 3244522310.0 0
1700374473870 3244059126.0 0
1700374553817 3243886551.0 0
1700374633803 3243414846.0 0
1700374713814 3244047621.0 0
1700374793966 3243058191.0 0
1700374874161 3243702471.0 0
1700374954387 3242713041.0 0
1700375035650 3242667021.0 0
1700375115797 3243495381.0 0
1700375196010 3243035181.0 0
1700375276018 3242736051.0 0
1700375356110 3243889700.0 0
1700375436316 3243809186.0 0
1700375516401 3244016222.0 0
1700375596504 3243648158.0 0
1700375676515 3243924206.0 0
1700375756583 3243878198.0 0
1700375836859 3243682664.0 0
1700375918093 3244280768.0 0
1700376002065 3244165748.0 0
1700376083168 3244694840.0 0
1700376163174 3244924880.0 0
1700376243366 3244602824.0 0
1700376323525 3244453298.0 0
1700376403764 3244430294.0 0
1700376483822 3244947884.0 0
1700376564027 3243990096.0 0
1700376644326 3244024611.0 0
1700376724498 3244116651.0 0
1700376804638 3243736986.0 0
