1700310554655 0.0032958008464753935 0
1700310626448 0.0033469323667219882 0
1700310706242 0.0037043298464364957 0
1700310789430 0.003772488529818046 0
1700310869835 0.003838753916438997 0
1700310949914 0.003925845567426534 0
1700311029764 0.004024296998977661 0
1700311112562 0.00409434897911981 0
1700311195226 0.0041606143657407614 0
1700311274946 0.004234452939404107 0
1700311354908 0.004580308118632421 0
1700311438270 0.004690092462332138 0
1700311518272 0.0047866269714474064 0
1700311598266 0.005187276731500971 0
1700311678224 0.0052535259044232145 0
1700311758163 0.0053084180762730734 0
1700311838069 0.005376560082707381 0
1700311917971 0.005439023588605495 0
1700311998191 0.005244842310643567 0
1700312077917 0.005297854619940328 0
1700312157771 0.005645342441420481 0
1700312237816 0.005794876288873544 0
1700312317673 0.005895196465012941 0
1700312397654 0.0059500886368627996 0
1700312477519 0.0063450598963801725 0
1700312557382 0.006409416235790352 0
1700312637116 0.0064359159049592485 0
1700312716860 0.006781673493162956 0
1700312796630 0.006789244827211212 0
1700312876532 0.006811958829355981 0
1700312956344 0.006912836756730945 0
1700313039414 0.007266252152042686 0
1700313119435 0.007270038745563883 0
1700313199591 0.00791439074308761 0
1700313282476 0.008277272622202344 0
1700313366976 0.008613648346668699 0
1700313446897 0.009275040015037813 0
1700313527433 0.010900119734551622 0
1700313607208 0.011251641833102765 0
1700313687110 0.011255428426623961 0
1700313767012 0.011580444370526724 0
1700313850074 0.011595590744611512 0
1700313929965 0.012576318466601594 0
1700314009845 0.013551366298309879 0
1700314089785 0.013902888396861022 0
1700314169589 0.014585106329596722 0
1700314249445 0.015887063401968368 0
1700314329257 0.017531076089088164 0
1700314409073 0.018568602713896203 0
1700314492413 0.019436363729170566 0
1700314572456 0.01984664133793332 0
1700314652479 0.021615178782705198 0
1700314735691 0.023610225304420748 0
1700314817199 0.02398058972828129 0
1700314897290 0.024322561649460867 0
1700314977129 0.02596238641541239 0
1700315056972 0.02758328284624327 0
1700315136815 0.0298938016199695 0
1700315216549 0.03036510373026596 0
1700315296393 0.03136476441986202 0
1700315376036 0.03299741732641823 0
1700315456079 0.03367395536887213 0
1700315536066 0.034650896497341016 0
1700315615909 0.035607011361443314 0
1700315698959 0.036890035466208976 0
1700315778875 0.038159806493650444 0
1700315858940 0.039454190378979695 0
1700315938754 0.04107548350497231 0
1700316021778 0.042067571007525985 0
1700316101483 0.04240016013847114 0
1700316184099 0.044682844932832866 0
1700316267275 0.045349916491483774 0
1700316347064 0.04704315489437914 0
1700316427064 0.04836215163759617 0
1700316506761 0.049662215413207214 0
1700316586521 0.05225476977738692 0
1700316666434 0.05326957684106778 0
1700316746207 0.05361920564285832 0
1700316825982 0.05526132503321751 0
1700316905742 0.05562042031881105 0
1700316985668 0.0566465871630555 0
1700317065528 0.05764246125913037 0
1700317146289 0.05927511416568657 0
1700317226258 0.06092859333660936 0
1700317306138 0.06256503283668677 0
1700317385951 0.06386698990905841 0
1700317465776 0.06549396292533281 0
1700317545428 0.06628977866370443 0
1700317625297 0.06704015527982168 0
1700317705292 0.06904326325253501 0
1700317785060 0.07106719748961493 0
1700317864883 0.07208389785005638 0
1700317944757 0.0724713925870589 0
1700318025126 0.07415516450615127 0
1700318109035 0.07649464820333095 0
1700318189844 0.07817463352890212 0
1700318269858 0.0798337925901067 0
1700318349659 0.08159150144596791 0
1700318429585 0.08248365697465412 0
1700318509358 0.08391590099878261 0
1700318589137 0.08563333193872877 0
1700318669028 0.08795142204650326 0
1700318748857 0.08873947173202594 0
1700318828777 0.09045311700494796 0
1700318908771 0.09144117609824541 0
1700318988732 0.09242166385749462 0
1700319071838 0.09336997344703872 0
1700319151580 0.0946659334582986 0
1700319231514 0.09563884988349954 0
1700319311319 0.09567102805320463 0
1700319390957 0.09664394447840557 0
1700319470703 0.09707099739751668 0
1700319550321 0.0980686171684858 0
1700319630048 0.09862258644301657 0
1700319709807 0.09967078446106589 0
1700319789791 0.10150322966625036 0
1700319869649 0.10197379907178138 0
1700319949358 0.10333945961196188 0
1700320029012 0.10401755895639331 0
1700320108727 0.1053699729047291 0
1700320188387 0.10576547828980679 0
1700320273300 0.10961495471124204 0
1700320356618 0.11535266952811128 0
1700320436746 0.12229115234137816 0
1700320516633 0.12752244138964716 0
1700320596452 0.13301411965968077 0
1700320676291 0.13645636850070458 0
1700320757051 0.14098381270398747 0
1700320836937 0.1450819297466871 0
1700320916882 0.14818621793559178 0
1700320996617 0.1521044671535492 0
1700321076539 0.15583885827830418 0
1700321156514 0.15953746314493486 0
1700321236485 0.1628054488508195 0
1700321316413 0.1660523615352848 0
1700321396363 0.16890947343154275 0
1700321476253 0.1720012849476671 0
1700321556187 0.17527735542139242 0
1700321636315 0.17867859009016362 0
1700321716340 0.18179316394069653 0
1700321798858 0.18457218356083094 0
1700321881476 0.1871081448589582 0
1700321961317 0.18980432452315493 0
1700322041202 0.19269225063101617 0
1700322121067 0.19542011541406107 0
1700322200905 0.1982988545314018 0
1700322280919 0.20085927056525038 0
1700322360878 0.20317258998520016 0
1700322440811 0.2059889355471715 0
1700322520779 0.20825614212708152 0
1700322600854 0.2105493621196154 0
1700322680817 0.21273574927927916 0
1700322760969 0.21512206570472125 0
1700322840814 0.21721800621309428 0
1700322920640 0.21961026781581228 0
1700323000703 0.22230366582697536 0
1700323080660 0.2244081389101058 0
1700323160406 0.2271209454907037 0
1700323240317 0.22866260202437486 0
1700323320369 0.23062719366093373 0
1700323401566 0.23326589344696677 0
1700323484995 0.23542908806874963 0
1700323566144 0.23729166681902397 0
1700323683218 0.23906437072111536 0
1700323763554 0.24205361978377704 0
1700323844205 0.2434125607495481 0
1700323924592 0.2454453990867101 0
1700324005042 0.24771763098672264 0
1700324085451 0.24974976194337242 0
1700324165905 0.2513263148347331 0
1700324246278 0.2538291571053816 0
1700324326887 0.2555493193586873 0
1700324407999 0.25716374559723654 0
1700324488395 0.2585473323115413 0
1700324568762 0.26067933888015354 0
1700324649117 0.2626238131770198 0
1700324729852 0.2645327013391287 0
1700324810326 0.26644443786206023 0
1700324890680 0.26806000971423527 0
1700324971131 0.26978936806861603 0
1700325051483 0.27170458173504763 0
1700325131897 0.2734397618881779 0
1700325212549 0.27564359081841505 0
1700325293244 0.2767195627479356 0
1700325373683 0.2785787758431904 0
1700325454294 0.28029730699840605 0
1700325534632 0.2815712307401272 0
1700325614987 0.28328377749635764 0
1700325695417 0.2850259557906828 0
1700325775772 0.28679161368256406 0
1700325858786 0.2885426142363968 0
1700325942024 0.2900473514060282 0
1700326022375 0.2916946621138815 0
1700326102603 0.2932583760721078 0
1700326182778 0.2949176313345914 0
1700326263267 0.29635041828600234 0
1700326343741 0.2979749502913322 0
1700326423999 0.2995891666782952 0
1700326504429 0.3014555658392338 0
1700326584809 0.303024871361688 0
1700326665249 0.3047915579741483 0
1700326745670 0.30647065185512284 0
1700326825927 0.3079456717856807 0
1700326906360 0.30922165744662905 0
1700326987036 0.31116058882036357 0
1700327070723 0.312973548093608 0
1700327152605 0.31473457257364695 0
1700327233069 0.3161343126099344 0
1700327313446 0.3180369586524568 0
1700327393657 0.3195150483766368 0
1700327474062 0.32110690823490756 0
1700327554429 0.32257353085928014 0
1700327634695 0.3243588240035457 0
1700327715043 0.32554568821284435 0
1700327795470 0.3270487075024936 0
1700327875920 0.32852797248820564 0
1700327956450 0.33015040644092264 0
1700328037989 0.3316754078000321 0
1700328118354 0.3329375296676715 0
1700328198629 0.33499006656785085 0
1700328278868 0.3363702873183038 0
1700328359248 0.33752664043495695 0
1700328439577 0.33932507408715284 0
1700328519873 0.3406348747292949 0
1700328600337 0.34224961211644306 0
1700328680728 0.3443116290890491 0
1700328760984 0.34587933238923857 0
1700328841339 0.3474175664427367 0
1700328921666 0.34872201285831667 0
1700329002095 0.35005267111130944 0
1700329082585 0.35210913821205575 0
1700329165408 0.3533110156886936 0
1700329249040 0.3549155571300131 0
1700329329436 0.35660556869803317 0
1700329409793 0.3581426251737565 0
1700329489927 0.35943160217660697 0
1700329570274 0.3611051190084744 0
1700329650515 0.3628163566243463 0
1700329730780 0.36408953808749894 0
1700329814264 0.3658640387762396 0
1700329894479 0.36741797664622566 0
1700329974923 0.36890713291464694 0
1700330055047 0.3704804202126715 0
1700330135432 0.37234454513213794 0
1700330215759 0.3742994153437837 0
1700330296021 0.37569374710784675 0
1700330376274 0.3772289759136852 0
1700330456572 0.3787220784419559 0
1700330536869 0.38007916564150795 0
1700330617178 0.38159288952387677 0
1700330697439 0.3832153285723276 0
1700330777590 0.384785841474879 0
1700330860406 0.38622466563560803 0
1700330943877 0.38790705537548953 0
1700331024193 0.38881205524187634 0
1700331104391 0.39024015427253406 0
1700331184717 0.39170717359206836 0
1700331265026 0.39332323139195613 0
1700331345486 0.3951176625768138 0
1700331425774 0.3967574919752506 0
1700331506127 0.3982058717179175 0
1700331587113 0.3997721412638926 0
1700331667754 0.40106966087855206 0
1700331747896 0.40297787208013586 0
1700331827950 0.4045395384798396 0
1700331908158 0.4062207372077388 0
1700331988324 0.40744327001003405 0
1700332068625 0.409086950084706 0
1700332148795 0.4105520168116673 0
1700332228925 0.411799767165604 0
1700332309046 0.4134231058427089 0
1700332389148 0.41525860771614037 0
1700332469208 0.4166372362813801 0
1700332549333 0.41779335545752333 0
1700332629450 0.41980290721735186 0
1700332709794 0.42115291721462583 0
1700332791938 0.42317288125734875 0
1700332875523 0.42468394207830873 0
1700332955720 0.42613203537896505 0
1700333035980 0.42759616325556304 0
1700333116107 0.42898522217039 0
1700333196264 0.4307016785898357 0
1700333276465 0.43193679924455947 0
1700333356708 0.43360617741401947 0
1700333436842 0.43493212442941614 0
1700333517133 0.43678627143869747 0
1700333597486 0.438127549509928 0
1700333681199 0.4399674029856766 0
1700333761272 0.4416434548679411 0
1700333841402 0.4425977740263074 0
1700333921625 0.44446379332344765 0
1700334001706 0.44597392656642537 0
1700334081891 0.44743546364838593 0
1700334161997 0.4490417482939409 0
1700334243541 0.45075383736061925 0
1700334327581 0.4520824400254482 0
1700334411776 0.4538982207911002 0
1700334491904 0.45491741852439127 0
1700334571972 0.4565828864129714 0
1700334652245 0.45805785569502283 0
1700334732410 0.4596516284609088 0
1700334812520 0.46116441889748055 0
1700334892685 0.46264315500778236 0
1700334972738 0.4641725396245255 0
1700335052826 0.4656665084275557 0
1700335132930 0.46726513109676576 0
1700335213862 0.4687378119310567 0
1700335293874 0.47017978015958956 0
1700335373859 0.4718213325337425 0
1700335454045 0.472909528665592 0
1700335534114 0.47462858715205614 0
1700335614156 0.4760489562632506 0
1700335694257 0.47774473681968727 0
1700335774343 0.4792058575956315 0
1700335854833 0.4807872432501205 0
1700335935105 0.48219548111752525 0
1700336015201 0.4838191400537837 0
1700336095201 0.48551276990169073 0
1700336175421 0.48695219968267056 0
1700336255712 0.48859099804428574 0
1700336336170 0.4898778871859911 0
1700336416603 0.49155959934768284 0
1700336496715 0.49293295243861146 0
1700336577176 0.4945785048094438 0
1700336658999 0.49616453839089586 0
1700336743602 0.49761947078408353 0
1700336824637 0.49909802514654367 0
1700336953037 0.5005486826822547 0
1700337036643 0.5020916849529188 0
1700337116947 0.5024466259800708 0
1700337197337 0.5020771026611328 0
1700337277832 0.5014109237824079 0
1700337358405 0.5013743867528253 0
1700337438769 0.5008243893712295 0
1700337519072 0.5011606633354345 0
1700337599260 0.5017378941718779 0
1700337679640 0.5017734160695051 0
1700337760412 0.5016434665170976 0
1700337841006 0.5016114884707594 0
1700337921242 0.5018880393529803 0
1700338001691 0.5015102246573552 0
1700338082205 0.5018223067021741 0
1700338162451 0.5017737474466235 0
1700338242807 0.5022575634439992 0
1700338323064 0.501964431352566 0
1700338404661 0.502033717119632 0
1700338488603 0.5017974348883555 0
1700338569380 0.5018507316322525 0
1700338649767 0.5018667206554215 0
1700338730008 0.5017867755395761 0
1700338810859 0.5017672334001472 0
1700338891511 0.5014542829187423 0
1700338971814 0.5017113586781556 0
1700339052296 0.5016544939940457 0
1700339132833 0.5018092786092214 0
1700339213124 0.5020112140499866 0
1700339293293 0.5018690893995947 0
1700339373456 0.501865536283335 0
1700339453951 0.5013349375885385 0
1700339534317 0.5015031184248356 0
1700339614641 0.5023446147923643 0
1700339694868 0.5018860991137015 0
1700339775649 0.5016302080352072 0
1700339856537 0.5017492684675622 0
1700339937155 0.5016835186765601 0
1700340020813 0.5017190591041288 0
1700340103915 0.501700696549885 0
1700340184666 0.5018499663456734 0
1700340264792 0.5016544939940457 0
1700340344871 0.5017380139988321 0
1700340424917 0.5017024735712634 0
1700340505253 0.5017095816567771 0
1700340585491 0.5017397910202105 0
1700340669146 0.5017433450629674 0
1700340749223 0.5017273518705615 0
1700340829517 0.501741568041589 0
1700340913093 0.5015247714334201 0
1700340993168 0.5018671442189983 0
1700341073370 0.5017516378294001 0
1700341153766 0.5020406999736252 0
1700341234161 0.5018683288999172 0
1700341315853 0.5017510454889407 0
1700341399789 0.5018203493226995 0
1700341481059 0.5017474914461838 0
1700341561404 0.5018203493226995 0
1700341641566 0.5018079101730505 0
1700341721958 0.5017777008096171 0
1700341802566 0.5021905621098731 0
1700341882961 0.5017735544264008 0
1700341963197 0.5017948786829419 0
1700342043579 0.5017397910202105 0
1700342124164 0.5017735544264008 0
1700342204478 0.5017859935760498 0
1700342284786 0.5019140955388854 0
1700342365128 0.5019371907945742 0
1700342445850 0.5018465863299494 0
1700342526233 0.5018536925624689 0
1700342606529 0.5016416899589677 0
1700342686808 0.5016426471848562 0
1700342766816 0.501926378264946 0
1700342847048 0.501791324640185 0
1700342927234 0.5018233110249969 0
1700343007497 0.5018837297518637 0
1700343087829 0.5016918114429928 0
1700343168216 0.5015620888823672 0
1700343248588 0.5015958522885574 0
1700343328939 0.5015229944120417 0
1700343409113 0.501499893134122 0
1700343489668 0.5015499011222563 0
1700343570271 0.5014681794482809 0
1700343650837 0.5016168181451491 0
1700343731058 0.5016559024240069 0
1700343812803 0.5016043822382398 0
1700343897081 0.501183583328761 0
1700343977475 0.5012795424831964 0
1700344058160 0.5012973126969806 0
1700344138622 0.5011418849384229 0
1700344218883 0.5014610732157614 0
1700344298997 0.5015688510756419 0
1700344379144 0.5017563765530759 0
1700344459459 0.5017403833606701 0
1700344539628 0.5017563765530759 0
1700344619873 0.5016852956979386 0
1700344700295 0.5016693025055327 0
1700344780660 0.5015911135648816 0
1700344861021 0.5016071067572875 0
1700344941316 0.5020064765616402 0
1700345021979 0.5015878010290274 0
1700345102342 0.5018536925624689 0
1700345182724 0.50183415042304 0
1700345263058 0.5016849195401285 0
1700345343397 0.5017986192604421 0
1700345423805 0.5016564946100501 0
1700345504354 0.501677813307609 0
1700345584524 0.5017038694935142 0
1700345666546 0.5016487961914873 0
1700345750181 0.5017518365630214 0
1700345834500 0.5016949867028646 0
1700345915007 0.5017553896792812 0
1700345995370 0.5017447303305018 0
1700346079932 0.5017571662374111 0
1700346160038 0.5017802614930997 0
1700346240170 0.5017998036325286 0
1700346320479 0.5018157926556978 0
1700346400683 0.5018015801906586 0
1700346481256 0.5018495472601658 0
1700346561588 0.501503710610879 0
1700346642069 0.5017891442837493 0
1700346722416 0.5017482834467616 0
1700346802867 0.5017731552605802 0
1700346883177 0.5020834607472692 0
1700346963611 0.5017287413073327 0
1700347043792 0.5017873677256194 0
1700347124008 0.5017642724699307 0
1700347206009 0.5017802614930997 0
1700347290208 0.5017500600048915 0
1700347371241 0.5018477707020359 0
1700347451486 0.5018086864231782 0
1700347531864 0.5018033567487885 0
1700347612126 0.5020372702358918 0
1700347692494 0.5021047794448279 0
1700347772620 0.5020532592590609 0
1700347853080 0.5020354936777619 0
1700347933290 0.5017802614930997 0
1700348013747 0.5014290951694231 0
1700348097294 0.5012984973778997 0
1700348177496 0.5013716531232231 0
1700348257921 0.5012700650358447 0
1700348338154 0.5013109365275487 0
1700348418261 0.501580451436611 0
1700348498475 0.5015893365435032 0
1700348578968 0.5012108309898969 0
1700348659303 0.5014234812148495 0
1700348739487 0.5014288122789847 0
1700348819626 0.5013755016376318 0
1700348900132 0.5013755016376318 0
1700348980734 0.5012990897183591 0
1700349064846 0.5016112531405039 0
1700349147119 0.5017855911674894 0
1700349227477 0.5015090402852685 0
1700349307895 0.5014948278202294 0
1700349388231 0.501501934052749 0
1700349468623 0.5015214761921779 0
1700349549076 0.501503710610879 0
1700349629518 0.5014877215877098 0
1700349710847 0.5015143699596583 0
1700349791157 0.5015179230759181 0
1700349871511 0.5014823919133201 0
1700349951755 0.5014213967508603 0
1700350032079 0.5012597299610395 0
1700350313554 0.5011407005663363 0
1700350393793 0.5008511215911629 0
1700350474296 0.5010500961017115 0
1700350554720 0.5007836123822267 0
1700350635061 0.5008067076379153 0
1700350715199 0.5008546747074226 0
1700350795548 0.5008600043818123 0
1700350876716 0.500934619823268 0
1700350961057 0.5009541619626969 0
1700351042119 0.5009239604744886 0
1700351122398 0.5009594916370866 0
1700351202744 0.5011187896827342 0
1700351283276 0.5013221909962787 0
1700351363564 0.5014904156867704 0
1700351444001 0.5018025791089151 0
1700351524449 0.5017066199544797 0
1700351604611 0.501262956950331 0
1700351684963 0.5014889059597964 0
1700351768661 0.5013165798211963 0
1700351849044 0.501337898518755 0
1700351929259 0.5010311461483259 0
1700352009322 0.5011566895895053 0
1700352089664 0.501266836193559 0
1700352170863 0.5010856272643094 0
1700352254496 0.5006882704292555 0
1700352335821 0.5010718585913663 0
1700352416335 0.5015377874819108 0
1700352496851 0.5018130821885223 0
1700352577183 0.5010027212182475 0
1700352657474 0.5012038816442144 0
1700352737721 0.5011168529950275 0
1700352818181 0.5011257334694343 0
1700352898315 0.5011075381479115 0
1700352978611 0.5011714942405878 0
1700353058767 0.501547532378083 0
1700353139037 0.5015208840061346 0
1700353219471 0.5018631675391617 0
1700353300323 0.5015777338662913 0
1700353380508 0.5013207251234993 0
1700353460929 0.5012994064259405 0
1700353541270 0.5012674283796024 0
1700353621574 0.5013207251234993 0
1700353701694 0.5012887470771612 0
1700353781993 0.501274534612122 0
1700353864179 0.5012851939609013 0
1700353948553 0.5013367141466685 0
1700354029659 0.5012034722869261 0
1700354109868 0.5012105785194456 0
1700354190095 0.5012407800076539 0
1700354270267 0.5011519521011589 0
1700354350497 0.5011306334036002 0
1700354430998 0.5011999191706662 0
1700354511542 0.5011146443804311 0
1700354591808 0.5012236066123982 0
1700354672307 0.5012236066123982 0
1700354752946 0.501035291450629 0
1700354833331 0.5014631914968936 0
1700354913717 0.5019936518347943 0
1700354994152 0.5020078605938452 0
1700355074426 0.5012472940541302 0
1700355154708 0.5019954279296757 0
1700355235118 0.5011381661336038 0
1700355315361 0.5009814025206887 0
1700355395806 0.5010453586133651 0
1700355475958 0.5010435820552351 0
1700355559353 0.5012052488450559 0
1700355639721 0.5012034722869261 0
1700355719757 0.5012940767515509 0
1700355800113 0.5012851939609013 0
1700355880308 0.5013775749836561 0
1700355960586 0.5014720719713004 0
1700356040926 0.5013136188909797 0
1700356121231 0.5013402672629282 0
1700356202196 0.5013228800012658 0
1700356286322 0.5012447318264858 0
1700356368941 0.5019602860502629 0
1700356449299 0.5020350940486927 0
1700356529667 0.5016467213013012 0
1700356610104 0.5018823498888955 0
1700356690420 0.5016271842576061 0
1700356770721 0.5023322939255077 0
1700356851140 0.5018207785996749 0
1700356932566 0.5013933317648932 0
1700357012951 0.5011381661336038 0
1700357093473 0.5010173916816711 0
1700357173846 0.5012624927752994 0
1700357254036 0.5007314404057716 0
1700357334353 0.5012660449650621 0
1700357414633 0.500704798982551 0
1700357494776 0.5009694371198743 0
1700357574971 0.5013063031157063 0
1700357655248 0.5013507054877405 0
1700357735626 0.5014022122393 0
1700357815798 0.5012259753565714 0
1700357896160 0.5012437409378704 0
1700357976435 0.5012703893098189 0
1700358056881 0.5013116314003505 0
1700358141002 0.5012743334078418 0
1700358223371 0.5010074587065939 0
1700358303895 0.5011713199047227 0
1700358384245 0.50120684180235 0
1700358464509 0.5011606633354345 0
1700358544818 0.5009896931252948 0
1700358625127 0.501039436752932 0
1700358705596 0.5007498577777586 0
1700358785665 0.5007445281033689 0
1700358865792 0.5009731119160825 0
1700358946065 0.5010712665597392 0
1700359026488 0.5011209972164173 0
1700359106652 0.5011884888219093 0
1700359186819 0.5011636234935701 0
1700359271515 0.5009013534827553 0
1700359356564 0.5011973692963161 0
1700359438095 0.5011796083475024 0
1700359518274 0.5011742800628584 0
1700359598540 0.5010623860853324 0
1700359678767 0.5008350459405178 0
1700359759188 0.5009765414993997 0
1700359839532 0.5011204051847903 0
1700359919973 0.5010138394919084 0
1700360000499 0.5011417183233666 0
1700360080954 0.5010049590175016 0
1700360161381 0.5012056577390958 0
1700360241766 0.5010422570100103 0
1700360322195 0.5013033429575707 0
1700360402539 0.5007226172197669 0
1700360482708 0.5009593725822132 0
1700360563378 0.5005911519181543 0
1700360643713 0.5008801387072844 0
1700360723858 0.5010458091997729 0
1700360804190 0.501318735779876 0
1700360884708 0.501057202334231 0
1700360965076 0.5012903182617741 0
1700361045370 0.5011193818687775 0
1700361125560 0.5011424771244661 0
1700361205769 0.5011922207521033 0
1700361286088 0.5010643085667507 0
1700361366620 0.5009298823349216 0
1700361446947 0.5007078125686844 0
1700361527126 0.5014045803658085 0
1700361607344 0.5007291312662431 0
1700361687616 0.5004466585235893 0
1700361767893 0.5005887831739811 0
1700361850845 0.5006491861503977 0
1700361934533 0.5007113656849441 0
1700362014817 0.5009197064631962 0
1700362095176 0.5009232586529588 0
1700362175532 0.5009641088352302 0
1700362255898 0.5008179591727381 0
1700362336028 0.5008321716377773 0
1700362416379 0.500871255916635 0
1700362496700 0.5008161826146081 0
1700362577008 0.5008783621491546 0
1700362657244 0.5008481606609463 0
1700362737556 0.5008872449398041 0
1700362817933 0.5008499372190762 0
1700362898195 0.5008694793585051 0
1700362978467 0.5008339481959071 0
1700363058876 0.5007770983357503 0
1700363139119 0.5008570434515958 0
1700363219286 0.5008108529402184 0
1700363299627 0.5007344609406328 0
1700363380201 0.500748673405672 0
1700363457486 0.5007753217776205 0
1700363748634 0.5007611093125812 0
1700363829073 0.5006491861503977 0
1700363909333 0.5007664389869709 0
1700363989555 0.5008286185215174 0
1700364069903 0.5007611093125812 0
1700364151301 0.5007238015918534 0
1700364231567 0.5007540030800617 0
1700364312025 0.5007433437312823 0
1700364392173 0.500948123981298 0
1700364472415 0.5007664389869709 0
1700364552858 0.5008481606609463 0
1700364633175 0.5011176053106476 0
1700364715682 0.500851713777206 0
1700364799259 0.5009463478864166 0
1700364879638 0.5009658849301116 0
1700364960150 0.5009232586529588 0
1700365040382 0.5010067351123829 0
1700365120758 0.5008037467076989 0
1700365201257 0.5008179591727381 0
1700365281480 0.5009783175942811 0
1700365361844 0.5009268108427216 0
1700365442094 0.5008783621491546 0
1700365522633 0.5007451202894122 0
1700365602976 0.5007113656849441 0
1700365683306 0.5006331971272285 0
1700365763849 0.5005159442906553 0
1700365844144 0.5008102607541751 0
1700365924442 0.5007996014053957 0
1700366004888 0.5008120373123051 0
1700366085111 0.5009688450882472 0
1700366165298 0.5009422036650267 0
1700366245706 0.500952860234315 0
1700366326016 0.5009173383366876 0
1700366406731 0.5009279949059758 0
1700366487089 0.5009279949059758 0
1700366567649 0.5009493080445522 0
1700366648065 0.5009741733728913 0
1700366728484 0.5008067076379153 0
1700366808898 0.5008742168468515 0
1700366889143 0.5008511215911629 0
1700366969404 0.5007089969407709 0
1700367049639 0.5008256575913009 0
1700367129859 0.5009398355385183 0
1700367210309 0.5009664769617387 0
1700367294635 0.5009149702101792 0
1700367377347 0.5007919029868328 0
1700367457579 0.5010187102414165 0
1700367537918 0.5008451997307298 0
1700367618415 0.5008096685681318 0
1700367698760 0.500884776597196 0
1700367779777 0.5009114180204164 0
1700367860011 0.500962924771976 0
1700367940618 0.5012660449650621 0
1700368021425 0.5009682530566201 0
1700368101787 0.500859412195769 0
1700368181798 0.5009593725822132 0
1700368261964 0.5009931183849592 0
1700368343318 0.5009771335310269 0
1700368427006 0.500875401218938 0
1700368507935 0.501167941124328 0
1700368588182 0.5013228800012658 0
1700368668379 0.5008540825213793 0
1700368748654 0.5009411338697444 0
1700368828981 0.500806115451872 0
1700368909382 0.5009358041953547 0
1700368989738 0.5008842840095876 0
1700369070209 0.5008576356376391 0
1700369150660 0.500859412195769 0
1700369234551 0.5010037749542473 0
1700369314878 0.500806115451872 0
1700369395279 0.5008309872656906 0
1700369475512 0.500875401218938 0
1700369555657 0.5008226132763482 0
1700369635996 0.5009256267794673 0
1700369716554 0.5008812244074332 0
1700369796853 0.5008261654661109 0
1700369877132 0.5007137344291173 0
1700369957527 0.5010357446621119 0
1700370037816 0.5007746587145514 0
1700370121879 0.5007320324373986 0
1700370202322 0.5006769734960763 0
1700370286178 0.500700062729534 0
1700370366754 0.5010280482509594 0
1700370447153 0.5010138394919084 0
1700370527989 0.5010458091997729 0
1700370612412 0.5010351526304848 0
1700370694278 0.5010280482509594 0
1700370774416 0.5007657782401446 0
1700370854807 0.5010564657690612 0
1700370935151 0.5010919876666884 0
1700371015347 0.5010795550025189 0
1700371095605 0.5007533455759751 0
1700371175762 0.5010286402825864 0
1700371255987 0.500807892010002 0
1700371336362 0.5006977454059482 0
1700371417426 0.5007332765685462 0
1700371497439 0.5009043136408909 0
1700371577556 0.5009540442975692 0
1700371657780 0.5009540442975692 0
1700371737738 0.5009202984948232 0
1700371817754 0.500982461815671 0
1700371897885 0.5009718052463829 0
1700371977825 0.5009380594436369 0
1700372058039 0.5010002227644846 0
1700372138111 0.500987790100315 0
1700372218191 0.5010073271440101 0
1700372298349 0.5009647008668573 0
1700372379572 0.5013512975193676 0
1700372463217 0.5006680930216696 0
1700372544929 0.5011831605372651 0
1700372625128 0.5005881687520082 0
1700372705248 0.5008918809767214 0
1700372785257 0.5003099138872611 0
1700372865353 0.5007799869991955 0
1700372945539 0.5010055510491287 0
1700373025680 0.5008736246608082 0
1700373105872 0.5009789096259083 0
1700373185930 0.5009647008668573 0
1700373266116 0.5007160475834663 0
1700373346274 0.5012719652813333 0
1700373426590 0.5008599112688569 0
1700373506757 0.5004922596284145 0
1700373586962 0.5007302563425173 0
1700373667150 0.5008989853562469 0
1700373747218 0.5011861206954007 0
1700373828923 0.5011488227028921 0
1700373912565 0.5010102873021457 0
1700373993323 0.5009263292186619 0
1700374073651 0.5009565307068701 0
1700374153674 0.5010333765356034 0
1700374233665 0.5011079725206207 0
1700374313670 0.5010475852946543 0
1700374393809 0.5010067351123829 0
1700374473871 0.5009352120093113 0
1700374553818 0.5009085636373629 0
1700374633804 0.500835724754037 0
1700374713816 0.5009334354511814 0
1700374793967 0.5007806514520101 0
1700374874162 0.5008801387072844 0
1700374954388 0.5007273547081132 0
1700375035651 0.5007202484755936 0
1700375115798 0.5008481606609463 0
1700375196011 0.5007770983357503 0
1700375276020 0.500730907824373 0
1700375356111 0.5009090498939079 0
1700375436318 0.5008966172297384 0
1700375516402 0.5009285869376029 0
1700375596505 0.5008717519013993 0
1700375676516 0.500914378178552 0
1700375756584 0.5009072737990266 0
1700375836861 0.5008770801860434 0
1700375918094 0.5009694371198743 0
1700376002066 0.5009516761710606 0
1700376083169 0.5010333765356034 0
1700376163176 0.5010688984332307 0
1700376243367 0.5010191677765525 0
1700376323526 0.5009960785430948 0
1700376403765 0.500992526353332 0
1700376483823 0.5010724506229934 0
1700376564028 0.5009245526605319 0
1700376644327 0.5009298823349216 0
1700376724499 0.5009440947999608 0
1700376804639 0.5008854683816741 0
