1700310554654 6454661752.0 0
1700310626447 6454330624.0 0
1700310706241 6452016116.0 0
1700310789430 6451574720.0 0
1700310869834 6451145585.0 0
1700310949913 6450581579.0 0
1700311029764 6449944007.0 0
1700311112562 6449490350.0 0
1700311195226 6449061215.0 0
1700311274945 6448583036.0 0
1700311354907 6446343276.0 0
1700311438269 6445632312.0 0
1700311518271 6445007154.0 0
1700311598266 6442412544.0 0
1700311678223 6441983514.0 0
1700311758162 6441628032.0 0
1700311838069 6441186744.0 0
1700311917970 6440782230.0 0
1700311998190 6442039749.0 0
1700312077916 6441696441.0 0
1700312157770 6439446108.0 0
1700312237815 6438477726.0 0
1700312317673 6437828052.0 0
1700312397653 6437472570.0 0
1700312477518 6434914734.0 0
1700312557381 6434497962.0 0
1700312637116 6434326350.0 0
1700312716860 6432087222.0 0
1700312796630 6432038190.0 0
1700312876532 6431891094.0 0
1700312956344 6431237808.0 0
1700313039414 6428949088.0 0
1700313119434 6428924566.0 0
1700313199590 6424751739.0 0
1700313282475 6422401714.0 0
1700313366975 6420223343.0 0
1700313446896 6415940167.0 0
1700313527432 6405416142.0 0
1700313607207 6403139683.0 0
1700313687109 6403115161.0 0
1700313767011 6401010356.0 0
1700313850074 6400912268.0 0
1700313929964 6394561070.0 0
1700314009844 6388246655.0 0
1700314089784 6385970196.0 0
1700314169588 6381552149.0 0
1700314249444 6373120668.0 0
1700314329256 6362474033.0 0
1700314409073 6355755005.0 0
1700314492412 6350135380.0 0
1700314572455 6347478420.0 0
1700314652479 6336025362.0 0
1700314735691 6323105430.0 0
1700314817198 6320706948.0 0
1700314897289 6318492336.0 0
1700314977128 6307872822.0 0
1700315056972 6297375888.0 0
1700315136815 6282412956.0 0
1700315216549 6279360801.0 0
1700315296392 6272886993.0 0
1700315376036 6262313924.0 0
1700315456079 6257932660.0 0
1700315536065 6251605984.0 0
1700315615909 6245414179.0 0
1700315698959 6237105308.0 0
1700315778874 6228882264.0 0
1700315858939 6220499827.0 0
1700315938753 6210000324.0 0
1700316021777 6203575560.0 0
1700316101482 6201421711.0 0
1700316184099 6186639032.0 0
1700316267274 6182319073.0 0
1700316347063 6171353652.0 0
1700316427063 6162811822.0 0
1700316506760 6154392602.0 0
1700316586520 6137603206.0 0
1700316666433 6131031310.0 0
1700316746206 6128767112.0 0
1700316825981 6118132738.0 0
1700316905742 6115807235.0 0
1700316985668 6109161773.0 0
1700317065527 6102712487.0 0
1700317146289 6092139418.0 0
1700317226257 6081431478.0 0
1700317306138 6070833887.0 0
1700317385951 6062402406.0 0
1700317465775 6051866120.0 0
1700317545427 6046712413.0 0
1700317625296 6041852970.0 0
1700317705292 6028880832.0 0
1700317785059 6015773823.0 0
1700317864882 6009189666.0 0
1700317944756 6006680248.0 0
1700318025125 5995776132.0 0
1700318109035 5980625623.0 0
1700318189843 5969746029.0 0
1700318269857 5959001306.0 0
1700318349658 5947618374.0 0
1700318429585 5941840770.0 0
1700318509357 5932565550.0 0
1700318589136 5921443458.0 0
1700318669027 5906431494.0 0
1700318748856 5901328080.0 0
1700318828777 5890230504.0 0
1700318908770 5883831828.0 0
1700318988732 5877482184.0 0
1700319071837 5871340926.0 0
1700319151580 5862948282.0 0
1700319231514 5856647670.0 0
1700319311318 5856439284.0 0
1700319390956 5850138672.0 0
1700319470703 5847373075.0 0
1700319550321 5840912484.0 0
1700319630048 5837324976.0 0
1700319709807 5830536840.0 0
1700319789791 5818669915.0 0
1700319869648 5815622505.0 0
1700319949358 5806778480.0 0
1700320029011 5802387105.0 0
1700320108726 5793628865.0 0
1700320188387 5791067570.0 0
1700320273300 5766138340.0 0
1700320356617 5728980868.0 0
1700320436745 5684047216.0 0
1700320516632 5650169360.0 0
1700320596451 5614605222.0 0
1700320676291 5592313200.0 0
1700320757050 5562993447.0 0
1700320836936 5536454019.0 0
1700320916881 5516350632.0 0
1700320996616 5490976029.0 0
1700321076539 5466792092.0 0
1700321156513 5442839907.0 0
1700321236485 5421676414.0 0
1700321316412 5400649390.0 0
1700321396362 5382146718.0 0
1700321476252 5362124130.0 0
1700321556187 5340908280.0 0
1700321636315 5318881866.0 0
1700321716340 5298711869.0 0
1700321798857 5280714923.0 0
1700321881475 5264292024.0 0
1700321961316 5246831550.0 0
1700322041202 5228129325.0 0
1700322121066 5210463658.0 0
1700322200904 5191820928.0 0
1700322280919 5175239660.0 0
1700322360878 5160258591.0 0
1700322440810 5142019922.0 0
1700322520779 5127337480.0 0
1700322600854 5112486575.0 0
1700322680817 5098327520.0 0
1700322760969 5082873722.0 0
1700322840813 5069300400.0 0
1700322920640 5053808101.0 0
1700323000702 5036365641.0 0
1700323080659 5022737062.0 0
1700323160406 5005168912.0 0
1700323240316 4995185136.0 0
1700323320368 4982462430.0 0
1700323401565 4965374196.0 0
1700323484994 4951365336.0 0
1700323566144 4939303266.0 0
1700323683218 4927823226.0 0
1700323763554 4908464833.0 0
1700323844204 4899664324.0 0
1700323924591 4886499652.0 0
1700324005041 4871784666.0 0
1700324085450 4858624575.0 0
1700324165905 4848414810.0 0
1700324246277 4832206390.0 0
1700324326886 4821066610.0 0
1700324407998 4810611577.0 0
1700324488395 4801651462.0 0
1700324568761 4787844576.0 0
1700324649117 4775252150.0 0
1700324729851 4762890180.0 0
1700324810325 4750509764.0 0
1700324890680 4740047312.0 0
1700324971130 4728847978.0 0
1700325051483 4716445044.0 0
1700325131896 4705208008.0 0
1700325212548 4690936000.0 0
1700325293244 4683968000.0 0
1700325373683 4671927726.0 0
1700325454294 4660798509.0 0
1700325534631 4652548572.0 0
1700325614986 4641458110.0 0
1700325695416 4630175754.0 0
1700325775772 4618741344.0 0
1700325858785 4607401855.0 0
1700325942023 4597657169.0 0
1700326022375 4586989176.0 0
1700326102602 4576862556.0 0
1700326182778 4566117210.0 0
1700326263267 4556838474.0 0
1700326343740 4546317996.0 0
1700326423999 4535864322.0 0
1700326504428 4523777511.0 0
1700326584808 4513614680.0 0
1700326665249 4502173608.0 0
1700326745669 4491299787.0 0
1700326825926 4481747550.0 0
1700326906359 4473484260.0 0
1700326987036 4460927730.0 0
1700327070723 4449186996.0 0
1700327152605 4437782592.0 0
1700327233068 4428717868.0 0
1700327313445 4416396322.0 0
1700327393656 4406824205.0 0
1700327474061 4396515312.0 0
1700327554429 4387017456.0 0
1700327634695 4375455888.0 0
1700327715042 4367769749.0 0
1700327795469 4358036188.0 0
1700327875919 4348456460.0 0
1700327956449 4337949569.0 0
1700328037988 4328073652.0 0
1700328118354 4319900144.0 0
1700328198629 4306607904.0 0
1700328278868 4297669587.0 0
1700328359247 4290181038.0 0
1700328439576 4278534372.0 0
1700328519872 4270052096.0 0
1700328600337 4259595048.0 0
1700328680727 4246241415.0 0
1700328760984 4236088960.0 0
1700328841338 4226127348.0 0
1700328921665 4217679746.0 0
1700329002095 4209062396.0 0
1700329082585 4195744704.0 0
1700329165407 4187961339.0 0
1700329249040 4177570320.0 0
1700329329436 4166625796.0 0
1700329409793 4156671810.0 0
1700329489927 4148324388.0 0
1700329570273 4137486684.0 0
1700329650514 4126404700.0 0
1700329730779 4118159570.0 0
1700329814264 4106667894.0 0
1700329894478 4096604584.0 0
1700329974922 4086960800.0 0
1700330055046 4076772183.0 0
1700330135432 4064700100.0 0
1700330215759 4052040350.0 0
1700330296020 4043010650.0 0
1700330376273 4033068500.0 0
1700330456572 4023399160.0 0
1700330536868 4014610656.0 0
1700330617177 4004807772.0 0
1700330697438 3994300848.0 0
1700330777590 3984130198.0 0
1700330860406 3974812365.0 0
1700330943876 3963917200.0 0
1700331024193 3958056416.0 0
1700331104390 3948808039.0 0
1700331184716 3939307614.0 0
1700331265025 3928842015.0 0
1700331345485 3917221269.0 0
1700331425774 3906601725.0 0
1700331506127 3897222010.0 0
1700331587113 3887078840.0 0
1700331667754 3878676096.0 0
1700331747895 3866318510.0 0
1700331827950 3856205150.0 0
1700331908157 3845317698.0 0
1700331988323 3837400569.0 0
1700332068625 3826756088.0 0
1700332148795 3817268308.0 0
1700332228924 3809187870.0 0
1700332309045 3798675120.0 0
1700332389147 3786788400.0 0
1700332469207 3777860394.0 0
1700332549332 3770373360.0 0
1700332629449 3757359492.0 0
1700332709794 3748616820.0 0
1700332791937 3735535522.0 0
1700332875522 3725749884.0 0
1700332955719 3716372024.0 0
1700333035980 3706890324.0 0
1700333116106 3697894771.0 0
1700333196264 3686778990.0 0
1700333276464 3678780342.0 0
1700333356707 3667969440.0 0
1700333436842 3659382600.0 0
1700333517132 3647375134.0 0
1700333597485 3638689010.0 0
1700333681199 3626774109.0 0
1700333761271 3615919988.0 0
1700333841401 3609739812.0 0
1700333921625 3597655461.0 0
1700334001705 3587875830.0 0
1700334081890 3578410908.0 0
1700334161997 3568008600.0 0
1700334243541 3556921102.0 0
1700334327580 3548317064.0 0
1700334411775 3536558058.0 0
1700334491903 3529957728.0 0
1700334571971 3519172149.0 0
1700334652244 3509620240.0 0
1700334732409 3499298959.0 0
1700334812519 3489502120.0 0
1700334892685 3479925817.0 0
1700334972737 3470021514.0 0
1700335052825 3460346564.0 0
1700335132929 3449993875.0 0
1700335213862 3440456786.0 0
1700335293873 3431118592.0 0
1700335373858 3420487890.0 0
1700335454045 3413440726.0 0
1700335534114 3402308094.0 0
1700335614155 3393109776.0 0
1700335694256 3382127892.0 0
1700335774343 3372665666.0 0
1700335854833 3362424604.0 0
1700335935105 3353304848.0 0
1700336015201 3342790024.0 0
1700336095201 3331822068.0 0
1700336175420 3322500313.0 0
1700336255711 3311887446.0 0
1700336336170 3303553545.0 0
1700336416603 3292662768.0 0
1700336496714 3283768926.0 0
1700336577176 3273112320.0 0
1700336658998 3262841158.0 0
1700336743601 3253419008.0 0
1700336824636 3243843882.0 0
1700336953036 3234449416.0 0
1700337036642 3224456925.0 0
1700337116947 3222158325.0 0
1700337197336 3224551360.0 0
1700337277831 3228865538.0 0
1700337358404 3229102152.0 0
1700337438769 3232663938.0 0
1700337519072 3230486226.0 0
1700337599260 3226748076.0 0
1700337679639 3226518036.0 0
1700337760412 3227359590.0 0
1700337841005 3227566680.0 0
1700337921241 3225775735.0 0
1700338001690 3228222465.0 0
1700338082205 3226201420.0 0
1700338162451 3226515890.0 0
1700338242807 3223382695.0 0
1700338323063 3225281020.0 0
1700338404660 3224832325.0 0
1700338488602 3226362490.0 0
1700338569379 3226017340.0 0
1700338649766 3225913795.0 0
1700338730008 3226431520.0 0
1700338810859 3226558075.0 0
1700338891510 3228584744.0 0
1700338971813 3226919920.0 0
1700339052296 3227288176.0 0
1700339132833 3226285790.0 0
1700339213124 3224978055.0 0
1700339293292 3225898455.0 0
1700339373455 3225921465.0 0
1700339453951 3229357625.0 0
1700339534316 3228268485.0 0
1700339614641 3222818950.0 0
1700339694868 3225788300.0 0
1700339775648 3227445452.0 0
1700339856537 3226674416.0 0
1700339937154 3227100212.0 0
1700340020813 3226870052.0 0
1700340103915 3226988968.0 0
1700340184665 3226022296.0 0
1700340264791 3227288176.0 0
1700340344870 3226747300.0 0
1700340424917 3226977460.0 0
1700340505253 3226931428.0 0
1700340585491 3226735792.0 0
1700340669146 3226712776.0 0
1700340749222 3226816348.0 0
1700340829516 3226724284.0 0
1700340913092 3228128260.0 0
1700340993168 3225911052.0 0
1700341073370 3226659072.0 0
1700341153765 3224787104.0 0
1700341234161 3225903380.0 0
1700341315852 3226662908.0 0
1700341399788 3226214096.0 0
1700341481058 3226685924.0 0
1700341561404 3226214096.0 0
1700341641566 3226294652.0 0
1700341721958 3226490288.0 0
1700341802566 3223816596.0 0
1700341882960 3226517140.0 0
1700341963196 3226379044.0 0
1700342043578 3226735792.0 0
1700342124163 3226517140.0 0
1700342204478 3226436584.0 0
1700342284785 3225606995.0 0
1700342365128 3225457430.0 0
1700342445849 3226044185.0 0
1700342526232 3225998165.0 0
1700342606529 3227371095.0 0
1700342686808 3227364896.0 0
1700342766815 3225527452.0 0
1700342847047 3226402060.0 0
1700342927233 3226194916.0 0
1700343007496 3225803644.0 0
1700343087828 3227046508.0 0
1700343168216 3227886592.0 0
1700343248588 3227667940.0 0
1700343328938 3228139768.0 0
1700343409113 3228289372.0 0
1700343489668 3227965520.0 0
1700343570270 3228494750.0 0
1700343650836 3227532165.0 0
1700343731057 3227279055.0 0
1700343812802 3227612700.0 0
1700343897081 3230337796.0 0
1700343977475 3229716364.0 0
1700344058159 3229601284.0 0
1700344138622 3230607835.0 0
1700344218882 3228540770.0 0
1700344298997 3227842800.0 0
1700344379143 3226628384.0 0
1700344459459 3226731956.0 0
1700344539628 3226628384.0 0
1700344619873 3227088704.0 0
1700344700294 3227192276.0 0
1700344780659 3227698628.0 0
1700344861020 3227595056.0 0
1700344941316 3225008735.0 0
1700345021979 3227720080.0 0
1700345102341 3225998165.0 0
1700345182724 3226124720.0 0
1700345263058 3227091140.0 0
1700345343396 3226354820.0 0
1700345423805 3227275220.0 0
1700345504353 3227137160.0 0
1700345584524 3226968420.0 0
1700345666545 3227325075.0 0
1700345750180 3226657785.0 0
1700345834500 3227025945.0 0
1700345915007 3226634775.0 0
1700345995369 3226703805.0 0
1700346079932 3226623270.0 0
1700346160038 3226473705.0 0
1700346240170 3226347150.0 0
1700346320478 3226243605.0 0
1700346400683 3226335645.0 0
1700346481256 3226025010.0 0
1700346561587 3228264650.0 0
1700346642068 3226416180.0 0
1700346722415 3226680795.0 0
1700346802866 3226519725.0 0
1700346883177 3224510185.0 0
1700346963611 3226807350.0 0
1700347043791 3226427685.0 0
1700347124007 3226577250.0 0
1700347206008 3226473705.0 0
1700347290207 3226669290.0 0
1700347371241 3226036515.0 0
1700347451485 3226289625.0 0
1700347531863 3226324140.0 0
1700347612125 3224809315.0 0
1700347692493 3224372125.0 0
1700347772619 3224705770.0 0
1700347853080 3224820820.0 0
1700347933290 3226473705.0 0
1700348013747 3228747860.0 0
1700348097293 3229593612.0 0
1700348177496 3229119855.0 0
1700348257920 3229777740.0 0
1700348338153 3229513056.0 0
1700348418260 3227767676.0 0
1700348498475 3227710136.0 0
1700348578968 3230161340.0 0
1700348659303 3228784216.0 0
1700348739487 3228749692.0 0
1700348819625 3229094932.0 0
1700348900132 3229094932.0 0
1700348980733 3229589776.0 0
1700349064846 3227568204.0 0
1700349147119 3226439190.0 0
1700349227476 3228230135.0 0
1700349307894 3228322175.0 0
1700349388230 3228276155.0 0
1700349468623 3228149600.0 0
1700349549076 3228264650.0 0
1700349629517 3228368195.0 0
1700349710847 3228195620.0 0
1700349791157 3228172610.0 0
1700349871511 3228402710.0 0
1700349951754 3228797715.0 0
1700350032078 3229844670.0 0
1700350313554 3230615505.0 0
1700350393793 3232490820.0 0
1700350474295 3231202260.0 0
1700350554719 3232928010.0 0
1700350635060 3232778445.0 0
1700350715199 3232467810.0 0
1700350795548 3232433295.0 0
1700350876716 3231950085.0 0
1700350961057 3231823530.0 0
1700351042119 3232019115.0 0
1700351122397 3231789015.0 0
1700351202743 3230757400.0 0
1700351283276 3229440172.0 0
1700351363563 3228350748.0 0
1700351444000 3226329176.0 0
1700351524448 3226950608.0 0
1700351604611 3229823772.0 0
1700351684962 3228360525.0 0
1700351768661 3229476510.0 0
1700351849044 3229338450.0 0
1700351929258 3231324980.0 0
1700352009322 3230511960.0 0
1700352089663 3229798650.0 0
1700352170863 3230972160.0 0
1700352254496 3233545445.0 0
1700352335820 3231061326.0 0
1700352416334 3228043968.0 0
1700352496850 3226261158.0 0
1700352577182 3231509060.0 0
1700352657473 3230206344.0 0
1700352737720 3230769942.0 0
1700352818180 3230712432.0 0
1700352898314 3230830265.0 0
1700352978610 3230416085.0 0
1700353058767 3227980860.0 0
1700353139036 3228153435.0 0
1700353219470 3225936805.0 0
1700353300323 3227785275.0 0
1700353380507 3229449665.0 0
1700353460929 3229587725.0 0
1700353541269 3229794815.0 0
1700353621574 3229449665.0 0
1700353701693 3229656755.0 0
1700353781992 3229748795.0 0
1700353864179 3229679765.0 0
1700353948552 3229346120.0 0
1700354029659 3230208995.0 0
1700354109867 3230162975.0 0
1700354190095 3229967390.0 0
1700354270267 3230542640.0 0
1700354350496 3230680700.0 0
1700354430997 3230232005.0 0
1700354511541 3230784245.0 0
1700354591808 3230078605.0 0
1700354672307 3230078605.0 0
1700354752945 3231298135.0 0
1700354833331 3228527052.0 0
1700354913716 3225091788.0 0
1700354994151 3224999772.0 0
1700355074426 3229925205.0 0
1700355154708 3225080286.0 0
1700355235117 3230631918.0 0
1700355315360 3231647120.0 0
1700355395805 3231232940.0 0
1700355475957 3231244445.0 0
1700355559352 3230197490.0 0
1700355639721 3230208995.0 0
1700355719756 3229622240.0 0
1700355800112 3229679765.0 0
1700355880307 3229081505.0 0
1700355960586 3228469542.0 0
1700356040926 3229495685.0 0
1700356121231 3229323110.0 0
1700356202195 3229435710.0 0
1700356286322 3229941798.0 0
1700356368940 3225307865.0 0
1700356449298 3224823408.0 0
1700356529667 3227338512.0 0
1700356610103 3225812580.0 0
1700356690420 3227465034.0 0
1700356770720 3222898740.0 0
1700356851140 3226211316.0 0
1700356932565 3228979464.0 0
1700357012950 3230631918.0 0
1700357093472 3231414054.0 0
1700357173845 3229826778.0 0
1700357254036 3233265876.0 0
1700357334352 3229803774.0 0
1700357414633 3233438406.0 0
1700357494775 3231724608.0 0
1700357574970 3229543062.0 0
1700357655248 3229255512.0 0
1700357735626 3228921954.0 0
1700357815797 3230063265.0 0
1700357896159 3229948215.0 0
1700357976435 3229775640.0 0
1700358056881 3229508556.0 0
1700358141001 3229750098.0 0
1700358223370 3231478380.0 0
1700358303895 3230417214.0 0
1700358384245 3230187174.0 0
1700358464509 3230486226.0 0
1700358544817 3231593430.0 0
1700358625126 3231271290.0 0
1700358705596 3233146605.0 0
1700358785665 3233181120.0 0
1700358865791 3231700810.0 0
1700358946065 3231065160.0 0
1700359026487 3230743104.0 0
1700359106652 3230306028.0 0
1700359186818 3230467056.0 0
1700359271515 3232165518.0 0
1700359356563 3230248518.0 0
1700359438094 3230363538.0 0
1700359518273 3230398044.0 0
1700359598540 3231122670.0 0
1700359678766 3232594926.0 0
1700359759187 3231678600.0 0
1700359839531 3230746938.0 0
1700359919972 3231437058.0 0
1700360000499 3230608914.0 0
1700360080954 3231494568.0 0
1700360161380 3230194842.0 0
1700360241766 3231253026.0 0
1700360322194 3229562232.0 0
1700360402538 3233323015.0 0
1700360482707 3231789786.0 0
1700360563377 3234174385.0 0
1700360643713 3232302905.0 0
1700360723857 3231230022.0 0
1700360804190 3229462548.0 0
1700360884707 3231156240.0 0
1700360965076 3229646580.0 0
1700361045369 3230753565.0 0
1700361125559 3230604000.0 0
1700361205769 3230281860.0 0
1700361286087 3231110220.0 0
1700361366620 3231980765.0 0
1700361446947 3233418890.0 0
1700361527126 3228906618.0 0
1700361607344 3233280830.0 0
1700361687616 3235110125.0 0
1700361767892 3234189725.0 0
1700361850845 3233798555.0 0
1700361934533 3233395880.0 0
1700362014817 3232046664.0 0
1700362095176 3232023660.0 0
1700362175531 3231759114.0 0
1700362255897 3232705580.0 0
1700362336028 3232613540.0 0
1700362416379 3232360430.0 0
1700362496699 3232717085.0 0
1700362577008 3232314410.0 0
1700362657243 3232509995.0 0
1700362737556 3232256885.0 0
1700362817932 3232498490.0 0
1700362898194 3232371935.0 0
1700362978467 3232602035.0 0
1700363058875 3232970195.0 0
1700363139118 3232452470.0 0
1700363219285 3232751600.0 0
1700363299626 3233246315.0 0
1700363380200 3233154275.0 0
1700363457485 3232981700.0 0
1700363748633 3233073740.0 0
1700363829073 3233798555.0 0
1700363909332 3233039225.0 0
1700363989554 3232636550.0 0
1700364069903 3233073740.0 0
1700364151300 3233315345.0 0
1700364231566 3233119760.0 0
1700364312024 3233188790.0 0
1700364392173 3231862632.0 0
1700364472414 3233039225.0 0
1700364552858 3232509995.0 0
1700364633174 3230765070.0 0
1700364715681 3232486985.0 0
1700364799258 3231874134.0 0
1700364879638 3231747612.0 0
1700364960149 3232023660.0 0
1700365040381 3231483066.0 0
1700365120758 3232797620.0 0
1700365201257 3232705580.0 0
1700365281479 3231667098.0 0
1700365361843 3232000656.0 0
1700365442094 3232314410.0 0
1700365522633 3233177285.0 0
1700365602975 3233395880.0 0
1700365683305 3233902100.0 0
1700365763848 3234661430.0 0
1700365844144 3232755435.0 0
1700365924441 3232824465.0 0
1700366004888 3232743930.0 0
1700366085110 3231728442.0 0
1700366165297 3231900972.0 0
1700366245706 3231831960.0 0
1700366326016 3232062000.0 0
1700366406730 3231992988.0 0
1700366487089 3231992988.0 0
1700366567649 3231854964.0 0
1700366648065 3231693936.0 0
1700366728483 3232778445.0 0
1700366808897 3232341255.0 0
1700366889142 3232490820.0 0
1700366969403 3233411220.0 0
1700367049638 3232655725.0 0
1700367129858 3231916308.0 0
1700367210308 3231743778.0 0
1700367294634 3232077336.0 0
1700367377346 3232874320.0 0
1700367457579 3231405515.0 0
1700367537918 3232529170.0 0
1700367618415 3232759270.0 0
1700367698760 3232272870.0 0
1700367779777 3232100340.0 0
1700367860011 3231766782.0 0
1700367940617 3229803774.0 0
1700368021424 3231732276.0 0
1700368101787 3232437130.0 0
1700368181798 3231789786.0 0
1700368261963 3231571248.0 0
1700368343317 3231674766.0 0
1700368427006 3232333585.0 0
1700368507934 3230439095.0 0
1700368588181 3229435710.0 0
1700368668378 3232471645.0 0
1700368748653 3231907900.0 0
1700368828981 3232782280.0 0
1700368909381 3231942415.0 0
1700368989738 3232276060.0 0
1700369070209 3232448635.0 0
1700369150660 3232437130.0 0
1700369234551 3231502236.0 0
1700369314878 3232782280.0 0
1700369395279 3232621210.0 0
1700369475511 3232333585.0 0
1700369555657 3232675440.0 0
1700369635996 3232008324.0 0
1700369716553 3232295874.0 0
1700369796852 3232652436.0 0
1700369877131 3233380540.0 0
1700369957526 3231295200.0 0
1700370037815 3232985994.0 0
1700370121878 3233262042.0 0
1700370202321 3233618604.0 0
1700370286178 3233469078.0 0
1700370366753 3231345042.0 0
1700370447153 3231437058.0 0
1700370527989 3231230022.0 0
1700370612412 3231299034.0 0
1700370694278 3231345042.0 0
1700370774415 3233043504.0 0
1700370854806 3231161010.0 0
1700370935151 3230930970.0 0
1700371015347 3231011484.0 0
1700371095604 3233124018.0 0
1700371175761 3231341208.0 0
1700371255986 3232770775.0 0
1700371336362 3233484085.0 0
1700371417425 3233253985.0 0
1700371497438 3232146348.0 0
1700371577555 3231824292.0 0
1700371657779 3231824292.0 0
1700371737737 3232042830.0 0
1700371817753 3231640260.0 0
1700371897885 3231709272.0 0
1700371977824 3231927810.0 0
1700372058039 3231525240.0 0
1700372138110 3231605754.0 0
1700372218190 3231479232.0 0
1700372298349 3231755280.0 0
1700372379572 3229251678.0 0
1700372463216 3233676114.0 0
1700372544928 3230340534.0 0
1700372625127 3234193704.0 0
1700372705247 3232226862.0 0
1700372785257 3235995684.0 0
1700372865352 3232951488.0 0
1700372945538 3231490734.0 0
1700373025679 3232345090.0 0
1700373105872 3231663264.0 0
1700373185929 3231755280.0 0
1700373266116 3233365560.0 0
1700373346273 3229765434.0 0
1700373426589 3232433898.0 0
1700373506756 3234814812.0 0
1700373586962 3233273544.0 0
1700373667150 3232180854.0 0
1700373747218 3230321364.0 0
1700373828923 3230562906.0 0
1700373912564 3231460062.0 0
1700373993323 3232003775.0 0
1700374073651 3231808190.0 0
1700374153673 3231310536.0 0
1700374233664 3230827452.0 0
1700374313669 3231218520.0 0
1700374393808 3231483066.0 0
1700374473871 3231946250.0 0
1700374553817 3232118825.0 0
1700374633804 3232590530.0 0
1700374713815 3231957755.0 0
1700374793967 3232947185.0 0
1700374874161 3232302905.0 0
1700374954388 3233292335.0 0
1700375035650 3233338355.0 0
1700375115798 3232509995.0 0
1700375196010 3232970195.0 0
1700375276019 3233269325.0 0
1700375356111 3232115676.0 0
1700375436317 3232196190.0 0
1700375516401 3231989154.0 0
1700375596504 3232357218.0 0
1700375676515 3232081170.0 0
1700375756584 3232127178.0 0
1700375836860 3232322712.0 0
1700375918094 3231724608.0 0
1700376002066 3231839628.0 0
1700376083169 3231310536.0 0
1700376163175 3231080496.0 0
1700376243367 3231402552.0 0
1700376323526 3231552078.0 0
1700376403764 3231575082.0 0
1700376483822 3231057492.0 0
1700376564028 3232015280.0 0
1700376644327 3231980765.0 0
1700376724499 3231888725.0 0
1700376804639 3232268390.0 0
