1700310552243 0.0 0
1700310624007 0.0013736263736263737 0
1700310703843 0.0028998778998779 0
1700310787029 0.004426129426129426 0
1700310867472 0.005952380952380952 0
1700310947483 0.007478632478632479 0
1700311027370 0.009004884004884004 0
1700311110056 0.010531135531135532 0
1700311192728 0.012057387057387058 0
1700311272570 0.013583638583638584 0
1700311352537 0.01510989010989011 0
1700311435835 0.016636141636141636 0
1700311515846 0.018162393162393164 0
1700311595871 0.019688644688644688 0
1700311675827 0.021214896214896216 0
1700311755771 0.02274114774114774 0
1700311835635 0.024267399267399268 0
1700311915610 0.025793650793650792 0
1700311995507 0.02731990231990232 0
1700312075542 0.028846153846153848 0
1700312155382 0.030372405372405372 0
1700312235358 0.031898656898656896 0
1700312315286 0.033424908424908424 0
1700312395297 0.03495115995115995 0
1700312475119 0.03647741147741148 0
1700312554978 0.038003663003663 0
1700312634723 0.03952991452991453 0
1700312714454 0.041056166056166056 0
1700312794262 0.042582417582417584 0
1700312874060 0.04410866910866911 0
1700312953946 0.04563492063492063 0
1700313037047 0.04716117216117216 0
1700313117068 0.04868742368742369 0
1700313197122 0.050213675213675216 0
1700313280011 0.051739926739926737 0
1700313364595 0.053266178266178264 0
1700313444503 0.05479242979242979 0
1700313525074 0.05631868131868132 0
1700313604815 0.05784493284493285 0
1700313684698 0.05937118437118437 0
1700313764612 0.060897435897435896 0
1700313847678 0.062423687423687424 0
1700313927566 0.06394993894993894 0
1700314007450 0.06547619047619048 0
1700314087382 0.067002442002442 0
1700314167216 0.06852869352869354 0
1700314247087 0.07005494505494506 0
1700314326883 0.07158119658119658 0
1700314406686 0.07310744810744811 0
1700314489943 0.07463369963369963 0
1700314570018 0.07615995115995115 0
1700314650020 0.07768620268620269 0
1700314733199 0.07921245421245421 0
1700314814822 0.08073870573870574 0
1700314894894 0.08226495726495726 0
1700314974718 0.08379120879120878 0
1700315054556 0.08531746031746032 0
1700315134325 0.08684371184371184 0
1700315214179 0.08836996336996338 0
1700315294032 0.0898962148962149 0
1700315373644 0.09142246642246642 0
1700315453682 0.09294871794871795 0
1700315533663 0.09447496947496947 0
1700315613506 0.09600122100122101 0
1700315696599 0.09752747252747253 0
1700315776482 0.09905372405372405 0
1700315856493 0.10057997557997558 0
1700315936357 0.1021062271062271 0
1700316019370 0.10363247863247864 0
1700316099105 0.10515873015873016 0
1700316181546 0.10668498168498168 0
1700316264733 0.10821123321123322 0
1700316344644 0.10973748473748474 0
1700316424639 0.11126373626373626 0
1700316504347 0.11278998778998779 0
1700316584155 0.11431623931623931 0
1700316664034 0.11584249084249085 0
1700316743774 0.11736874236874237 0
1700316823594 0.11889499389499389 0
1700316903373 0.12042124542124542 0
1700316983273 0.12194749694749694 0
1700317063138 0.12347374847374848 0
1700317143920 0.125 0
1700317223835 0.12652625152625152 0
1700317303720 0.12805250305250304 0
1700317383555 0.1295787545787546 0
1700317463385 0.1311050061050061 0
1700317543065 0.13263125763125763 0
1700317622926 0.13415750915750915 0
1700317702942 0.13568376068376067 0
1700317782699 0.13721001221001222 0
1700317862484 0.13873626373626374 0
1700317942378 0.14026251526251526 0
1700318022620 0.14178876678876678 0
1700318106512 0.1433150183150183 0
1700318187487 0.14484126984126985 0
1700318267493 0.14636752136752137 0
1700318347285 0.1478937728937729 0
1700318427231 0.14942002442002442 0
1700318506986 0.15094627594627594 0
1700318586753 0.15247252747252749 0
1700318666643 0.153998778998779 0
1700318746466 0.15552503052503053 0
1700318826398 0.15705128205128205 0
1700318906415 0.15857753357753357 0
1700318986372 0.1601037851037851 0
1700319069478 0.16163003663003664 0
1700319149203 0.16315628815628816 0
1700319229031 0.16468253968253968 0
1700319308910 0.1662087912087912 0
1700319388583 0.16773504273504272 0
1700319468325 0.16926129426129427 0
1700319547938 0.1707875457875458 0
1700319627658 0.1723137973137973 0
1700319707474 0.17384004884004883 0
1700319787310 0.17536630036630035 0
1700319867263 0.1768925518925519 0
1700319946982 0.17841880341880342 0
1700320026645 0.17994505494505494 0
1700320106358 0.18147130647130646 0
1700320186049 0.18299755799755799 0
1700320270789 0.18452380952380953 0
1700320354215 0.18605006105006106 0
1700320434365 0.18757631257631258 0
1700320514294 0.1891025641025641 0
1700320594110 0.19062881562881562 0
1700320673942 0.19215506715506717 0
1700320754703 0.1936813186813187 0
1700320834578 0.1952075702075702 0
1700320914493 0.19673382173382173 0
1700320994239 0.19826007326007325 0
1700321074152 0.1997863247863248 0
1700321154158 0.20131257631257632 0
1700321234095 0.20283882783882784 0
1700321314058 0.20436507936507936 0
1700321393956 0.20589133089133088 0
1700321473838 0.20741758241758243 0
1700321553791 0.20894383394383395 0
1700321633922 0.21047008547008547 0
1700321713867 0.211996336996337 0
1700321796334 0.2135225885225885 0
1700321879102 0.21504884004884006 0
1700321958926 0.21657509157509158 0
1700322038810 0.2181013431013431 0
1700322118606 0.21962759462759462 0
1700322198545 0.22115384615384615 0
1700322278543 0.2226800976800977 0
1700322358466 0.22420634920634921 0
1700322438453 0.22573260073260074 0
1700322518413 0.22725885225885226 0
1700322598426 0.22878510378510378 0
1700322678410 0.2303113553113553 0
1700322758573 0.23183760683760685 0
1700322838417 0.23336385836385837 0
1700322918259 0.2348901098901099 0
1700322998306 0.2364163614163614 0
1700323078245 0.23794261294261293 0
1700323158052 0.23946886446886448 0
1700323237923 0.240995115995116 0
1700323317966 0.24252136752136752 0
1700323398826 0.24404761904761904 0
1700323482440 0.24557387057387056 0
1700323563781 0.2471001221001221 0
1700323680849 0.24862637362637363 0
1700323761194 0.25015262515262515 0
1700323841835 0.2516788766788767 0
1700323922228 0.2532051282051282 0
1700324002694 0.2547313797313797 0
1700324083085 0.25625763125763124 0
1700324163504 0.25778388278388276 0
1700324243913 0.25931013431013433 0
1700324324526 0.26083638583638585 0
1700324405667 0.2623626373626374 0
1700324486012 0.2638888888888889 0
1700324566378 0.2654151404151404 0
1700324646764 0.26694139194139194 0
1700324727478 0.26846764346764346 0
1700324807949 0.269993894993895 0
1700324888307 0.2715201465201465 0
1700324968766 0.273046398046398 0
1700325049130 0.2745726495726496 0
1700325129526 0.2760989010989011 0
1700325210174 0.27762515262515264 0
1700325290902 0.27915140415140416 0
1700325371291 0.2806776556776557 0
1700325451861 0.2822039072039072 0
1700325532298 0.2837301587301587 0
1700325612626 0.28525641025641024 0
1700325693065 0.28678266178266176 0
1700325773406 0.2883089133089133 0
1700325856319 0.28983516483516486 0
1700325939637 0.2913614163614164 0
1700326019992 0.2928876678876679 0
1700326100237 0.2944139194139194 0
1700326180418 0.29594017094017094 0
1700326260855 0.29746642246642246 0
1700326341383 0.298992673992674 0
1700326421606 0.3005189255189255 0
1700326502071 0.302045177045177 0
1700326582431 0.30357142857142855 0
1700326662850 0.3050976800976801 0
1700326743275 0.30662393162393164 0
1700326823528 0.30815018315018317 0
1700326903994 0.3096764346764347 0
1700326984527 0.3112026862026862 0
1700327068193 0.31272893772893773 0
1700327150136 0.31425518925518925 0
1700327230595 0.31578144078144077 0
1700327311052 0.3173076923076923 0
1700327391298 0.3188339438339438 0
1700327471706 0.3203601953601954 0
1700327552024 0.3218864468864469 0
1700327632338 0.32341269841269843 0
1700327712681 0.32493894993894995 0
1700327793100 0.32646520146520147 0
1700327873564 0.327991452991453 0
1700327954079 0.3295177045177045 0
1700328035626 0.33104395604395603 0
1700328115953 0.33257020757020755 0
1700328196251 0.3340964590964591 0
1700328276530 0.3356227106227106 0
1700328356938 0.3371489621489622 0
1700328437234 0.3386752136752137 0
1700328517506 0.3402014652014652 0
1700328597975 0.34172771672771673 0
1700328678338 0.34325396825396826 0
1700328758648 0.3447802197802198 0
1700328838968 0.3463064713064713 0
1700328919283 0.3478327228327228 0
1700328999620 0.34935897435897434 0
1700329080090 0.35088522588522586 0
1700329162756 0.35241147741147744 0
1700329246694 0.35393772893772896 0
1700329327033 0.3554639804639805 0
1700329407478 0.356990231990232 0
1700329487600 0.3585164835164835 0
1700329567898 0.36004273504273504 0
1700329648172 0.36156898656898656 0
1700329728415 0.3630952380952381 0
1700329811908 0.3646214896214896 0
1700329892102 0.3661477411477411 0
1700329972555 0.3676739926739927 0
1700330052666 0.3692002442002442 0
1700330133118 0.37072649572649574 0
1700330213418 0.37225274725274726 0
1700330293638 0.3737789987789988 0
1700330373891 0.3753052503052503 0
1700330454107 0.3768315018315018 0
1700330534442 0.37835775335775335 0
1700330614823 0.37988400488400487 0
1700330695090 0.3814102564102564 0
1700330775282 0.38293650793650796 0
1700330857831 0.3844627594627595 0
1700330941481 0.385989010989011 0
1700331021799 0.3875152625152625 0
1700331102015 0.38904151404151405 0
1700331182310 0.39056776556776557 0
1700331262627 0.3920940170940171 0
1700331343055 0.3936202686202686 0
1700331423371 0.39514652014652013 0
1700331503761 0.39667277167277165 0
1700331584368 0.39819902319902317 0
1700331665313 0.39972527472527475 0
1700331745545 0.40125152625152627 0
1700331825594 0.4027777777777778 0
1700331905806 0.4043040293040293 0
1700331985941 0.40583028083028083 0
1700332066226 0.40735653235653235 0
1700332146444 0.4088827838827839 0
1700332226571 0.4104090354090354 0
1700332306685 0.4119352869352869 0
1700332386809 0.41346153846153844 0
1700332466883 0.41498778998779 0
1700332546994 0.41651404151404153 0
1700332627122 0.41804029304029305 0
1700332707380 0.4195665445665446 0
1700332789510 0.4210927960927961 0
1700332873130 0.4226190476190476 0
1700332953361 0.42414529914529914 0
1700333033622 0.42567155067155066 0
1700333113778 0.4271978021978022 0
1700333193906 0.4287240537240537 0
1700333274134 0.4302503052503053 0
1700333354329 0.4317765567765568 0
1700333434473 0.4333028083028083 0
1700333514746 0.43482905982905984 0
1700333595033 0.43635531135531136 0
1700333678840 0.4378815628815629 0
1700333758839 0.4394078144078144 0
1700333839018 0.4409340659340659 0
1700333919284 0.44246031746031744 0
1700333999293 0.44398656898656896 0
1700334079560 0.44551282051282054 0
1700334159618 0.44703907203907206 0
1700334241043 0.4485653235653236 0
1700334324955 0.4500915750915751 0
1700334409411 0.4516178266178266 0
1700334489562 0.45314407814407814 0
1700334569595 0.45467032967032966 0
1700334649887 0.4561965811965812 0
1700334730068 0.4577228327228327 0
1700334810125 0.4592490842490842 0
1700334890296 0.46077533577533575 0
1700334970367 0.4623015873015873 0
1700335050423 0.46382783882783885 0
1700335130581 0.46535409035409037 0
1700335211488 0.4668803418803419 0
1700335291462 0.4684065934065934 0
1700335371512 0.46993284493284493 0
1700335451715 0.47145909645909645 0
1700335531734 0.47298534798534797 0
1700335611822 0.4745115995115995 0
1700335691899 0.476037851037851 0
1700335771963 0.4775641025641026 0
1700335852439 0.4790903540903541 0
1700335932721 0.48061660561660563 0
1700336012738 0.48214285714285715 0
1700336092806 0.48366910866910867 0
1700336172976 0.4851953601953602 0
1700336253322 0.4867216117216117 0
1700336333702 0.48824786324786323 0
1700336414229 0.48977411477411475 0
1700336494363 0.4913003663003663 0
1700336574801 0.49282661782661785 0
1700336656402 0.4943528693528694 0
1700336740756 0.4958791208791209 0
1700336822290 0.4974053724053724 0
1700336950633 0.49893162393162394 0
1700337034198 0.5 0
1700337114585 0.5 0
1700337194948 0.5 0
1700337275434 0.5 0
1700337355996 0.5 0
1700337436386 0.5 0
1700337516653 0.5 0
1700337596858 0.5 0
1700337677236 0.5 0
1700337757946 0.5 0
1700337838606 0.5 0
1700337918900 0.5 0
1700337999294 0.5 0
1700338079747 0.5 0
1700338160036 0.5 0
1700338240413 0.5 0
1700338320683 0.5 0
1700338402105 0.5 0
1700338485973 0.5 0
1700338567043 0.5 0
1700338647392 0.5 0
1700338727608 0.5 0
1700338808111 0.5 0
1700338889125 0.5 0
1700338969407 0.5 0
1700339049920 0.5 0
1700339130436 0.5 0
1700339210796 0.5 0
1700339290907 0.5 0
1700339371065 0.5 0
1700339451581 0.5 0
1700339531881 0.5 0
1700339612187 0.5 0
1700339692472 0.5 0
1700339773212 0.5 0
1700339854131 0.5 0
1700339934666 0.5 0
1700340018243 0.5 0
1700340101508 0.5 0
1700340182201 0.5 0
1700340262380 0.5 0
1700340342471 0.5 0
1700340422520 0.5 0
1700340502828 0.5 0
1700340583092 0.5 0
1700340666736 0.5 0
1700340746906 0.5 0
1700340827170 0.5 0
1700340910727 0.5 0
1700340990803 0.5 0
1700341070962 0.5 0
1700341151337 0.5 0
1700341231788 0.5 0
1700341313258 0.5 0
1700341397249 0.5 0
1700341478649 0.5 0
1700341559016 0.5 0
1700341639220 0.5 0
1700341719593 0.5 0
1700341800130 0.5 0
1700341880521 0.5 0
1700341960845 0.5 0
1700342041196 0.5 0
1700342121757 0.5 0
1700342202091 0.5 0
1700342282395 0.5 0
1700342362716 0.5 0
1700342443486 0.5 0
1700342523883 0.5 0
1700342604157 0.5 0
1700342684460 0.5 0
1700342764491 0.5 0
1700342844700 0.5 0
1700342924889 0.5 0
1700343005095 0.5 0
1700343085388 0.5 0
1700343165895 0.5 0
1700343246237 0.5 0
1700343326551 0.5 0
1700343406725 0.5 0
1700343487265 0.5 0
1700343567792 0.5 0
1700343648369 0.5 0
1700343728641 0.5 0
1700343810198 0.5 0
1700343894233 0.5 0
1700343975128 0.5 0
1700344055707 0.5 0
1700344136304 0.5 0
1700344216548 0.5 0
1700344296612 0.5 0
1700344376787 0.5 0
1700344457065 0.5 0
1700344537285 0.5 0
1700344617510 0.5 0
1700344697913 0.5 0
1700344778324 0.5 0
1700344858639 0.5 0
1700344938903 0.5 0
1700345019497 0.5 0
1700345099937 0.5 0
1700345180323 0.5 0
1700345260653 0.5 0
1700345340952 0.5 0
1700345421294 0.5 0
1700345501999 0.5 0
1700345582189 0.5 0
1700345663993 0.5 0
1700345747724 0.5 0
1700345832097 0.5 0
1700345912649 0.5 0
1700345992988 0.5 0
1700346077565 0.5 0
1700346157684 0.5 0
1700346237762 0.5 0
1700346318088 0.5 0
1700346398292 0.5 0
1700346478840 0.5 0
1700346559196 0.5 0
1700346639634 0.5 0
1700346720031 0.5 0
1700346800489 0.5 0
1700346880748 0.5 0
1700346961161 0.5 0
1700347041400 0.5 0
1700347121608 0.5 0
1700347203185 0.5 0
1700347287247 0.5 0
1700347368744 0.5 0
1700347449080 0.5 0
1700347529432 0.5 0
1700347609743 0.5 0
1700347690097 0.5 0
1700347770232 0.5 0
1700347850703 0.5 0
1700347930910 0.5 0
1700348011317 0.5 0
1700348094873 0.5 0
1700348175138 0.5 0
1700348255521 0.5 0
1700348335797 0.5 0
1700348415897 0.5 0
1700348496110 0.5 0
1700348576585 0.5 0
1700348656945 0.5 0
1700348737129 0.5 0
1700348817301 0.5 0
1700348897723 0.5 0
1700348978307 0.5 0
1700349062241 0.5 0
1700349144648 0.5 0
1700349225024 0.5 0
1700349305489 0.5 0
1700349385843 0.5 0
1700349466224 0.5 0
1700349546656 0.5 0
1700349627117 0.5 0
1700349708469 0.5 0
1700349788716 0.5 0
1700349869108 0.5 0
1700349949392 0.5 0
1700350029689 0.5 0
1700350311118 0.5 0
1700350391445 0.5 0
1700350471889 0.5 0
1700350552333 0.5 0
1700350632665 0.5 0
1700350712801 0.5 0
1700350793187 0.5 0
1700350874221 0.5 0
1700350958137 0.5 0
1700351039702 0.5 0
1700351119992 0.5 0
1700351200396 0.5 0
1700351280824 0.5 0
1700351361184 0.5 0
1700351441616 0.5 0
1700351522036 0.5 0
1700351602221 0.5 0
1700351682625 0.5 0
1700351766308 0.5 0
1700351846663 0.5 0
1700351926940 0.5 0
1700352006879 0.5 0
1700352087292 0.5 0
1700352168311 0.5 0
1700352251974 0.5 0
1700352333453 0.5 0
1700352413976 0.5 0
1700352494514 0.5 0
1700352574832 0.5 0
1700352655132 0.5 0
1700352735394 0.5 0
1700352815771 0.5 0
1700352895940 0.5 0
1700352976232 0.5 0
1700353056369 0.5 0
1700353136646 0.5 0
1700353217046 0.5 0
1700353297963 0.5 0
1700353378132 0.5 0
1700353458488 0.5 0
1700353538886 0.5 0
1700353619197 0.5 0
1700353699293 0.5 0
1700353779629 0.5 0
1700353861557 0.5 0
1700353945990 0.5 0
1700354027311 0.5 0
1700354107499 0.5 0
1700354187718 0.5 0
1700354267885 0.5 0
1700354348093 0.5 0
1700354428609 0.5 0
1700354509104 0.5 0
1700354589416 0.5 0
1700354669831 0.5 0
1700354750386 0.5 0
1700354830988 0.5 0
1700354911308 0.5 0
1700354991808 0.5 0
1700355072088 0.5 0
1700355152390 0.5 0
1700355232657 0.5 0
1700355312940 0.5 0
1700355393389 0.5 0
1700355473578 0.5 0
1700355556992 0.5 0
1700355637353 0.5 0
1700355717435 0.5 0
1700355797680 0.5 0
1700355877940 0.5 0
1700355958178 0.5 0
1700356038512 0.5 0
1700356118874 0.5 0
1700356199428 0.5 0
1700356283471 0.5 0
1700356366587 0.5 0
1700356446792 0.5 0
1700356527246 0.5 0
1700356607677 0.5 0
1700356688025 0.5 0
1700356768324 0.5 0
1700356848665 0.5 0
1700356930166 0.5 0
1700357010557 0.5 0
1700357091089 0.5 0
1700357171449 0.5 0
1700357251694 0.5 0
1700357331977 0.5 0
1700357412212 0.5 0
1700357492404 0.5 0
1700357572592 0.5 0
1700357652890 0.5 0
1700357733297 0.5 0
1700357813446 0.5 0
1700357893819 0.5 0
1700357974036 0.5 0
1700358054462 0.5 0
1700358138490 0.5 0
1700358220893 0.5 0
1700358301500 0.5 0
1700358381872 0.5 0
1700358462141 0.5 0
1700358542488 0.5 0
1700358622734 0.5 0
1700358703272 0.5 0
1700358783337 0.5 0
1700358863416 0.5 0
1700358943734 0.5 0
1700359024167 0.5 0
1700359104287 0.5 0
1700359184494 0.5 0
1700359268679 0.5 0
1700359353666 0.5 0
1700359435693 0.5 0
1700359515940 0.5 0
1700359596206 0.5 0
1700359676424 0.5 0
1700359756740 0.5 0
1700359837185 0.5 0
1700359917609 0.5 0
1700359998195 0.5 0
1700360078607 0.5 0
1700360158952 0.5 0
1700360239436 0.5 0
1700360319840 0.5 0
1700360400188 0.5 0
1700360480337 0.5 0
1700360560981 0.5 0
1700360641301 0.5 0
1700360721515 0.5 0
1700360801841 0.5 0
1700360882365 0.5 0
1700360962708 0.5 0
1700361043025 0.5 0
1700361123232 0.5 0
1700361203416 0.5 0
1700361283732 0.5 0
1700361364212 0.5 0
1700361444597 0.5 0
1700361524801 0.5 0
1700361604950 0.5 0
1700361685240 0.5 0
1700361765560 0.5 0
1700361848122 0.5 0
1700361932179 0.5 0
1700362012496 0.5 0
1700362092796 0.5 0
1700362173194 0.5 0
1700362253528 0.5 0
1700362333640 0.5 0
1700362414022 0.5 0
1700362494324 0.5 0
1700362574653 0.5 0
1700362654893 0.5 0
1700362735153 0.5 0
1700362815573 0.5 0
1700362895821 0.5 0
1700362976053 0.5 0
1700363056501 0.5 0
1700363136795 0.5 0
1700363216916 0.5 0
1700363297244 0.5 0
1700363377717 0.5 0
1700363455116 0.5 0
1700363746200 0.5 0
1700363826721 0.5 0
1700363906917 0.5 0
1700363987151 0.5 0
1700364067586 0.5 0
1700364148948 0.5 0
1700364229218 0.5 0
1700364309641 0.5 0
1700364389821 0.5 0
1700364470050 0.5 0
1700364550491 0.5 0
1700364630819 0.5 0
1700364713174 0.5 0
1700364796711 0.5 0
1700364877236 0.5 0
1700364957800 0.5 0
1700365037998 0.5 0
1700365118401 0.5 0
1700365198856 0.5 0
1700365279128 0.5 0
1700365359482 0.5 0
1700365439627 0.5 0
1700365520072 0.5 0
1700365600613 0.5 0
1700365680896 0.5 0
1700365761488 0.5 0
1700365841758 0.5 0
1700365922097 0.5 0
1700366002497 0.5 0
1700366082788 0.5 0
1700366162916 0.5 0
1700366243347 0.5 0
1700366323706 0.5 0
1700366404400 0.5 0
1700366484645 0.5 0
1700366565274 0.5 0
1700366645685 0.5 0
1700366726001 0.5 0
1700366806523 0.5 0
1700366886800 0.5 0
1700366967092 0.5 0
1700367047270 0.5 0
1700367127538 0.5 0
1700367207945 0.5 0
1700367291719 0.5 0
1700367374872 0.5 0
1700367455212 0.5 0
1700367535511 0.5 0
1700367616000 0.5 0
1700367696394 0.5 0
1700367777393 0.5 0
1700367857633 0.5 0
1700367938076 0.5 0
1700368018994 0.5 0
1700368099403 0.5 0
1700368179414 0.5 0
1700368259552 0.5 0
1700368340741 0.5 0
1700368424520 0.5 0
1700368505596 0.5 0
1700368585808 0.5 0
1700368665989 0.5 0
1700368746300 0.5 0
1700368826617 0.5 0
1700368906989 0.5 0
1700368987289 0.5 0
1700369067848 0.5 0
1700369148305 0.5 0
1700369232189 0.5 0
1700369312513 0.5 0
1700369392897 0.5 0
1700369473185 0.5 0
1700369553257 0.5 0
1700369633632 0.5 0
1700369714193 0.5 0
1700369794488 0.5 0
1700369874807 0.5 0
1700369955189 0.5 0
1700370035467 0.5 0
1700370119389 0.5 0
1700370199948 0.5 0
1700370283794 0.5 0
1700370364349 0.5 0
1700370444773 0.5 0
1700370525520 0.5 0
1700370609911 0.5 0
1700370691944 0.5 0
1700370772036 0.5 0
1700370852447 0.5 0
1700370932753 0.5 0
1700371012980 0.5 0
1700371093225 0.5 0
1700371173357 0.5 0
1700371253614 0.5 0
1700371333953 0.5 0
1700371415068 0.5 0
1700371495106 0.5 0
1700371575225 0.5 0
1700371655462 0.5 0
1700371735401 0.5 0
1700371815416 0.5 0
1700371895521 0.5 0
1700371975477 0.5 0
1700372055625 0.5 0
1700372135741 0.5 0
1700372215862 0.5 0
1700372296022 0.5 0
1700372377137 0.5 0
1700372460753 0.5 0
1700372542473 0.5 0
1700372622752 0.5 0
1700372702876 0.5 0
1700372782920 0.5 0
1700372863018 0.5 0
1700372943203 0.5 0
1700373023285 0.5 0
1700373103521 0.5 0
1700373183577 0.5 0
1700373263782 0.5 0
1700373343960 0.5 0
1700373424228 0.5 0
1700373504389 0.5 0
1700373584601 0.5 0
1700373664797 0.5 0
1700373744881 0.5 0
1700373826322 0.5 0
1700373910019 0.5 0
1700373990845 0.5 0
1700374071203 0.5 0
1700374151273 0.5 0
1700374231277 0.5 0
1700374311309 0.5 0
1700374391437 0.5 0
1700374471542 0.5 0
1700374551443 0.5 0
1700374631437 0.5 0
1700374711454 0.5 0
1700374791573 0.5 0
1700374871809 0.5 0
1700374952005 0.5 0
1700375033288 0.5 0
1700375113441 0.5 0
1700375193624 0.5 0
1700375273669 0.5 0
1700375353717 0.5 0
1700375433915 0.5 0
1700375514056 0.5 0
1700375594185 0.5 0
1700375674114 0.5 0
1700375754225 0.5 0
1700375834489 0.5 0
1700375915439 0.5 0
1700375999395 0.5 0
1700376080778 0.5 0
1700376160849 0.5 0
1700376240924 0.5 0
1700376321116 0.5 0
1700376401405 0.5 0
1700376481413 0.5 0
1700376561642 0.5 0
1700376641953 0.5 0
1700376722145 0.5 0
1700376802249 0.5 0
