1701002065430 7.2375 0
1701002105690 7.9181640625 0
1701002150306 4.4474609375 0
1701002199674 4.1736328125 0
1701002247876 4.8353515625 0
1701002296140 18.7447265625 0
1701002341232 8.2552734375 0
1701002385865 4.9689453125 0
1701002430637 4.720703125 0
1701002475222 27.2287109375 0
1701002519957 17.783203125 0
1701002566793 8.391796875 0
1701002611897 7.370703125 0
1701002656793 5.0666015625 0
1701002701623 14.87578125 0
1701002746838 7.9375 0
1701002792353 5.1296875 0
1701002837369 4.73515625 0
1701002883298 12.82265625 0
1701002928277 4.9140625 0
1701002973162 13.325390625 0
1701003017722 12.635546875 0
1701003062493 5.1140625 0
1701003107260 5.452734375 0
1701003151901 6.9654296875 0
1701003196706 4.9373046875 0
1701003241201 5.5078125 0
1701003285773 4.727734375 0
1701003330466 7.117578125 0
1701003375021 4.7576171875 0
1701003419782 5.58125 0
1701003464981 35.00078125 0
1701003509989 5.834765625 0
1701003554603 9.8923828125 0
1701003599807 4.7412109375 0
1701003645096 4.4544921875 0
1701003690057 45.7427734375 0
1701003734845 5.237890625 0
1701003780149 12.3041015625 0
1701003825057 4.9662109375 0
1701003869797 5.823046875 0
1701003914510 43.716796875 0
1701003959186 5.801953125 0
1701004003741 5.788671875 0
1701004048405 4.576953125 0
1701004093052 5.826171875 0
1701004138492 7.193359375 0
1701004185858 11.427734375 0
1701004234318 5.3953125 0
1701004281936 15.122265625 0
1701004326443 42.3625 0
1701004370917 5.136328125 0
1701004415662 5.839453125 0
1701004460404 8.845703125 0
1701004505058 6.819140625 0
1701004549754 5.2203125 0
1701004594685 9.5421875 0
1701004639345 5.375 0
1701004683865 4.98828125 0
1701004728594 5.339453125 0
1701004773209 12.790234375 0
1701004817745 6.303515625 0
1701004862856 6.3828125 0
1701004907800 5.40859375 0
1701004952529 44.340625 0
1701004997224 5.321875 0
1701005041996 4.925390625 0
1701005086593 5.48359375 0
1701005131261 5.58359375 0
1701005175881 42.103515625 0
1701005220686 5.9078125 0
1701005265165 5.8828125 0
1701005309652 13.2546875 0
1701005353986 5.625 0
1701005398481 11.646875 0
1701005443746 5.498828125 0
1701005489081 6.665234375 0
1701005533996 6.111328125 0
1701005578783 5.52421875 0
1701005623526 12.43828125 0
1701005668885 5.884375 0
1701005716247 7.964453125 0
1701005764478 5.869921875 0
1701005812465 8.21484375 0
1701005857374 8.62890625 0
1701005901781 8.6515625 0
1701005946240 7.314453125 0
1701005990769 17.954296875 0
1701006035388 7.32734375 0
1701006080337 7.09765625 0
1701006125044 15.19375 0
1701006169813 8.88125 0
1701006215254 14.76171875 0
1701006260229 16.17421875 0
1701006305025 13.93515625 0
1701006349666 10.88359375 0
1701006394270 11.09296875 0
1701006439181 16.13828125 0
1701006483844 9.615625 0
1701006528809 10.0109375 0
1701006573348 10.1515625 0
1701006618030 11.13125 0
1701006662677 21.140625 0
1701006707269 18.87734375 0
1701006751829 12.85625 0
1701006796666 14.74921875 0
1701006841201 15.6375 0
1701006885861 48.2046875 0
1701006930521 14.31953125 0
1701006975415 13.5296875 0
1701007020533 13.58046875 0
1701007065090 13.71328125 0
1701007109489 14.5765625 0
1701007154217 20.5109375 0
1701007198835 17.89921875 0
1701007243526 23.64609375 0
1701007288181 17.971875 0
1701007332903 19.95390625 0
1701007377601 23.66171875 0
1701007422259 19.12421875 0
1701007467570 20.32421875 0
1701007512629 18.58984375 0
1701007557365 54.38203125 0
1701007601998 18.67265625 0
1701007646665 20.1546875 0
1701007691404 17.8890625 0
1701007736640 24.72109375 0
1701007781656 18.003125 0
1701007826311 19.5359375 0
1701007873491 27.6546875 0
1701007921224 18.6203125 0
1701007969578 21.553125 0
1701008015005 20.6453125 0
1701008100005 20.134375 0
1701008145081 21.4203125 0
1701008190418 18.4515625 0
1701008235158 19.065625 0
1701008279805 26.403125 0
1701008324628 47.1390625 0
1701008369457 20.8296875 0
1701008414251 20.8953125 0
1701008458884 27.225 0
1701008503553 21.884375 0
1701008548409 46.571875 0
1701008593214 26.1125 0
1701008638038 21.7625 0
1701008682609 22.2625 0
1701008727384 22.6390625 0
1701008772050 28.675 0
1701008816695 23.5328125 0
1701008861473 25.0828125 0
1701008906147 23.7484375 0
1701008950997 23.6296875 0
1701008995990 29.2296875 0
1701009040625 24.46875 0
1701009085501 30.8375 0
1701009130263 23.840625 0
1701009174762 24.5578125 0
1701009219393 23.675 0
1701009264069 26.4546875 0
1701009308646 23.88125 0
1701009353441 26.3453125 0
1701009400210 31.9125 0
1701009448210 24.4 0
1701009497059 26.475 0
1701009544136 25.071875 0
1701009589108 25.6296875 0
1701009633881 26.2171875 0
1701009678565 27.5015625 0
1701009723157 27.0375 0
1701009768133 27.0234375 0
1701009813025 26.153125 0
1701009857921 29.615625 0
1701009902468 29.0578125 0
1701009947159 26.3578125 0
1701009991845 32.41875 0
1701010036629 27.0453125 0
1701010081289 34.059375 0
1701010126067 25.9515625 0
1701010170773 27.4421875 0
1701010215337 28.7484375 0
1701010259921 29.4171875 0
1701010304722 31.0125 0
1701010349488 28.271875 0
1701010393987 35.140625 0
1701010438663 29.6625 0
1701010483452 27.3359375 0
1701010527987 28.584375 0
1701010572701 29.128125 0
1701010617275 32.5875 0
1701010662009 28.1390625 0
1701010706742 30.834375 0
1701010751669 33.8625 0
1701010796481 27.696875 0
1701010841914 29.5921875 0
1701010887026 30.646875 0
1701010931845 29.165625 0
1701010976475 30.8640625 0
1701011021288 32.4078125 0
1701011065944 37.796875 0
1701011110926 31.0734375 0
1701011155869 31.0171875 0
1701011200771 31.1078125 0
1701011245589 31.734375 0
1701011290137 33.4984375 0
1701011334941 30.30625 0
1701011379937 30.91875 0
1701011424889 30.6171875 0
1701011469699 30.828125 0
1701011515708 34.35625 0
1701011564795 31.8296875 0
1701011613476 32.475 0
1701011659638 32.1046875 0
1701011704345 31.5953125 0
1701011749033 32.48125 0
1701011794227 36.2671875 0
1701011839273 31.6109375 0
1701011883825 32.7953125 0
1701011928357 31.584375 0
1701011973052 33.19375 0
1701012017785 33.340625 0
1701012062485 36.23125 0
1701012107419 35.2671875 0
1701012152048 32.5984375 0
1701012196968 33.925 0
1701012241828 33.09375 0
1701012286545 33.3171875 0
1701012331129 34.059375 0
1701012375920 32.86875 0
1701012420550 34.384375 0
1701012465220 39.353125 0
1701012510063 33.0890625 0
1701012555113 33.175 0
1701012599797 35.8921875 0
1701012644472 34.0109375 0
1701012689709 34.78125 0
1701012734421 36.709375 0
1701012779212 34.50625 0
1701012824567 35.8125 0
1701012869946 35.19375 0
1701012914873 58.7953125 0
1701012959705 35.09375 0
1701013004371 35.6421875 0
1701013048965 35.15 0
1701013094406 36.903125 0
1701013139481 35.8875 0
1701013184263 36.496875 0
1701013229036 34.74375 0
1701013275846 36.034375 0
1701013324027 37.171875 0
1701013373100 36.284375 0
1701013419409 36.390625 0
1701013464089 38.746875 0
1701013508781 35.540625 0
1701013553315 41.73125 0
1701013598001 36.4875 0
1701013642801 35.11875 0
1701013687558 38.56875 0
1701013732109 40.509375 0
1701013776786 36.03125 0
1701013821678 37.45 0
1701013866204 36.95 0
1701013910776 36.9625 0
1701013955424 37.428125 0
1701014000065 37.94375 0
1701014045004 37.059375 0
1701014090089 39.025 0
1701014175871 38.915625 0
1701014220837 37.015625 0
1701014265577 40.06875 0
1701014310317 38.625 0
1701014354882 39.8125 0
1701014399898 45.00625 0
1701014444966 43.71875 0
1701014489710 37.159375 0
1701014534292 40.80625 0
1701014578930 39.725 0
1701014623917 38.753125 0
1701014668616 37.709375 0
1701014713209 38.203125 0
1701014757970 38.69375 0
1701014802581 38.925 0
1701014847181 38.43125 0
1701014891866 40.547265625 0
1701014936717 37.8125 0
1701014981504 39.103125 0
1701015026140 46.403125 0
1701015070772 45.225 0
1701015115496 38.475 0
1701015162599 44.078125 0
1701015210765 38.46875 0
1701015259703 38.23125 0
1701015305445 38.334375 0
1701015351191 40.4375 0
1701015396566 39.884375 0
1701015441729 40.05 0
1701015486273 39.934375 0
1701015531023 39.603125 0
1701015575882 44.7375 0
1701015620609 40.1375 0
1701015665429 40.68125 0
1701015710173 45.725 0
1701015754869 39.5875 0
1701015799317 39.571875 0
1701015843966 41.915625 0
1701015888545 40.9875 0
1701015933222 41.840625 0
1701015978269 46.5625 0
1701016022915 40.38125 0
1701016067565 42.18125 0
1701016112105 43.646875 0
1701016156788 41.840625 0
1701016201365 54.45 0
1701016246077 40.54375 0
1701016290569 43.6625 0
1701016335244 45.6 0
1701016379878 41.128125 0
1701016424401 43.596875 0
1701016469096 39.9125 0
1701016513644 41.99375 0
1701016558208 42.75 0
1701016603065 42.346875 0
1701016647941 51.95 0
1701016692633 41.053125 0
1701016739373 40.628125 0
1701016788361 51.571875 0
1701016837061 42.48125 0
1701016883398 41.80625 0
1701016928617 45.778125 0
1701016973335 43.209375 0
1701017018017 65.16875 0
1701017062585 42.13125 0
1701017107193 42.625 0
1701017151673 43.065625 0
1701017196301 50.0625 0
1701017241155 42.76875 0
1701017285661 41.959375 0
1701017330425 43.44375 0
1701017375282 42.828125 0
1701017420381 42.475 0
1701017465149 42.659375 0
1701017509794 50.4125 0
1701017554452 42.409375 0
1701017599129 42.540625 0
1701017643713 42.54375 0
1701017688856 42.640625 0
1701017734082 42.4125 0
1701017778905 43.7875 0
1701017823669 43.440625 0
1701017868485 43.80625 0
1701017913349 47.628125 0
1701017958077 42.953125 0
1701018002993 45.18125 0
1701018047858 43.7375 0
1701018092720 48.3625 0
1701018137534 43.14375 0
1701018182513 44.40625 0
1701018227401 46.75 0
1701018272384 44.690625 0
1701018317322 49.2625 0
1701018361933 45.359375 0
1701018406849 42.775 0
1701018451642 47.05 0
1701018496685 44.24375 0
1701018541681 48.21875 0
1701018586821 43.48125 0
1701018631781 49.2875 0
1701018676790 43.98125 0
1701018721770 46.796875 0
1701018766817 45.275 0
1701018811749 50.78125 0
1701018856729 45.146875 0
1701018901999 46.7125 0
1701018950277 50.165625 0
1701018999802 70.9125 0
1701019047677 44.84375 0
1701019092745 47.2 0
1701019137633 70.29375 0
1701019182494 49.75625 0
1701019227202 54.0 0
1701019272230 46.621875 0
1701019317185 45.35 0
1701019361877 53.171875 0
1701019406697 45.353125 0
1701019451721 46.621875 0
1701019496601 49.884375 0
1701019541333 45.96875 0
1701019586225 46.54375 0
1701019631349 47.875 0
1701019676381 46.43125 0
1701019721177 46.571875 0
1701019766088 46.0125 0
1701019810877 46.89375 0
1701019855825 49.496875 0
1701019900577 47.225 0
1701019945486 48.0375 0
1701019990561 47.91875 0
1701020035485 50.4875 0
1701020081781 47.975 0
1701020131276 46.971875 0
1701020219481 46.346875 0
1701020265314 47.253125 0
1701020310383 47.015625 0
1701020355213 47.953125 0
1701020399754 46.684375 0
1701020444794 48.66875 0
1701020489534 47.49375 0
1701020534581 46.453125 0
1701020579490 49.665625 0
1701020624325 48.5375 0
1701020669146 46.5625 0
1701020714030 47.209375 0
1701020759056 48.625 0
1701020804053 63.384375 0
1701020849048 48.265625 0
1701020894114 47.209375 0
1701020938885 47.7375 0
1701020983781 48.321875 0
1701021028810 46.453125 0
1701021073682 48.6875 0
1701021118730 49.634375 0
1701021163432 48.315625 0
1701021208249 48.865625 0
1701021253116 52.53125 0
1701021297935 48.534375 0
1701021342609 48.875 0
1701021387342 51.825 0
1701021432014 47.5625 0
1701021476636 48.846875 0
1701021521346 47.925 0
1701021566139 49.721875 0
1701021611040 47.125 0
1701021656022 49.921875 0
1701021700821 48.584375 0
1701021745442 49.3 0
1701021790058 49.275 0
1701021834850 48.29375 0
1701021879924 50.146875 0
1701021924923 49.81875 0
1701021969537 48.790625 0
1701022014294 47.125 0
1701022058950 52.1625 0
1701022103909 49.03125 0
1701022148672 50.803125 0
1701022193358 49.440625 0
1701022238377 48.071875 0
1701022283142 56.084375 0
1701022327686 49.228125 0
1701022372213 50.86875 0
1701022416753 49.175 0
1701022463969 48.1375 0
1701022511669 49.8125 0
1701022559560 48.66875 0
1701022604418 49.915625 0
1701022649579 47.965625 0
1701022694217 49.5125 0
1701022738886 48.725 0
1701022783375 49.984375 0
1701022828008 53.3375 0
1701022872602 55.3875 0
1701022917101 49.165625 0
1701022962812 51.2875 0
1701023008129 50.134375 0
1701023053654 52.334375 0
1701023098913 56.503125 0
1701023144176 50.234375 0
1701023189862 49.446875 0
1701023234947 50.26875 0
1701023279932 51.24375 0
1701023324716 50.046875 0
1701023369829 62.88125 0
1701023415060 49.753125 0
1701023460138 49.3 0
1701023504791 50.578125 0
1701023549536 51.30625 0
1701023594844 48.790625 0
1701023639893 50.359375 0
1701023684997 56.453125 0
1701023730169 57.103125 0
1701023775597 51.9875 0
1701023820649 52.859375 0
1701023865234 50.1625 0
1701023910083 54.9125 0
1701023955137 51.440625 0
1701023999744 51.296875 0
1701024044521 53.996875 0
1701024089132 51.309375 0
1701024135171 50.134375 0
1701024183019 53.665625 0
1701024231130 52.046875 0
1701024278888 51.20625 0
1701024323422 51.571875 0
1701024367802 50.89375 0
1701024412535 50.228125 0
1701024457167 52.2125 0
1701024501891 51.21875 0
1701024546693 52.046875 0
1701024591434 53.721875 0
1701024636135 57.628125 0
1701024680666 51.396875 0
1701024725252 55.49375 0
1701024769902 52.0875 0
1701024814297 51.640625 0
1701024859066 68.1125 0
1701024904325 52.0 0
1701024949283 55.821875 0
1701024993985 53.46875 0
1701025038576 54.478125 0
1701025083234 55.11875 0
1701025127912 50.534375 0
1701025172810 75.79375 0
1701025217807 57.88125 0
1701025262552 52.134375 0
1701025307183 51.409375 0
1701025351779 54.596875 0
1701025396502 54.43125 0
1701025441358 50.875 0
1701025486136 52.625 0
1701025530788 51.540625 0
1701025575496 56.509375 0
1701025620191 54.63125 0
1701025664816 53.675 0
1701025709449 51.603125 0
1701025753989 52.459375 0
1701025798637 52.60625 0
1701025843249 55.85 0
1701025887929 55.409375 0
1701025932589 52.8 0
1701025977105 54.125 0
1701026022714 52.95 0
1701026071037 58.9625 0
1701026118821 52.865625 0
1701026166250 54.6625 0
1701026262822 78.415625 0
1701026308013 54.80625 0
1701026352656 58.36875 0
1701026397299 52.684375 0
1701026442422 53.034375 0
1701026487081 55.2375 0
1701026531744 52.996875 0
1701026576325 75.278125 0
1701026620919 56.59375 0
1701026665656 52.55 0
1701026710269 52.6625 0
1701026754853 62.29375 0
1701026799550 57.265625 0
1701026844144 53.034375 0
1701026888772 53.825 0
1701026933362 55.553125 0
1701026978145 52.965625 0
1701027022857 58.2375 0
1701027067527 52.671875 0
1701027112451 62.475 0
1701027157360 53.803125 0
1701027202016 51.8875 0
1701027246649 54.965625 0
1701027291449 51.76875 0
1701027336089 54.0125 0
1701027381126 55.6875 0
1701027426863 54.48125 0
1701027471965 54.046875 0
1701027516578 68.10625 0
1701027561176 52.309375 0
1701027605852 56.134375 0
1701027650485 53.8 0
1701027695082 54.09375 0
1701027739750 56.0875 0
1701027786899 54.23125 0
1701027835360 59.71875 0
1701027883529 55.50625 0
1701027928765 54.803125 0
1701027973079 55.140625 0
1701028017794 54.25625 0
1701028062942 52.78125 0
1701028107545 53.4875 0
1701028152403 54.453125 0
1701028197008 64.76875 0
1701028241774 55.4375 0
1701028286643 55.29375 0
1701028331259 52.86875 0
1701028375923 53.8375 0
1701028420561 53.671875 0
1701028465260 53.315625 0
1701028509851 55.740625 0
1701028554672 55.175 0
1701028599405 57.571875 0
1701028643955 60.159375 0
1701028688782 54.88125 0
1701028733469 60.428125 0
1701028778095 58.190625 0
1701028822757 64.275 0
1701028867404 58.271875 0
1701028912217 56.803125 0
1701028956901 56.746875 0
1701029003602 61.390625 0
1701029052017 53.74375 0
1701029100379 54.24375 0
1701029146052 61.753125 0
1701029190684 54.259375 0
1701029236081 59.703125 0
1701029281290 56.696875 0
1701029326685 54.765625 0
1701029371694 58.79375 0
1701029416448 62.5 0
1701029461066 61.33125 0
1701029505745 55.809375 0
1701029550328 55.353125 0
1701029594978 57.715625 0
1701029639844 56.328125 0
1701029684456 54.1 0
1701029729162 55.346875 0
1701029773805 60.0625 0
1701029818443 55.371875 0
1701029863138 56.684375 0
1701029907836 59.9875 0
1701029952322 55.50625 0
1701029996888 52.8625 0
1701030041568 58.80625 0
1701030086297 54.253125 0
1701030131134 53.753125 0
1701030176001 58.071875 0
1701030220688 53.909375 0
1701030265428 52.965625 0
1701030310271 53.840625 0
1701030355269 60.55625 0
1701030400453 52.51875 0
1701030445539 58.35 0
1701030490897 52.84375 0
1701030535913 51.8125 0
1701030580882 59.93125 0
1701030625509 50.846875 0
1701030669915 52.890625 0
1701030714501 52.503125 0
1701030759085 66.66875 0
1701030803529 51.01875 0
1701030848294 58.478125 0
1701030892845 54.25625 0
1701030937578 52.115625 0
1701030982555 52.721875 0
1701031027414 50.284375 0
1701031072277 53.4625 0
1701031116885 52.184375 0
1701031161576 50.403125 0
1701031206453 51.4 0
1701031251157 53.2375 0
1701031295821 49.94375 0
1701031341002 50.365625 0
1701031388530 49.628125 0
1701031437332 49.59375 0
1701031484651 51.5875 0
1701031529489 49.38125 0
1701031574253 77.825 0
1701031619209 51.9125 0
1701031663828 50.853125 0
1701031708609 52.24375 0
1701031753129 51.265625 0
1701031797716 49.21875 0
1701031842333 48.8375 0
1701031887024 51.79375 0
1701031931553 49.26875 0
1701031976213 52.01875 0
1701032020892 52.003125 0
1701032065597 47.434375 0
1701032110753 48.315625 0
1701032155715 49.371875 0
1701032200329 49.396875 0
