1701002065434 0.0013113617897033691 0
1701002105694 0.004032492637634277 0
1701002150310 0.004140913486480713 0
1701002199678 0.004223465919494629 0
1701002247879 0.004292845726013184 0
1701002296144 0.004881680011749268 0
1701002341236 0.005269289016723633 0
1701002385869 0.005278289318084717 0
1701002430641 0.0051850080490112305 0
1701002475226 0.005164921283721924 0
1701002519961 0.0052343010902404785 0
1701002566796 0.005314171314239502 0
1701002611901 0.0053681135177612305 0
1701002656797 0.005388319492340088 0
1701002701627 0.005411624908447266 0
1701002746842 0.005435585975646973 0
1701002792357 0.0054645538330078125 0
1701002837373 0.005486190319061279 0
1701002883302 0.005501389503479004 0
1701002928281 0.005552709102630615 0
1701002973165 0.005639433860778809 0
1701003017726 0.005761563777923584 0
1701003062497 0.005834698677062988 0
1701003107264 0.0058484673500061035 0
1701003151904 0.00587773323059082 0
1701003196710 0.0059317946434021 0
1701003241204 0.005962550640106201 0
1701003285777 0.006106734275817871 0
1701003330470 0.006072044372558594 0
1701003375024 0.006163299083709717 0
1701003419785 0.006196558475494385 0
1701003464985 0.006359219551086426 0
1701003509993 0.006757378578186035 0
1701003554607 0.007328331470489502 0
1701003599810 0.007223904132843018 0
1701003645100 0.007334113121032715 0
1701003690061 0.008197188377380371 0
1701003734849 0.008615612983703613 0
1701003780153 0.00878763198852539 0
1701003825061 0.008518517017364502 0
1701003869801 0.00857478380203247 0
1701003914514 0.008706867694854736 0
1701003959190 0.009521305561065674 0
1701004003745 0.009974479675292969 0
1701004048409 0.010501384735107422 0
1701004093055 0.010264098644256592 0
1701004138495 0.010743677616119385 0
1701004185862 0.011525869369506836 0
1701004234322 0.01187986135482788 0
1701004281940 0.012647688388824463 0
1701004326447 0.013697385787963867 0
1701004370921 0.014684021472930908 0
1701004415665 0.015369892120361328 0
1701004460408 0.016168296337127686 0
1701004505061 0.016543030738830566 0
1701004549758 0.016651451587677002 0
1701004594688 0.016513586044311523 0
1701004639348 0.016805827617645264 0
1701004683868 0.017676949501037598 0
1701004728598 0.018573880195617676 0
1701004773213 0.019282042980194092 0
1701004817749 0.019683361053466797 0
1701004862860 0.020160973072052002 0
1701004907804 0.020800352096557617 0
1701004952533 0.021627724170684814 0
1701004997227 0.022571802139282227 0
1701005042000 0.023514091968536377 0
1701005086597 0.023832499980926514 0
1701005131265 0.024328649044036865 0
1701005175885 0.0251731276512146 0
1701005220689 0.02597576379776001 0
1701005265168 0.026655912399291992 0
1701005309656 0.027095019817352295 0
1701005353989 0.027517974376678467 0
1701005398484 0.02824985980987549 0
1701005443750 0.029249131679534912 0
1701005489086 0.03023630380630493 0
1701005533999 0.031183958053588867 0
1701005578787 0.032024502754211426 0
1701005623530 0.03405493497848511 0
1701005668888 0.036283791065216064 0
1701005716251 0.03768050670623779 0
1701005764482 0.03942161798477173 0
1701005812468 0.0412256121635437 0
1701005857378 0.043557584285736084 0
1701005901785 0.045955657958984375 0
1701005946243 0.04858958721160889 0
1701005990773 0.051416754722595215 0
1701006035392 0.054234325885772705 0
1701006080340 0.0570560097694397 0
1701006125048 0.06069844961166382 0
1701006169817 0.0639638900756836 0
1701006215258 0.06713122129440308 0
1701006260233 0.07041400671005249 0
1701006305029 0.07391774654388428 0
1701006349670 0.07724475860595703 0
1701006394273 0.08096945285797119 0
1701006439185 0.08480829000473022 0
1701006483848 0.08866012096405029 0
1701006528813 0.09211546182632446 0
1701006573352 0.09545928239822388 0
1701006618033 0.09902316331863403 0
1701006662681 0.10325479507446289 0
1701006707273 0.10683667659759521 0
1701006751833 0.11024528741836548 0
1701006796670 0.11314398050308228 0
1701006841205 0.11599302291870117 0
1701006885864 0.11928212642669678 0
1701006930525 0.12305527925491333 0
1701006975419 0.12630373239517212 0
1701007020536 0.12982618808746338 0
1701007065094 0.133569598197937 0
1701007109493 0.13671660423278809 0
1701007154220 0.13983243703842163 0
1701007198839 0.14262902736663818 0
1701007243530 0.146234393119812 0
1701007288185 0.14977294206619263 0
1701007332906 0.15253323316574097 0
1701007377605 0.1552734375 0
1701007422263 0.15827983617782593 0
1701007467574 0.16139119863510132 0
1701007512633 0.16377484798431396 0
1701007557368 0.16676181554794312 0
1701007602001 0.16933268308639526 0
1701007646668 0.17237305641174316 0
1701007691408 0.17612671852111816 0
1701007736643 0.17963331937789917 0
1701007781659 0.18223166465759277 0
1701007826315 0.18534988164901733 0
1701007873494 0.18856710195541382 0
1701007921228 0.19122004508972168 0
1701007969581 0.19358336925506592 0
1701008015009 0.19612634181976318 0
1701008100008 0.19858849048614502 0
1701008145085 0.20135658979415894 0
1701008190421 0.20409303903579712 0
1701008235162 0.2068004012107849 0
1701008279808 0.2098689079284668 0
1701008324631 0.2124173641204834 0
1701008369461 0.21524298191070557 0
1701008414254 0.21778005361557007 0
1701008458888 0.22067993879318237 0
1701008503557 0.2232133150100708 0
1701008548413 0.22569501399993896 0
1701008593217 0.22850525379180908 0
1701008638041 0.2309311032295227 0
1701008682613 0.2332392930984497 0
1701008727388 0.2357916235923767 0
1701008772054 0.23766154050827026 0
1701008816699 0.23966890573501587 0
1701008861476 0.24150431156158447 0
1701008906151 0.2434711456298828 0
1701008951001 0.24546265602111816 0
1701008995993 0.24750304222106934 0
1701009040629 0.2496625781059265 0
1701009085504 0.2518397569656372 0
1701009130266 0.2538663148880005 0
1701009174766 0.25629866123199463 0
1701009219396 0.25864464044570923 0
1701009264073 0.2607283592224121 0
1701009308650 0.2626778483390808 0
1701009353445 0.26449286937713623 0
1701009400214 0.2663757801055908 0
1701009448213 0.2681983709335327 0
1701009497062 0.2698993682861328 0
1701009544139 0.2717705965042114 0
1701009589112 0.2735496759414673 0
1701009633885 0.27514874935150146 0
1701009678569 0.2771565318107605 0
1701009723161 0.2789073586463928 0
1701009768137 0.28098922967910767 0
1701009813029 0.282779335975647 0
1701009857925 0.28430110216140747 0
1701009902471 0.28575748205184937 0
1701009947163 0.2874748110771179 0
1701009991849 0.2890893816947937 0
1701010036633 0.2907371520996094 0
1701010081293 0.29219740629196167 0
1701010126071 0.2940215468406677 0
1701010170776 0.29583650827407837 0
1701010215341 0.2975172996520996 0
1701010259925 0.2989102005958557 0
1701010304726 0.30070018768310547 0
1701010349491 0.3027232885360718 0
1701010393991 0.30440962314605713 0
1701010438667 0.3055790066719055 0
1701010483455 0.3067423701286316 0
1701010527991 0.3080030083656311 0
1701010572704 0.309326171875 0
1701010617279 0.3105963468551636 0
1701010662013 0.3119574785232544 0
1701010706745 0.3134753108024597 0
1701010751673 0.3150739073753357 0
1701010796485 0.31676924228668213 0
1701010841917 0.3181913495063782 0
1701010887030 0.3194735050201416 0
1701010931849 0.32078874111175537 0
1701010976478 0.3221452832221985 0
1701011021291 0.3238673806190491 0
1701011065948 0.3254789710044861 0
1701011110929 0.3268383741378784 0
1701011155873 0.32824522256851196 0
1701011200774 0.3299752473831177 0
1701011245593 0.3314082622528076 0
1701011290141 0.3328615427017212 0
1701011334945 0.3343186378479004 0
1701011379941 0.3354528546333313 0
1701011424893 0.3366812467575073 0
1701011469703 0.3378363847732544 0
1701011515711 0.3388451933860779 0
1701011564798 0.34005534648895264 0
1701011613479 0.34125155210494995 0
1701011659641 0.3424443006515503 0
1701011704349 0.3436749577522278 0
1701011749037 0.3451019525527954 0
1701011794231 0.3465355634689331 0
1701011839277 0.347786545753479 0
1701011883828 0.34905290603637695 0
1701011928361 0.3501873016357422 0
1701011973056 0.35123002529144287 0
1701012017789 0.3522506356239319 0
1701012062489 0.353334903717041 0
1701012107422 0.3544326424598694 0
1701012152052 0.35567325353622437 0
1701012196972 0.3568226099014282 0
1701012241831 0.3579484224319458 0
1701012286549 0.3589437007904053 0
1701012331133 0.3600394129753113 0
1701012375924 0.3613026738166809 0
1701012420554 0.36231493949890137 0
1701012465224 0.3632493019104004 0
1701012510067 0.3643763065338135 0
1701012555117 0.36569827795028687 0
1701012599801 0.366974413394928 0
1701012644476 0.36796069145202637 0
1701012689712 0.36893749237060547 0
1701012734424 0.36991041898727417 0
1701012779215 0.37090426683425903 0
1701012824571 0.37184613943099976 0
1701012869950 0.37291419506073 0
1701012914877 0.3742055296897888 0
1701012959709 0.3753749132156372 0
1701013004375 0.37674427032470703 0
1701013048968 0.3778388500213623 0
1701013094410 0.37889134883880615 0
1701013139485 0.37988483905792236 0
1701013184267 0.3808630108833313 0
1701013229039 0.3818807601928711 0
1701013275849 0.3828497529029846 0
1701013324031 0.3840360641479492 0
1701013373104 0.38537460565567017 0
1701013419413 0.3865509629249573 0
1701013464093 0.38758385181427 0
1701013508785 0.3885694742202759 0
1701013553319 0.3895644545555115 0
1701013598004 0.390749454498291 0
1701013642805 0.3917320966720581 0
1701013687561 0.3927064538002014 0
1701013732113 0.39380156993865967 0
1701013776789 0.39492201805114746 0
1701013821681 0.39570683240890503 0
1701013866208 0.3964804410934448 0
1701013910779 0.3973156809806824 0
1701013955428 0.3982604146003723 0
1701014000068 0.3992078900337219 0
1701014045007 0.400002658367157 0
1701014090093 0.400876522064209 0
1701014175875 0.4017642140388489 0
1701014220841 0.4026842713356018 0
1701014265581 0.40343761444091797 0
1701014310320 0.40419280529022217 0
1701014354885 0.40513110160827637 0
1701014399901 0.4058939218521118 0
1701014444969 0.4066699147224426 0
1701014489714 0.4075448513031006 0
1701014534295 0.40840739011764526 0
1701014578933 0.4092841148376465 0
1701014623921 0.4100072979927063 0
1701014668619 0.41077500581741333 0
1701014713213 0.4117034077644348 0
1701014757973 0.41246384382247925 0
1701014802585 0.41326379776000977 0
1701014847184 0.4140944480895996 0
1701014891869 0.4150084853172302 0
1701014936720 0.4159998893737793 0
1701014981508 0.41683465242385864 0
1701015026144 0.4175350069999695 0
1701015070776 0.41842806339263916 0
1701015115500 0.4192620515823364 0
1701015162603 0.4200097322463989 0
1701015210768 0.4206926226615906 0
1701015259707 0.4214017987251282 0
1701015305449 0.4222123622894287 0
1701015351196 0.4228616952896118 0
1701015396570 0.42349231243133545 0
1701015441733 0.42421597242355347 0
1701015486277 0.42490261793136597 0
1701015531026 0.4255249500274658 0
1701015575886 0.4261532425880432 0
1701015620612 0.4268423914909363 0
1701015665433 0.4275408983230591 0
1701015710178 0.4282342195510864 0
1701015754873 0.42903822660446167 0
1701015799320 0.4296725392341614 0
1701015843970 0.4303215742111206 0
1701015888549 0.4311280846595764 0
1701015933226 0.4319053292274475 0
1701015978273 0.4325052499771118 0
1701016022918 0.4331406354904175 0
1701016067569 0.4339708089828491 0
1701016112108 0.43461281061172485 0
1701016156791 0.43524032831192017 0
1701016201369 0.43591058254241943 0
1701016246080 0.4366832971572876 0
1701016290572 0.43736302852630615 0
1701016335247 0.4379998445510864 0
1701016379881 0.43877553939819336 0
1701016424405 0.43960773944854736 0
1701016469100 0.4405784010887146 0
1701016513648 0.44119900465011597 0
1701016558212 0.4418182969093323 0
1701016603069 0.4424477219581604 0
1701016647944 0.44316011667251587 0
1701016692637 0.4439578652381897 0
1701016739377 0.4447540044784546 0
1701016788365 0.4454335570335388 0
1701016837065 0.4460296630859375 0
1701016883402 0.4465980529785156 0
1701016928621 0.4471122622489929 0
1701016973338 0.4476628303527832 0
1701017018021 0.4482315182685852 0
1701017062589 0.44915610551834106 0
1701017107196 0.4498440623283386 0
1701017151677 0.4505804181098938 0
1701017196305 0.45144903659820557 0
1701017241158 0.4521750211715698 0
1701017285664 0.4528433680534363 0
1701017330428 0.45352715253829956 0
1701017375285 0.4542005658149719 0
1701017420384 0.4550046920776367 0
1701017465153 0.4556998610496521 0
1701017509797 0.4563028812408447 0
1701017554456 0.4570201635360718 0
1701017599133 0.45758509635925293 0
1701017643717 0.45813149213790894 0
1701017688859 0.4587045907974243 0
1701017734085 0.45938819646835327 0
1701017778908 0.45991331338882446 0
1701017823673 0.46042555570602417 0
1701017868488 0.46097564697265625 0
1701017913352 0.4616178274154663 0
1701017958081 0.46224111318588257 0
1701018002997 0.4628005623817444 0
1701018047862 0.4633975625038147 0
1701018092724 0.46415024995803833 0
1701018137537 0.4650241732597351 0
1701018182516 0.4656684994697571 0
1701018227405 0.4663664698600769 0
1701018272387 0.4671252369880676 0
1701018317326 0.4680062532424927 0
1701018361937 0.4690438508987427 0
1701018406852 0.4696959853172302 0
1701018451645 0.4703463315963745 0
1701018496689 0.4708799719810486 0
1701018541685 0.47134900093078613 0
1701018586825 0.47182583808898926 0
1701018631785 0.47236520051956177 0
1701018676793 0.47307324409484863 0
1701018721773 0.4737522006034851 0
1701018766821 0.4743567705154419 0
1701018811753 0.474812388420105 0
1701018856733 0.4753061532974243 0
1701018902003 0.4758386015892029 0
1701018950281 0.47651344537734985 0
1701018999806 0.4769393801689148 0
1701019047681 0.4776875972747803 0
1701019092749 0.47846245765686035 0
1701019137637 0.4791456460952759 0
1701019182498 0.4798594117164612 0
1701019227205 0.4806782603263855 0
1701019272233 0.481339693069458 0
1701019317189 0.48191016912460327 0
1701019361881 0.48246538639068604 0
1701019406701 0.48303884267807007 0
1701019451725 0.4836394190788269 0
1701019496605 0.4844057559967041 0
1701019541337 0.4851943850517273 0
1701019586229 0.48620378971099854 0
1701019631353 0.48715144395828247 0
1701019676384 0.48767948150634766 0
1701019721181 0.4881763458251953 0
1701019766092 0.48882371187210083 0
1701019810881 0.48948007822036743 0
1701019855829 0.4899686574935913 0
1701019900581 0.4904322028160095 0
1701019945490 0.4909772276878357 0
1701019990565 0.4916059374809265 0
1701020035489 0.4921169877052307 0
1701020081784 0.49262070655822754 0
1701020131280 0.49305957555770874 0
1701020219485 0.49347788095474243 0
1701020265318 0.4938862919807434 0
1701020310386 0.494293212890625 0
1701020355216 0.49471360445022583 0
1701020399758 0.49512720108032227 0
1701020444797 0.4955365061759949 0
1701020489538 0.49593406915664673 0
1701020534585 0.4963332414627075 0
1701020579493 0.4967018961906433 0
1701020624329 0.49708330631256104 0
1701020669149 0.4974824786186218 0
1701020714034 0.49787968397140503 0
1701020759059 0.4982462525367737 0
1701020804057 0.498623251914978 0
1701020849052 0.4991893172264099 0
1701020894118 0.4996992349624634 0
1701020938889 0.5002135038375854 0
1701020983785 0.500588059425354 0
1701021028814 0.5008697509765625 0
1701021073685 0.5012308955192566 0
1701021118733 0.5015851855278015 0
1701021163436 0.5019530057907104 0
1701021208252 0.5023314356803894 0
1701021253120 0.5027179718017578 0
1701021297938 0.5032608509063721 0
1701021342613 0.503695011138916 0
1701021387345 0.5040435791015625 0
1701021432018 0.504391074180603 0
1701021476639 0.5047341585159302 0
1701021521349 0.5050637722015381 0
1701021566143 0.5053998827934265 0
1701021611044 0.5057629942893982 0
1701021656025 0.5061221122741699 0
1701021700824 0.5064704418182373 0
1701021745446 0.5068212747573853 0
1701021790061 0.5072048902511597 0
1701021834854 0.5076205730438232 0
1701021879928 0.5080677270889282 0
1701021924926 0.5085182189941406 0
1701021969541 0.5090552568435669 0
1701022014297 0.5094258189201355 0
1701022058954 0.5097597241401672 0
1701022103912 0.5100732445716858 0
1701022148675 0.5103958249092102 0
1701022193362 0.5107243061065674 0
1701022238381 0.511115312576294 0
1701022283146 0.5116207003593445 0
1701022327690 0.5120202302932739 0
1701022372217 0.5124083161354065 0
1701022416756 0.5129314661026001 0
1701022463973 0.5133140087127686 0
1701022511672 0.5136510729789734 0
1701022559564 0.5139648914337158 0
1701022604421 0.514275312423706 0
1701022649583 0.5146074295043945 0
1701022694221 0.5149317979812622 0
1701022738889 0.5152711868286133 0
1701022783379 0.5156212449073792 0
1701022828012 0.5159845352172852 0
1701022872606 0.5164066553115845 0
1701022917105 0.516968846321106 0
1701022962815 0.5173373222351074 0
1701023008133 0.5176493525505066 0
1701023053657 0.517989993095398 0
1701023098916 0.5183947086334229 0
1701023144180 0.5188101530075073 0
1701023189866 0.5191708207130432 0
1701023234950 0.5194858312606812 0
1701023279935 0.519782304763794 0
1701023324720 0.5201293230056763 0
1701023369833 0.5204687118530273 0
1701023415064 0.5208144187927246 0
1701023460142 0.521174430847168 0
1701023504794 0.5215234756469727 0
1701023549540 0.521966814994812 0
1701023594847 0.5223044157028198 0
1701023639897 0.5225927233695984 0
1701023685001 0.5228245258331299 0
1701023730172 0.5232287645339966 0
1701023775601 0.5236191749572754 0
1701023820653 0.5239605903625488 0
1701023865238 0.5243300199508667 0
1701023910086 0.5246573686599731 0
1701023955140 0.5250944495201111 0
1701023999747 0.5255385637283325 0
1701024044525 0.525912880897522 0
1701024089136 0.5263111591339111 0
1701024135175 0.5266883373260498 0
1701024183023 0.5270121693611145 0
1701024231133 0.5273082852363586 0
1701024278891 0.527630627155304 0
1701024323426 0.5279442071914673 0
1701024367806 0.5282473564147949 0
1701024412539 0.5285307168960571 0
1701024457170 0.5287767648696899 0
1701024501895 0.5290413498878479 0
1701024546697 0.529302716255188 0
1701024591437 0.5295445919036865 0
1701024636139 0.5298811197280884 0
1701024680670 0.5301693081855774 0
1701024725256 0.5304558277130127 0
1701024769905 0.5307366251945496 0
1701024814301 0.5310487151145935 0
1701024859070 0.5314271450042725 0
1701024904328 0.5317710041999817 0
1701024949287 0.5320639610290527 0
1701024993989 0.5324364900588989 0
1701025038579 0.5327414274215698 0
1701025083238 0.5330257415771484 0
1701025127916 0.5332931280136108 0
1701025172814 0.5335696935653687 0
1701025217811 0.5341181755065918 0
1701025262556 0.534774899482727 0
1701025307187 0.5353448390960693 0
1701025351782 0.535754382610321 0
1701025396505 0.5361096858978271 0
1701025441362 0.5365698337554932 0
1701025486140 0.5369583368301392 0
1701025530791 0.5372618436813354 0
1701025575499 0.5375524759292603 0
1701025620194 0.5378429889678955 0
1701025664820 0.5382487773895264 0
1701025709453 0.5386344194412231 0
1701025753993 0.538982629776001 0
1701025798641 0.5393102765083313 0
1701025843253 0.5395821332931519 0
1701025887933 0.5398391485214233 0
1701025932593 0.5400972962379456 0
1701025977109 0.540331244468689 0
1701026022717 0.5405553579330444 0
1701026071041 0.5406962037086487 0
1701026118824 0.5409557819366455 0
1701026166254 0.5412068367004395 0
1701026262826 0.5415205955505371 0
1701026308016 0.5414290428161621 0
1701026352660 0.5419068336486816 0
1701026397303 0.5426196455955505 0
1701026442425 0.5431174039840698 0
1701026487085 0.5434914231300354 0
1701026531747 0.5437644720077515 0
1701026576329 0.543929934501648 0
1701026620922 0.5442495346069336 0
1701026665660 0.5447114109992981 0
1701026710273 0.5450788140296936 0
1701026754857 0.5453267097473145 0
1701026799554 0.5455896258354187 0
1701026844148 0.5458897948265076 0
1701026888776 0.5461779832839966 0
1701026933365 0.5464749336242676 0
1701026978149 0.5467548966407776 0
1701027022861 0.5470293760299683 0
1701027067530 0.5472904443740845 0
1701027112455 0.5475338101387024 0
1701027157364 0.5477917790412903 0
1701027202020 0.5480775833129883 0
1701027246653 0.5483331680297852 0
1701027291453 0.5485587120056152 0
1701027336093 0.5488563179969788 0
1701027381130 0.5490970611572266 0
1701027426867 0.549304723739624 0
1701027471969 0.5495494604110718 0
1701027516582 0.5497676730155945 0
1701027561180 0.5500274896621704 0
1701027605855 0.5503009557723999 0
1701027650489 0.5505503416061401 0
1701027695086 0.5508805513381958 0
1701027739754 0.5512116551399231 0
1701027786903 0.5514981746673584 0
1701027835363 0.5517563819885254 0
1701027883533 0.5520780086517334 0
1701027928769 0.5525680184364319 0
1701027973083 0.5529230833053589 0
1701028017797 0.5531319379806519 0
1701028062946 0.5533666014671326 0
1701028107549 0.5535997152328491 0
1701028152407 0.5538324117660522 0
1701028197011 0.55399489402771 0
1701028241778 0.5542762279510498 0
1701028286646 0.5546277761459351 0
1701028331263 0.5549468994140625 0
1701028375926 0.5552154779434204 0
1701028420565 0.5554282665252686 0
1701028465263 0.5556238293647766 0
1701028509854 0.5558019876480103 0
1701028554676 0.5559700727462769 0
1701028599409 0.5561513900756836 0
1701028643959 0.5563491582870483 0
1701028688786 0.5565696358680725 0
1701028733473 0.5567662715911865 0
1701028778098 0.5569673776626587 0
1701028822761 0.5571826696395874 0
1701028867407 0.5573976635932922 0
1701028912221 0.5575994253158569 0
1701028956905 0.5577590465545654 0
1701029003606 0.5579705238342285 0
1701029052020 0.5582159161567688 0
1701029100382 0.5584263801574707 0
1701029146056 0.5586366653442383 0
1701029190688 0.5588661432266235 0
1701029236084 0.5590873956680298 0
1701029281294 0.5592654943466187 0
1701029326689 0.5594318509101868 0
1701029371697 0.5596478581428528 0
1701029416451 0.5598759651184082 0
1701029461069 0.5601072311401367 0
1701029505749 0.5603316426277161 0
1701029550332 0.5605657696723938 0
1701029594982 0.5607980489730835 0
1701029639848 0.5606963634490967 0
1701029684460 0.5600883960723877 0
1701029729166 0.5590283870697021 0
1701029773809 0.5576099157333374 0
1701029818446 0.5559941530227661 0
1701029863142 0.5542052984237671 0
1701029907840 0.5522081851959229 0
1701029952326 0.5499222278594971 0
1701029996892 0.5473262071609497 0
1701030041571 0.546816885471344 0
1701030086300 0.5454087257385254 0
1701030131137 0.5434517860412598 0
1701030176004 0.5425626635551453 0
1701030220692 0.5412023663520813 0
1701030265432 0.5400633811950684 0
1701030310274 0.5388286113739014 0
1701030355273 0.5378562211990356 0
1701030400456 0.5368809700012207 0
1701030445542 0.5358643531799316 0
1701030490900 0.535048246383667 0
1701030535918 0.5340622067451477 0
1701030580885 0.5332730412483215 0
1701030625513 0.5321618914604187 0
1701030669919 0.5316081047058105 0
1701030714505 0.5305459499359131 0
1701030759088 0.5297806859016418 0
1701030803533 0.5288196802139282 0
1701030848298 0.5281403064727783 0
1701030892849 0.5273156762123108 0
1701030937582 0.5264768600463867 0
1701030982558 0.5257529020309448 0
1701031027417 0.5251611471176147 0
1701031072280 0.524462103843689 0
1701031116889 0.5237837433815002 0
1701031161579 0.5231863260269165 0
1701031206456 0.522524356842041 0
1701031251161 0.5218994617462158 0
1701031295824 0.5213056802749634 0
1701031341005 0.520581841468811 0
1701031388533 0.5200026035308838 0
1701031437335 0.5194547176361084 0
1701031484654 0.5190553069114685 0
1701031529492 0.5188947319984436 0
1701031574256 0.5179308652877808 0
1701031619212 0.5176573991775513 0
1701031663831 0.5171431303024292 0
1701031708612 0.5167089700698853 0
1701031753133 0.5159525871276855 0
1701031797720 0.5155156850814819 0
1701031842336 0.5148913264274597 0
1701031887028 0.5146231651306152 0
1701031931556 0.5140148401260376 0
1701031976216 0.5137934684753418 0
1701032020896 0.513308584690094 0
1701032065600 0.5131242871284485 0
1701032110757 0.5123363733291626 0
1701032155718 0.5119509696960449 0
1701032200332 0.5117743015289307 0
