1701002067858 4088.0 0
1701002108184 4088.0 0
1701002152788 4087.0 0
1701002202241 4087.0 0
1701002250376 4087.0 0
1701002298622 4086.0 0
1701002343690 4085.0 0
1701002388269 4085.0 0
1701002433063 4086.0 0
1701002477654 4086.0 0
1701002522386 4086.0 0
1701002569184 4086.0 0
1701002614322 4086.0 0
1701002659179 4086.0 0
1701002704056 4086.0 0
1701002749302 4087.0 0
1701002794809 4087.0 0
1701002839827 4087.0 0
1701002885746 4087.0 0
1701002930687 4087.0 0
1701002975610 4087.0 0
1701003020155 4086.0 0
1701003064948 4086.0 0
1701003109620 4087.0 0
1701003154328 4087.0 0
1701003199116 4087.0 0
1701003243614 4087.0 0
1701003288175 4087.0 0
1701003332883 4087.0 0
1701003377442 4087.0 0
1701003422213 4087.0 0
1701003467393 4087.0 0
1701003512380 4087.0 0
1701003556997 4087.0 0
1701003602262 4087.0 0
1701003647531 4087.0 0
1701003692459 4087.0 0
1701003737239 4087.0 0
1701003782601 4087.0 0
1701003827426 4087.0 0
1701003872225 4087.0 0
1701003916917 4087.0 0
1701003961596 4087.0 0
1701004006139 4087.0 0
1701004050789 4087.0 0
1701004095430 4087.0 0
1701004141013 4087.0 0
1701004188356 4087.0 0
1701004236849 4087.0 0
1701004284342 4087.0 0
1701004328846 4086.0 0
1701004373342 4086.0 0
1701004418176 4086.0 0
1701004462891 4086.0 0
1701004507533 4087.0 0
1701004552200 4087.0 0
1701004597110 4087.0 0
1701004641772 4087.0 0
1701004686318 4087.0 0
1701004731006 4087.0 0
1701004775633 4087.0 0
1701004820165 4087.0 0
1701004865268 4087.0 0
1701004910185 4087.0 0
1701004954960 4087.0 0
1701004999633 4087.0 0
1701005044402 4087.0 0
1701005089031 4087.0 0
1701005133729 4087.0 0
1701005178322 4087.0 0
1701005223096 4087.0 0
1701005267594 4087.0 0
1701005312089 4087.0 0
1701005356394 4087.0 0
1701005400911 4087.0 0
1701005446186 4087.0 0
1701005491487 4087.0 0
1701005536417 4087.0 0
1701005581147 4087.0 0
1701005625963 4087.0 0
1701005671240 4087.0 0
1701005718765 4087.0 0
1701005767004 4086.0 0
1701005814964 4086.0 0
1701005859789 4086.0 0
1701005904181 4086.0 0
1701005948651 4086.0 0
1701005993170 4086.0 0
1701006037786 4085.0 0
1701006082791 4085.0 0
1701006127473 4085.0 0
1701006172237 4085.0 0
1701006217767 4085.0 0
1701006262718 4085.0 0
1701006307484 4085.0 0
1701006352062 4084.0 0
1701006396661 4084.0 0
1701006441561 4084.0 0
1701006486242 4084.0 0
1701006531253 4084.0 0
1701006575727 4084.0 0
1701006620465 4084.0 0
1701006665107 4084.0 0
1701006709666 4083.0 0
1701006754228 4083.0 0
1701006799103 4083.0 0
1701006843579 4083.0 0
1701006888278 4082.0 0
1701006932901 4081.0 0
1701006977890 4079.0 0
1701007022884 4078.0 0
1701007067514 4078.0 0
1701007111849 4078.0 0
1701007156619 4077.0 0
1701007201278 4077.0 0
1701007245928 4076.0 0
1701007290589 4075.0 0
1701007335298 4075.0 0
1701007380005 4075.0 0
1701007424655 4075.0 0
1701007470025 4074.0 0
1701007515020 4074.0 0
1701007559794 4075.0 0
1701007604386 4074.0 0
1701007649046 4074.0 0
1701007693833 4074.0 0
1701007739034 4074.0 0
1701007784004 4073.0 0
1701007828836 4073.0 0
1701007876078 4072.0 0
1701007923821 4072.0 0
1701007972160 4071.0 0
1701008017360 4071.0 0
1701008102408 4071.0 0
1701008147462 4071.0 0
1701008192805 4071.0 0
1701008237569 4071.0 0
1701008282213 4071.0 0
1701008326993 4070.0 0
1701008371850 4070.0 0
1701008416662 4069.0 0
1701008461261 4069.0 0
1701008505950 4069.0 0
1701008550781 4069.0 0
1701008595616 4067.0 0
1701008640384 4066.0 0
1701008685063 4065.0 0
1701008729775 4065.0 0
1701008774406 4065.0 0
1701008819080 4065.0 0
1701008863876 4064.0 0
1701008908583 4064.0 0
1701008953379 4064.0 0
1701008998395 4064.0 0
1701009042987 4064.0 0
1701009087905 4064.0 0
1701009132608 4063.0 0
1701009177128 4061.0 0
1701009221771 4060.0 0
1701009266466 4060.0 0
1701009311026 4060.0 0
1701009355824 4060.0 0
1701009402755 4060.0 0
1701009450632 4060.0 0
1701009499601 4060.0 0
1701009546548 4060.0 0
1701009591494 4060.0 0
1701009636256 4060.0 0
1701009680944 4060.0 0
1701009725654 4060.0 0
1701009770607 4060.0 0
1701009815430 4059.0 0
1701009860291 4059.0 0
1701009904845 4059.0 0
1701009949564 4059.0 0
1701009994231 4059.0 0
1701010039000 4059.0 0
1701010083746 4058.0 0
1701010128427 4057.0 0
1701010173155 4057.0 0
1701010217690 4057.0 0
1701010262312 4057.0 0
1701010307107 4057.0 0
1701010351834 4057.0 0
1701010396370 4057.0 0
1701010441026 4056.0 0
1701010485835 4056.0 0
1701010530473 4056.0 0
1701010575063 4056.0 0
1701010619661 4056.0 0
1701010664419 4055.0 0
1701010709153 4055.0 0
1701010754070 4054.0 0
1701010798886 4054.0 0
1701010844283 4054.0 0
1701010889434 4054.0 0
1701010934196 4054.0 0
1701010978959 4054.0 0
1701011023772 4054.0 0
1701011068380 4054.0 0
1701011113623 4054.0 0
1701011158309 4054.0 0
1701011203164 4054.0 0
1701011247981 4053.0 0
1701011292518 4053.0 0
1701011337405 4053.0 0
1701011382348 4053.0 0
1701011427298 4053.0 0
1701011472069 4053.0 0
1701011518499 4053.0 0
1701011567344 4053.0 0
1701011616001 4052.0 0
1701011662055 4052.0 0
1701011706761 4052.0 0
1701011751462 4052.0 0
1701011796920 4052.0 0
1701011841650 4051.0 0
1701011886178 4051.0 0
1701011930757 4051.0 0
1701011975461 4050.0 0
1701012020181 4050.0 0
1701012064891 4050.0 0
1701012109809 4049.0 0
1701012154439 4049.0 0
1701012199350 4048.0 0
1701012244225 4048.0 0
1701012288975 4048.0 0
1701012333576 4048.0 0
1701012378292 4048.0 0
1701012422925 4048.0 0
1701012467610 4047.0 0
1701012512463 4047.0 0
1701012557455 4046.0 0
1701012602191 4046.0 0
1701012646879 4047.0 0
1701012692084 4047.0 0
1701012736829 4047.0 0
1701012781564 4047.0 0
1701012827006 4047.0 0
1701012872329 4047.0 0
1701012917283 4047.0 0
1701012962095 4046.0 0
1701013006759 4046.0 0
1701013051327 4045.0 0
1701013096883 4045.0 0
1701013141923 4045.0 0
1701013186694 4045.0 0
1701013231448 4045.0 0
1701013278644 4045.0 0
1701013326701 4045.0 0
1701013375545 4045.0 0
1701013421811 4045.0 0
1701013466474 4045.0 0
1701013511147 4045.0 0
1701013555692 4045.0 0
1701013600405 4045.0 0
1701013645199 4045.0 0
1701013689936 4045.0 0
1701013734489 4045.0 0
1701013779171 4045.0 0
1701013824067 4045.0 0
1701013868612 4045.0 0
1701013913165 4046.0 0
1701013957780 4046.0 0
1701014002409 4046.0 0
1701014047369 4046.0 0
1701014092465 4046.0 0
1701014178280 4046.0 0
1701014223226 4046.0 0
1701014267924 4045.0 0
1701014312704 4045.0 0
1701014357267 4045.0 0
1701014402356 4045.0 0
1701014447355 4045.0 0
1701014492118 4045.0 0
1701014536708 4045.0 0
1701014581319 4045.0 0
1701014626302 4045.0 0
1701014671050 4045.0 0
1701014715608 4045.0 0
1701014760332 4046.0 0
1701014804914 4046.0 0
1701014849558 4046.0 0
1701014894196 4046.0 0
1701014939088 4046.0 0
1701014983907 4046.0 0
1701015028482 4046.0 0
1701015073212 4046.0 0
1701015117880 4046.0 0
1701015165256 4046.0 0
1701015213559 4046.0 0
1701015262214 4046.0 0
1701015307833 4046.0 0
1701015353598 4046.0 0
1701015399137 4046.0 0
1701015444078 4046.0 0
1701015488639 4046.0 0
1701015533363 4046.0 0
1701015578268 4046.0 0
1701015623023 4046.0 0
1701015667800 4046.0 0
1701015712545 4046.0 0
1701015757207 4046.0 0
1701015801718 4046.0 0
1701015846304 4046.0 0
1701015890944 4046.0 0
1701015935605 4046.0 0
1701015980637 4045.0 0
1701016025283 4045.0 0
1701016069892 4045.0 0
1701016114437 4045.0 0
1701016159161 4045.0 0
1701016203772 4045.0 0
1701016248415 4045.0 0
1701016292944 4045.0 0
1701016337614 4045.0 0
1701016382261 4044.0 0
1701016426785 4044.0 0
1701016471429 4044.0 0
1701016516053 4044.0 0
1701016560702 4045.0 0
1701016605433 4045.0 0
1701016650292 4044.0 0
1701016695004 4044.0 0
1701016742168 4043.0 0
1701016791113 4044.0 0
1701016839735 4044.0 0
1701016885830 4044.0 0
1701016931107 4044.0 0
1701016975812 4044.0 0
1701017020412 4043.0 0
1701017064971 4042.0 0
1701017109543 4042.0 0
1701017154058 4042.0 0
1701017198659 4042.0 0
1701017243568 4042.0 0
1701017287997 4042.0 0
1701017332789 4042.0 0
1701017377690 4041.0 0
1701017422790 4041.0 0
1701017467592 4041.0 0
1701017512212 4041.0 0
1701017556854 4041.0 0
1701017601560 4041.0 0
1701017646072 4041.0 0
1701017691275 4040.0 0
1701017736415 4040.0 0
1701017781310 4040.0 0
1701017826144 4040.0 0
1701017870932 4040.0 0
1701017915779 4040.0 0
1701017960450 4040.0 0
1701018005401 4040.0 0
1701018050266 4040.0 0
1701018095113 4040.0 0
1701018139945 4040.0 0
1701018184913 4040.0 0
1701018229765 4040.0 0
1701018274805 4040.0 0
1701018319694 4040.0 0
1701018364372 4040.0 0
1701018409247 4040.0 0
1701018454061 4040.0 0
1701018499110 4040.0 0
1701018544096 4040.0 0
1701018589213 4040.0 0
1701018634223 4040.0 0
1701018679279 4040.0 0
1701018724290 4040.0 0
1701018769264 4039.0 0
1701018814210 4039.0 0
1701018859105 4039.0 0
1701018904514 4039.0 0
1701018953198 4039.0 0
1701019002401 4039.0 0
1701019050114 4038.0 0
1701019095182 4038.0 0
1701019140083 4038.0 0
1701019184915 4038.0 0
1701019229614 4038.0 0
1701019274655 4037.0 0
1701019319558 4037.0 0
1701019364305 4037.0 0
1701019409146 4037.0 0
1701019454135 4037.0 0
1701019499033 4037.0 0
1701019543775 4037.0 0
1701019588661 4037.0 0
1701019633761 4037.0 0
1701019678779 4037.0 0
1701019723576 4037.0 0
1701019768484 4037.0 0
1701019813275 4037.0 0
1701019858208 4037.0 0
1701019902969 4037.0 0
1701019947892 4037.0 0
1701019992932 4037.0 0
1701020037904 4037.0 0
1701020084245 4037.0 0
1701020133802 4037.0 0
1701020221973 4037.0 0
1701020267769 4037.0 0
1701020312758 4037.0 0
1701020357553 4037.0 0
1701020402193 4038.0 0
1701020447216 4038.0 0
1701020491932 4038.0 0
1701020537006 4038.0 0
1701020581894 4038.0 0
1701020626696 4038.0 0
1701020671605 4038.0 0
1701020716441 4037.0 0
1701020761443 4037.0 0
1701020806457 4037.0 0
1701020851450 4036.0 0
1701020896507 4036.0 0
1701020941254 4036.0 0
1701020986228 4037.0 0
1701021031211 4037.0 0
1701021076106 4037.0 0
1701021121071 4037.0 0
1701021165835 4037.0 0
1701021210641 4037.0 0
1701021255505 4037.0 0
1701021300277 4038.0 0
1701021345040 4038.0 0
1701021389758 4038.0 0
1701021434388 4038.0 0
1701021479051 4038.0 0
1701021523738 4038.0 0
1701021568530 4038.0 0
1701021613420 4038.0 0
1701021658403 4038.0 0
1701021703260 4038.0 0
1701021747888 4038.0 0
1701021792520 4038.0 0
1701021837313 4038.0 0
1701021882369 4038.0 0
1701021927350 4038.0 0
1701021971951 4038.0 0
1701022016665 4038.0 0
1701022061389 4038.0 0
1701022106260 4038.0 0
1701022151072 4038.0 0
1701022195743 4037.0 0
1701022240796 4037.0 0
1701022285525 4037.0 0
1701022330105 4038.0 0
1701022374602 4038.0 0
1701022419132 4038.0 0
1701022466473 4038.0 0
1701022514141 4037.0 0
1701022561994 4037.0 0
1701022606848 4037.0 0
1701022651932 4037.0 0
1701022696617 4037.0 0
1701022741259 4037.0 0
1701022785753 4037.0 0
1701022830375 4037.0 0
1701022874969 4037.0 0
1701022919475 4037.0 0
1701022965210 4036.0 0
1701023010520 4036.0 0
1701023056032 4036.0 0
1701023101271 4035.0 0
1701023146600 4035.0 0
1701023192270 4035.0 0
1701023237302 4035.0 0
1701023282319 4035.0 0
1701023327132 4035.0 0
1701023372178 4035.0 0
1701023417533 4035.0 0
1701023462498 4035.0 0
1701023507156 4035.0 0
1701023551933 4035.0 0
1701023597273 4035.0 0
1701023642222 4035.0 0
1701023687339 4035.0 0
1701023732605 4035.0 0
1701023777973 4034.0 0
1701023823051 4034.0 0
1701023867644 4034.0 0
1701023912539 4034.0 0
1701023957548 4034.0 0
1701024002184 4034.0 0
1701024046982 4035.0 0
1701024091542 4035.0 0
1701024137859 4035.0 0
1701024185784 4035.0 0
1701024233671 4035.0 0
1701024281387 4035.0 0
1701024325816 4035.0 0
1701024370182 4035.0 0
1701024414877 4035.0 0
1701024459606 4035.0 0
1701024504301 4035.0 0
1701024549046 4035.0 0
1701024593820 4035.0 0
1701024638492 4034.0 0
1701024683069 4034.0 0
1701024727618 4035.0 0
1701024772272 4035.0 0
1701024816681 4034.0 0
1701024861429 4034.0 0
1701024906724 4034.0 0
1701024951652 4034.0 0
1701024996361 4034.0 0
1701025040947 4034.0 0
1701025085555 4034.0 0
1701025130293 4034.0 0
1701025175172 4033.0 0
1701025220142 4033.0 0
1701025264915 4032.0 0
1701025309543 4032.0 0
1701025354141 4032.0 0
1701025398864 4032.0 0
1701025443764 4032.0 0
1701025488484 4032.0 0
1701025533215 4032.0 0
1701025577907 4032.0 0
1701025622642 4031.0 0
1701025667257 4031.0 0
1701025711832 4030.0 0
1701025756361 4030.0 0
1701025801044 4030.0 0
1701025845630 4030.0 0
1701025890311 4030.0 0
1701025934918 4031.0 0
1701025979494 4031.0 0
1701026025197 4031.0 0
1701026073621 4031.0 0
1701026121390 4031.0 0
1701026168600 4031.0 0
1701026265175 4030.0 0
1701026310402 4030.0 0
1701026355022 4029.0 0
1701026399761 4028.0 0
1701026444791 4028.0 0
1701026489421 4028.0 0
1701026534073 4029.0 0
1701026578728 4028.0 0
1701026623312 4028.0 0
1701026668047 4028.0 0
1701026712640 4028.0 0
1701026757228 4028.0 0
1701026801956 4029.0 0
1701026846502 4028.0 0
1701026891115 4028.0 0
1701026935709 4028.0 0
1701026980492 4028.0 0
1701027025270 4028.0 0
1701027069976 4028.0 0
1701027114788 4028.0 0
1701027159768 4028.0 0
1701027204368 4028.0 0
1701027249003 4028.0 0
1701027293847 4028.0 0
1701027338451 4028.0 0
1701027383559 4028.0 0
1701027429321 4028.0 0
1701027474417 4028.0 0
1701027518949 4028.0 0
1701027563585 4028.0 0
1701027608246 4028.0 0
1701027652928 4028.0 0
1701027697422 4028.0 0
1701027742134 4028.0 0
1701027789435 4028.0 0
1701027837749 4028.0 0
1701027885979 4028.0 0
1701027931095 4028.0 0
1701027975438 4028.0 0
1701028020162 4028.0 0
1701028065302 4028.0 0
1701028109913 4028.0 0
1701028154773 4028.0 0
1701028199384 4028.0 0
1701028244138 4028.0 0
1701028288995 4028.0 0
1701028333600 4028.0 0
1701028378283 4028.0 0
1701028423081 4028.0 0
1701028467628 4028.0 0
1701028512236 4028.0 0
1701028557027 4028.0 0
1701028601766 4028.0 0
1701028646290 4028.0 0
1701028691148 4028.0 0
1701028735843 4028.0 0
1701028780428 4028.0 0
1701028825195 4028.0 0
1701028869817 4028.0 0
1701028914661 4028.0 0
1701028959259 4028.0 0
1701029006506 4028.0 0
1701029054923 4028.0 0
1701029103015 4028.0 0
1701029148476 4028.0 0
1701029193052 4028.0 0
1701029238449 4028.0 0
1701029283665 4028.0 0
1701029329061 4028.0 0
1701029374068 4028.0 0
1701029418795 4028.0 0
1701029463401 4028.0 0
1701029508094 4028.0 0
1701029552716 4028.0 0
1701029597354 4028.0 0
1701029642228 4028.0 0
1701029686852 4028.0 0
1701029731554 4029.0 0
1701029776193 4029.0 0
1701029820954 4029.0 0
1701029865538 4030.0 0
1701029910201 4030.0 0
1701029954693 4031.0 0
1701029999243 4031.0 0
1701030043906 4031.0 0
1701030088691 4031.0 0
1701030133500 4032.0 0
1701030178366 4033.0 0
1701030223094 4033.0 0
1701030267780 4034.0 0
1701030312613 4035.0 0
1701030357667 4036.0 0
1701030402794 4036.0 0
1701030447967 4037.0 0
1701030493240 4037.0 0
1701030538364 4038.0 0
1701030583291 4038.0 0
1701030627918 4039.0 0
1701030672335 4039.0 0
1701030716883 4040.0 0
1701030761446 4040.0 0
1701030805954 4040.0 0
1701030850707 4041.0 0
1701030895262 4041.0 0
1701030939988 4042.0 0
1701030984927 4042.0 0
1701031029782 4042.0 0
1701031074674 4042.0 0
1701031119287 4042.0 0
1701031164052 4043.0 0
1701031208812 4043.0 0
1701031253584 4043.0 0
1701031298164 4043.0 0
1701031343699 4044.0 0
1701031391286 4044.0 0
1701031439810 4044.0 0
1701031487150 4045.0 0
1701031531847 4045.0 0
1701031576648 4045.0 0
1701031621645 4045.0 0
1701031666229 4045.0 0
1701031711038 4045.0 0
1701031755557 4045.0 0
1701031800096 4046.0 0
1701031844709 4046.0 0
1701031889363 4046.0 0
1701031933964 4046.0 0
1701031978613 4047.0 0
1701032023262 4048.0 0
1701032068056 4048.0 0
1701032113123 4048.0 0
1701032158054 4049.0 0
1701032202709 4049.0 0
