1701002065431 0.0 0
1701002105691 0.0007050029467791319 0
1701002150307 -0.0016356635373085738 0
1701002199675 -0.0038176778703927993 0
1701002247876 0.0030575528740882873 0
1701002296141 0.021185201406478883 0
1701002341233 0.04961277097463608 0
1701002385866 0.08986141681671142 0
1701002430638 0.14595264196395874 0
1701002475223 0.21483807563781737 0
1701002519958 0.29675021171569826 0
1701002566793 0.39189796447753905 0
1701002611898 0.5009665489196777 0
1701002656794 0.6243778228759765 0
1701002701624 0.7623449325561523 0
1701002746839 0.9145210266113282 0
1701002792354 1.0813156127929688 0
1701002837370 1.2638755798339845 0
1701002883299 1.4595619201660157 0
1701002928278 1.6708526611328125 0
1701002973162 1.89652099609375 0
1701003017723 2.135350799560547 0
1701003062494 2.389912414550781 0
1701003107261 2.661956787109375 0
1701003151901 2.950982666015625 0
1701003196707 3.253826904296875 0
1701003241202 3.573773193359375 0
1701003285774 3.9080780029296873 0
1701003330467 4.256076049804688 0
1701003375021 4.62645263671875 0
1701003419782 5.011770629882813 0
1701003464982 5.411386108398437 0
1701003509990 5.8129150390625 0
1701003554604 6.22117919921875 0
1701003599807 6.6576171875 0
1701003645097 7.12791748046875 0
1701003690058 7.58798828125 0
1701003734846 8.036322021484375 0
1701003780150 8.535052490234374 0
1701003825058 9.074945068359375 0
1701003869798 9.63721923828125 0
1701003914511 10.2036865234375 0
1701003959187 10.75830078125 0
1701004003742 11.30531005859375 0
1701004048406 11.88182373046875 0
1701004093053 12.51539306640625 0
1701004138493 13.16612548828125 0
1701004185859 13.77215576171875 0
1701004234319 14.41177978515625 0
1701004281937 15.06689453125 0
1701004326444 15.6827392578125 0
1701004370918 16.3287109375 0
1701004415662 16.996923828125 0
1701004460405 17.68564453125 0
1701004505059 18.4078125 0
1701004549755 19.19482421875 0
1701004594685 20.0266357421875 0
1701004639346 20.86767578125 0
1701004683865 21.6728759765625 0
1701004728595 22.426708984375 0
1701004773210 23.22724609375 0
1701004817746 24.08330078125 0
1701004862857 24.965283203125 0
1701004907801 25.846435546875 0
1701004952530 26.71376953125 0
1701004997224 27.58193359375 0
1701005041997 28.440087890625 0
1701005086594 29.39013671875 0
1701005131262 30.377392578125 0
1701005175882 31.365478515625 0
1701005220686 32.291650390625 0
1701005265165 33.274169921875 0
1701005309653 34.31123046875 0
1701005353987 35.389599609375 0
1701005398482 36.4890625 0
1701005443747 37.4744140625 0
1701005489082 38.50849609375 0
1701005533997 39.53046875 0
1701005578784 40.63857421875 0
1701005623527 41.60986328125 0
1701005668885 42.4265625 0
1701005716248 43.3669921875 0
1701005764479 44.3626953125 0
1701005812466 45.29619140625 0
1701005857375 46.1896484375 0
1701005901782 47.0310546875 0
1701005946241 47.81142578125 0
1701005990770 48.616015625 0
1701006035389 49.31513671875 0
1701006080337 50.09091796875 0
1701006125045 50.719921875 0
1701006169814 51.30947265625 0
1701006215255 51.9669921875 0
1701006260230 52.62734375 0
1701006305026 53.2279296875 0
1701006349667 53.836328125 0
1701006394270 54.381640625 0
1701006439182 54.8841796875 0
1701006483845 55.3787109375 0
1701006528810 55.8853515625 0
1701006573349 56.4822265625 0
1701006618030 57.0873046875 0
1701006662678 57.5048828125 0
1701006707270 57.9564453125 0
1701006751830 58.5087890625 0
1701006796667 59.1662109375 0
1701006841202 59.8904296875 0
1701006885861 60.5615234375 0
1701006930522 61.121875 0
1701006975416 61.6318359375 0
1701007020534 62.233203125 0
1701007065091 62.737109375 0
1701007109490 63.2884765625 0
1701007154217 63.945703125 0
1701007198836 64.660546875 0
1701007243527 65.3177734375 0
1701007288182 65.7919921875 0
1701007332904 66.4501953125 0
1701007377602 67.2587890625 0
1701007422260 67.991796875 0
1701007467570 68.640625 0
1701007512630 69.465234375 0
1701007557366 70.2390625 0
1701007601999 71.040234375 0
1701007646665 71.837109375 0
1701007691405 72.394921875 0
1701007736641 72.875 0
1701007781657 73.6421875 0
1701007826312 74.439453125 0
1701007873491 75.0734375 0
1701007921225 75.81875 0
1701007969579 76.721875 0
1701008015006 77.65 0
1701008100005 78.55234375 0
1701008145082 78.980859375 0
1701008190418 78.54765625 0
1701008235159 78.124609375 0
1701008279805 77.6515625 0
1701008324628 77.128515625 0
1701008369458 76.672265625 0
1701008414251 76.21640625 0
1701008458885 75.6953125 0
1701008503554 75.201171875 0
1701008548410 74.769921875 0
1701008593214 74.209375 0
1701008638039 73.73515625 0
1701008682610 73.330078125 0
1701008727385 72.834375 0
1701008772051 72.45546875 0
1701008816696 72.17265625 0
1701008861474 71.828515625 0
1701008906148 71.532421875 0
1701008950998 71.15703125 0
1701008995990 70.803515625 0
1701009040626 70.375390625 0
1701009085501 69.95390625 0
1701009130264 69.566796875 0
1701009174763 69.066015625 0
1701009219393 68.5203125 0
1701009264070 68.062109375 0
1701009308647 67.62890625 0
1701009353442 67.276953125 0
1701009400211 66.8890625 0
1701009448211 66.51875 0
1701009497060 66.166015625 0
1701009544137 65.8203125 0
1701009589109 65.41328125 0
1701009633882 65.0828125 0
1701009678566 64.703125 0
1701009723158 64.290625 0
1701009768134 63.84609375 0
1701009813026 63.3875 0
1701009857922 63.04921875 0
1701009902468 62.76875 0
1701009947160 62.4234375 0
1701009991846 62.04765625 0
1701010036630 61.6796875 0
1701010081290 61.36875 0
1701010126068 60.990625 0
1701010170774 60.55703125 0
1701010215338 60.1203125 0
1701010259922 59.80625 0
1701010304722 59.41796875 0
1701010349489 58.965625 0
1701010393988 58.41953125 0
1701010438664 58.1671875 0
1701010483452 57.9390625 0
1701010527988 57.6875 0
1701010572702 57.40390625 0
1701010617276 57.121875 0
1701010662010 56.828125 0
1701010706742 56.51015625 0
1701010751670 56.10625 0
1701010796482 55.66796875 0
1701010841915 55.28046875 0
1701010887027 54.96640625 0
1701010931846 54.671875 0
1701010976475 54.34296875 0
1701011021288 53.9640625 0
1701011065945 53.4890625 0
1701011110927 53.12578125 0
1701011155870 52.79375 0
1701011200772 52.346875 0
1701011245590 51.940625 0
1701011290138 51.571875 0
1701011334942 51.17421875 0
1701011379938 50.8640625 0
1701011424890 50.56796875 0
1701011469700 50.28046875 0
1701011515709 50.02265625 0
1701011564795 49.753125 0
1701011613476 49.45234375 0
1701011659638 49.153125 0
1701011704346 48.83046875 0
1701011749034 48.49375 0
1701011794228 48.08203125 0
1701011839274 47.721875 0
1701011883825 47.3875 0
1701011928358 47.08046875 0
1701011973053 46.8 0
1701012017786 46.5421875 0
1701012062486 46.28046875 0
1701012107419 45.975 0
1701012152049 45.7046875 0
1701012196969 45.34296875 0
1701012241828 45.0484375 0
1701012286546 44.77109375 0
1701012331130 44.50390625 0
1701012375921 44.1640625 0
1701012420551 43.85859375 0
1701012465221 43.6109375 0
1701012510064 43.35859375 0
1701012555114 42.9859375 0
1701012599798 42.603125 0
1701012644473 42.29453125 0
1701012689709 42.03828125 0
1701012734421 41.7734375 0
1701012779213 41.50078125 0
1701012824568 41.2625 0
1701012869947 40.971875 0
1701012914874 40.634375 0
1701012959706 40.27421875 0
1701013004372 39.88984375 0
1701013048965 39.52109375 0
1701013094407 39.22421875 0
1701013139482 38.93046875 0
1701013184264 38.65859375 0
1701013229036 38.371875 0
1701013275846 38.08828125 0
1701013324028 37.7828125 0
1701013373100 37.3859375 0
1701013419410 36.9953125 0
1701013464090 36.68046875 0
1701013508782 36.3859375 0
1701013553316 36.1 0
1701013598001 35.76953125 0
1701013642802 35.43984375 0
1701013687559 35.16015625 0
1701013732110 34.85703125 0
1701013776787 34.49921875 0
1701013821679 34.23046875 0
1701013866205 34.0171875 0
1701013910777 33.7875 0
1701013955425 33.525 0
1701014000066 33.23125 0
1701014045005 32.98203125 0
1701014090090 32.7421875 0
1701014175872 32.471875 0
1701014220838 32.20703125 0
1701014265578 31.95625 0
1701014310318 31.74296875 0
1701014354883 31.48984375 0
1701014399898 31.228125 0
1701014444966 31.00703125 0
1701014489711 30.76328125 0
1701014534293 30.48828125 0
1701014578931 30.23046875 0
1701014623918 29.9890625 0
1701014668616 29.76953125 0
1701014713210 29.5078125 0
1701014757971 29.2484375 0
1701014802582 29.021875 0
1701014847181 28.7609375 0
1701014891866 28.49765625 0
1701014936717 28.190625 0
1701014981505 27.89765625 0
1701015026141 27.6765625 0
1701015070773 27.428125 0
1701015115497 27.153125 0
1701015162600 26.90703125 0
1701015210765 26.690625 0
1701015259704 26.48203125 0
1701015305446 26.24140625 0
1701015351192 26.01640625 0
1701015396567 25.8234375 0
1701015441730 25.6203125 0
1701015486274 25.39140625 0
1701015531023 25.196875 0
1701015575883 25.0078125 0
1701015620609 24.80234375 0
1701015665430 24.58359375 0
1701015710174 24.36875 0
1701015754870 24.1265625 0
1701015799317 23.9015625 0
1701015843967 23.70546875 0
1701015888546 23.47265625 0
1701015933223 23.2078125 0
1701015978270 22.99765625 0
1701016022916 22.8109375 0
1701016067566 22.56328125 0
1701016112105 22.33125 0
1701016156788 22.13203125 0
1701016201366 21.92890625 0
1701016246078 21.6890625 0
1701016290570 21.453125 0
1701016335244 21.24453125 0
1701016379878 21.0078125 0
1701016424402 20.75703125 0
1701016469098 20.43046875 0
1701016513645 20.18984375 0
1701016558208 19.98984375 0
1701016603067 19.7859375 0
1701016647942 19.571875 0
1701016692634 19.31484375 0
1701016739374 19.04296875 0
1701016788362 18.80546875 0
1701016837062 18.59765625 0
1701016883399 18.409375 0
1701016928618 18.2359375 0
1701016973335 18.0640625 0
1701017018018 17.88828125 0
1701017062586 17.61875 0
1701017107193 17.353125 0
1701017151674 17.1265625 0
1701017196302 16.8375 0
1701017241156 16.5734375 0
1701017285661 16.3453125 0
1701017330425 16.1171875 0
1701017375282 15.89375 0
1701017420382 15.64375 0
1701017465150 15.378125 0
1701017509795 15.1671875 0
1701017554453 14.940625 0
1701017599130 14.73125 0
1701017643714 14.5453125 0
1701017688856 14.359375 0
1701017734083 14.140625 0
1701017778906 13.9359375 0
1701017823670 13.76875 0
1701017868485 13.5890625 0
1701017913350 13.3921875 0
1701017958078 13.159375 0
1701018002994 12.975 0
1701018047859 12.775 0
1701018092721 12.54375 0
1701018137534 12.2515625 0
1701018182514 11.9921875 0
1701018227402 11.7796875 0
1701018272385 11.5078125 0
1701018317323 11.2375 0
1701018361934 10.890625 0
1701018406850 10.596875 0
1701018451642 10.3828125 0
1701018496686 10.1734375 0
1701018541682 10.0078125 0
1701018586822 9.8515625 0
1701018631782 9.6734375 0
1701018676790 9.459375 0
1701018721770 9.2109375 0
1701018766818 8.9859375 0
1701018811750 8.8203125 0
1701018856730 8.6484375 0
1701018902000 8.4703125 0
1701018950278 8.265625 0
1701018999803 8.075 0
1701019047678 7.8734375 0
1701019092746 7.5953125 0
1701019137634 7.3390625 0
1701019182495 7.109375 0
1701019227203 6.83125 0
1701019272230 6.571875 0
1701019317186 6.3640625 0
1701019361878 6.1703125 0
1701019406698 5.9765625 0
1701019451722 5.76875 0
1701019496602 5.5359375 0
1701019541334 5.2578125 0
1701019586226 4.940625 0
1701019631350 4.590625 0
1701019676382 4.3390625 0
1701019721178 4.175 0
1701019766089 3.9765625 0
1701019810878 3.7375 0
1701019855826 3.5421875 0
1701019900578 3.3828125 0
1701019945487 3.2109375 0
1701019990562 2.996875 0
1701020035486 2.8046875 0
1701020081781 2.625 0
1701020131277 2.4609375 0
1701020219482 2.3203125 0
1701020265315 2.1734375 0
1701020310383 2.034375 0
1701020355214 1.890625 0
1701020399755 1.7453125 0
1701020444794 1.603125 0
1701020489535 1.465625 0
1701020534582 1.3265625 0
1701020579491 1.1953125 0
1701020624326 1.0640625 0
1701020669146 0.9296875 0
1701020714031 0.7921875 0
1701020759056 0.659375 0
1701020804054 0.53125 0
1701020849049 0.36875 0
1701020894115 0.1859375 0
1701020938886 0.003125 0
1701020983782 -0.1515625 0
1701021028811 -0.240625 0
1701021073682 -0.36875 0
1701021118731 -0.4890625 0
1701021163433 -0.6125 0
1701021208249 -0.7421875 0
1701021253117 -0.8734375 0
1701021297935 -1.025 0
1701021342610 -1.20625 0
1701021387342 -1.3328125 0
1701021432015 -1.4484375 0
1701021476637 -1.5671875 0
1701021521346 -1.6796875 0
1701021566140 -1.7921875 0
1701021611041 -1.9125 0
1701021656023 -2.0359375 0
1701021700821 -2.15625 0
1701021745443 -2.2703125 0
1701021790058 -2.3953125 0
1701021834851 -2.5296875 0
1701021879925 -2.6796875 0
1701021924923 -2.825 0
1701021969538 -3.0 0
1701022014294 -3.1484375 0
1701022058951 -3.2640625 0
1701022103910 -3.3703125 0
1701022148672 -3.475 0
1701022193359 -3.5828125 0
1701022238378 -3.7015625 0
1701022283143 -3.853125 0
1701022327687 -4.0109375 0
1701022372214 -4.1265625 0
1701022416754 -4.28125 0
1701022463970 -4.434375 0
1701022511670 -4.5484375 0
1701022559561 -4.6546875 0
1701022604418 -4.753125 0
1701022649580 -4.859375 0
1701022694218 -4.9640625 0
1701022738886 -5.06875 0
1701022783376 -5.18125 0
1701022828009 -5.296875 0
1701022872603 -5.41875 0
1701022917102 -5.5921875 0
1701022962813 -5.73125 0
1701023008130 -5.8390625 0
1701023053654 -5.9390625 0
1701023098914 -6.059375 0
1701023144177 -6.1890625 0
1701023189863 -6.3125 0
1701023234947 -6.4140625 0
1701023279933 -6.5078125 0
1701023324717 -6.609375 0
1701023369830 -6.7140625 0
1701023415061 -6.8125 0
1701023460139 -6.9296875 0
1701023504792 -7.0296875 0
1701023549537 -7.159375 0
1701023594845 -7.2796875 0
1701023639894 -7.3671875 0
1701023684998 -7.44375 0
1701023730170 -7.5359375 0
1701023775598 -7.6609375 0
1701023820650 -7.765625 0
1701023865235 -7.871875 0
1701023910083 -7.9734375 0
1701023955138 -8.0796875 0
1701023999744 -8.221875 0
1701024044522 -8.3359375 0
1701024089133 -8.45 0
1701024135172 -8.5609375 0
1701024183020 -8.6625 0
1701024231130 -8.7421875 0
1701024278889 -8.83125 0
1701024323423 -8.9171875 0
1701024367803 -9.0 0
1701024412536 -9.078125 0
1701024457167 -9.1515625 0
1701024501892 -9.2140625 0
1701024546694 -9.284375 0
1701024591434 -9.3484375 0
1701024636136 -9.4265625 0
1701024680667 -9.5078125 0
1701024725253 -9.5828125 0
1701024769902 -9.65 0
1701024814298 -9.7265625 0
1701024859067 -9.81875 0
1701024904325 -9.9140625 0
1701024949284 -9.9921875 0
1701024993986 -10.0765625 0
1701025038577 -10.1625 0
1701025083235 -10.2328125 0
1701025127913 -10.29375 0
1701025172811 -10.3609375 0
1701025217808 -10.4453125 0
1701025262553 -10.6296875 0
1701025307184 -10.796875 0
1701025351779 -10.915625 0
1701025396503 -11.0046875 0
1701025441359 -11.096875 0
1701025486137 -11.209375 0
1701025530789 -11.28125 0
1701025575496 -11.34375 0
1701025620192 -11.40625 0
1701025664817 -11.4703125 0
1701025709450 -11.5765625 0
1701025753990 -11.653125 0
1701025798638 -11.7234375 0
1701025843250 -11.7796875 0
1701025887930 -11.82890625 0
1701025932590 -11.875 0
1701025977106 -11.91796875 0
1701026022715 -11.953125 0
1701026071038 -11.97109375 0
1701026118822 -12.0015625 0
1701026166251 -12.046875 0
1701026262823 -12.11015625 0
1701026308014 -12.0796875 0
1701026352657 -12.11328125 0
1701026397300 -12.26640625 0
1701026442423 -12.39296875 0
1701026487082 -12.47734375 0
1701026531744 -12.528125 0
1701026576326 -12.54921875 0
1701026620919 -12.58125 0
1701026665657 -12.65703125 0
1701026710270 -12.734375 0
1701026754854 -12.778125 0
1701026799551 -12.80625 0
1701026844145 -12.846875 0
1701026888773 -12.88671875 0
1701026933362 -12.925 0
1701026978146 -12.9609375 0
1701027022858 -12.99453125 0
1701027067528 -13.02265625 0
1701027112452 -13.0484375 0
1701027157361 -13.07109375 0
1701027202017 -13.1 0
1701027246650 -13.12890625 0
1701027291450 -13.14140625 0
1701027336090 -13.16875 0
1701027381127 -13.19453125 0
1701027426864 -13.20390625 0
1701027471966 -13.21640625 0
1701027516579 -13.2296875 0
1701027561177 -13.24140625 0
1701027605853 -13.26484375 0
1701027650486 -13.2796875 0
1701027695083 -13.303125 0
1701027739751 -13.33984375 0
1701027786900 -13.36484375 0
1701027835361 -13.37890625 0
1701027883530 -13.3984375 0
1701027928766 -13.44375 0
1701027973080 -13.50546875 0
1701028017795 -13.50859375 0
1701028062943 -13.51015625 0
1701028107546 -13.515625 0
1701028152404 -13.515625 0
1701028197008 -13.50703125 0
1701028241775 -13.5 0
1701028286644 -13.521875 0
1701028331260 -13.54375 0
1701028375923 -13.55390625 0
1701028420562 -13.55 0
1701028465260 -13.53671875 0
1701028509852 -13.521875 0
1701028554673 -13.5015625 0
1701028599406 -13.48125 0
1701028643956 -13.46484375 0
1701028688783 -13.45078125 0
1701028733470 -13.43828125 0
1701028778096 -13.41953125 0
1701028822758 -13.40390625 0
1701028867405 -13.390625 0
1701028912218 -13.371875 0
1701028956902 -13.34765625 0
1701029003603 -13.32421875 0
1701029052017 -13.31015625 0
1701029100380 -13.2953125 0
1701029146053 -13.27421875 0
1701029190685 -13.25546875 0
1701029236082 -13.2359375 0
1701029281291 -13.21328125 0
1701029326686 -13.18203125 0
1701029371694 -13.153125 0
1701029416449 -13.13359375 0
1701029461066 -13.1109375 0
1701029505746 -13.0890625 0
1701029550329 -13.06640625 0
1701029594979 -13.0453125 0
1701029639845 -12.9953125 0
1701029684457 -12.85 0
1701029729163 -12.62109375 0
1701029773806 -12.31171875 0
1701029818444 -11.95703125 0
1701029863139 -11.571875 0
1701029907837 -11.1546875 0
1701029952323 -10.68984375 0
1701029996889 -10.16796875 0
1701030041568 -9.79140625 0
1701030086298 -9.63515625 0
1701030131134 -9.2171875 0
1701030176002 -8.925 0
1701030220689 -8.6703125 0
1701030265429 -8.4234375 0
1701030310271 -8.18359375 0
1701030355270 -7.9484375 0
1701030400453 -7.71796875 0
1701030445540 -7.49921875 0
1701030490897 -7.29921875 0
1701030535915 -7.0734375 0
1701030580882 -6.8984375 0
1701030625510 -6.6703125 0
1701030669916 -6.52890625 0
1701030714502 -6.30625 0
1701030759086 -6.13828125 0
1701030803530 -5.94296875 0
1701030848295 -5.78671875 0
1701030892846 -5.646875 0
1701030937579 -5.4546875 0
1701030982555 -5.31015625 0
1701031027415 -5.15390625 0
1701031072277 -5.01328125 0
1701031116886 -4.859375 0
1701031161576 -4.715625 0
1701031206454 -4.58359375 0
1701031251158 -4.44609375 0
1701031295821 -4.328125 0
1701031341002 -4.18828125 0
1701031388531 -4.07578125 0
1701031437332 -3.9421875 0
1701031484652 -3.83671875 0
1701031529490 -3.82109375 0
1701031574254 -3.6328125 0
1701031619210 -3.5125 0
1701031663828 -3.48125 0
1701031708610 -3.31640625 0
1701031753130 -3.26015625 0
1701031797717 -3.09296875 0
1701031842334 -3.00859375 0
1701031887025 -2.9203125 0
1701031931554 -2.82265625 0
1701031976214 -2.73828125 0
1701032020893 -2.665625 0
1701032065597 -2.640625 0
1701032110754 -2.49296875 0
1701032155715 -2.421875 0
1701032200329 -2.33984375 0
