1701002065432 0.09999923408031464 0
1701002105692 0.9329273104667664 0
1701002150308 1.161869764328003 0
1701002199677 0.28223833441734314 0
1701002247878 -1.004563808441162 0
1701002296143 -2.4374396800994873 0
1701002341234 -3.9326486587524414 0
1701002385868 -5.465809345245361 0
1701002430640 -7.041884899139404 0
1701002475225 -8.64806079864502 0
1701002519960 -10.272195816040039 0
1701002566795 -11.906596183776855 0
1701002611900 -13.547703742980957 0
1701002656796 -15.193952560424805 0
1701002701625 -16.844478607177734 0
1701002746840 -18.498132705688477 0
1701002792355 -20.15398406982422 0
1701002837372 -21.811595916748047 0
1701002883300 -23.470319747924805 0
1701002928280 -25.129247665405273 0
1701002973164 -26.787933349609375 0
1701003017725 -28.445518493652344 0
1701003062496 -30.101640701293945 0
1701003107263 -31.756855010986328 0
1701003151903 -33.41181182861328 0
1701003196708 -35.06621170043945 0
1701003241203 -36.7198371887207 0
1701003285776 -38.37252426147461 0
1701003330469 -40.023258209228516 0
1701003375023 -41.6732063293457 0
1701003419784 -43.32216262817383 0
1701003464984 -44.9699592590332 0
1701003509991 -46.614967346191406 0
1701003554605 -48.25540542602539 0
1701003599809 -49.890872955322266 0
1701003645098 -51.52518844604492 0
1701003690060 -53.15776443481445 0
1701003734847 -54.784339904785156 0
1701003780152 -56.406517028808594 0
1701003825059 -58.02736282348633 0
1701003869799 -59.64957046508789 0
1701003914512 -61.272239685058594 0
1701003959188 -62.89363479614258 0
1701004003743 -64.51026916503906 0
1701004048407 -66.12236785888672 0
1701004093054 -67.73162078857422 0
1701004138494 -69.34088134765625 0
1701004185860 -70.94735717773438 0
1701004234320 -72.54962921142578 0
1701004281939 -74.1485824584961 0
1701004326446 -75.7421875 0
1701004370919 -77.32992553710938 0
1701004415664 -78.91224670410156 0
1701004460407 -80.49031829833984 0
1701004505060 -82.06488800048828 0
1701004549756 -83.63826751708984 0
1701004594687 -85.21240234375 0
1701004639347 -86.78828430175781 0
1701004683867 -88.36425018310547 0
1701004728597 -89.93708038330078 0
1701004773211 -91.50602722167969 0
1701004817748 -93.07219696044922 0
1701004862859 -94.63685607910156 0
1701004907802 -96.20006561279297 0
1701004952532 -97.76102447509766 0
1701004997226 -99.31893920898438 0
1701005041999 -100.87303161621094 0
1701005086595 -102.42412567138672 0
1701005131263 -103.97409057617188 0
1701005175884 -105.5231704711914 0
1701005220688 -107.06997680664062 0
1701005265167 -108.61404418945312 0
1701005309654 -110.15623474121094 0
1701005353988 -111.69757843017578 0
1701005398483 -113.23873901367188 0
1701005443749 -114.77766418457031 0
1701005489084 -116.31356811523438 0
1701005533998 -117.84608459472656 0
1701005578786 -119.37590026855469 0
1701005623529 -120.90235137939453 0
1701005668887 -122.42182922363281 0
1701005716249 -123.93364715576172 0
1701005764480 -125.43978118896484 0
1701005812467 -126.94007873535156 0
1701005857376 -128.43409729003906 0
1701005901783 -129.92066955566406 0
1701005946242 -131.39894104003906 0
1701005990772 -132.86875915527344 0
1701006035391 -134.32928466796875 0
1701006080339 -135.78091430664062 0
1701006125046 -137.2231903076172 0
1701006169816 -138.6547393798828 0
1701006215257 -140.07626342773438 0
1701006260232 -141.4886932373047 0
1701006305027 -142.89202880859375 0
1701006349668 -144.2862091064453 0
1701006394272 -145.6713409423828 0
1701006439184 -147.0469207763672 0
1701006483846 -148.41287231445312 0
1701006528811 -149.7694091796875 0
1701006573350 -151.117919921875 0
1701006618032 -152.45944213867188 0
1701006662679 -153.79324340820312 0
1701006707272 -155.11834716796875 0
1701006751832 -156.43600463867188 0
1701006796668 -157.74778747558594 0
1701006841204 -159.055419921875 0
1701006885862 -160.35948181152344 0
1701006930523 -161.6591033935547 0
1701006975417 -162.95321655273438 0
1701007020535 -164.2423553466797 0
1701007065092 -165.52627563476562 0
1701007109491 -166.80482482910156 0
1701007154219 -168.079345703125 0
1701007198837 -169.35081481933594 0
1701007243529 -170.61981201171875 0
1701007288183 -171.8846893310547 0
1701007332905 -173.14564514160156 0
1701007377603 -174.40464782714844 0
1701007422261 -175.66226196289062 0
1701007467572 -176.9178924560547 0
1701007512631 -178.17189025878906 0
1701007557367 -179.4251708984375 0
1701007602000 -180.677490234375 0
1701007646667 -181.92919921875 0
1701007691407 -183.17897033691406 0
1701007736642 -184.42489624023438 0
1701007781658 -185.66786193847656 0
1701007826313 -186.90960693359375 0
1701007873493 -188.14959716796875 0
1701007921227 -189.3876953125 0
1701007969580 -190.62521362304688 0
1701008015008 -191.86322021484375 0
1701008100007 -193.1017608642578 0
1701008145084 -194.3392333984375 0
1701008190420 -195.56797790527344 0
1701008235161 -196.783935546875 0
1701008279807 -197.9859161376953 0
1701008324630 -199.17323303222656 0
1701008369459 -200.3465118408203 0
1701008414253 -201.5061798095703 0
1701008458886 -202.652587890625 0
1701008503556 -203.7858123779297 0
1701008548411 -204.90670776367188 0
1701008593216 -206.0153350830078 0
1701008638040 -207.11192321777344 0
1701008682611 -208.19735717773438 0
1701008727387 -209.27203369140625 0
1701008772052 -210.33628845214844 0
1701008816697 -211.39151000976562 0
1701008861475 -212.43804931640625 0
1701008906150 -213.47642517089844 0
1701008950999 -214.50656127929688 0
1701008995992 -215.5284881591797 0
1701009040627 -216.54205322265625 0
1701009085503 -217.54713439941406 0
1701009130265 -218.54393005371094 0
1701009174765 -219.5324249267578 0
1701009219394 -220.5118865966797 0
1701009264072 -221.4825897216797 0
1701009308648 -222.4451141357422 0
1701009353443 -223.40025329589844 0
1701009400212 -224.348388671875 0
1701009448212 -225.28970336914062 0
1701009497061 -226.2244415283203 0
1701009544138 -227.15292358398438 0
1701009589110 -228.07498168945312 0
1701009633884 -228.99085998535156 0
1701009678568 -229.9008026123047 0
1701009723160 -230.80433654785156 0
1701009768135 -231.70150756835938 0
1701009813027 -232.59188842773438 0
1701009857924 -233.47613525390625 0
1701009902470 -234.35513305664062 0
1701009947162 -235.22906494140625 0
1701009991847 -236.09764099121094 0
1701010036631 -236.96084594726562 0
1701010081291 -237.81893920898438 0
1701010126069 -238.6720428466797 0
1701010170775 -239.51962280273438 0
1701010215339 -240.3613739013672 0
1701010259923 -241.19784545898438 0
1701010304724 -242.02943420410156 0
1701010349490 -242.8555908203125 0
1701010393990 -243.6753692626953 0
1701010438665 -244.4899139404297 0
1701010483454 -245.3005828857422 0
1701010527989 -246.1077880859375 0
1701010572703 -246.91143798828125 0
1701010617278 -247.71142578125 0
1701010662012 -248.50775146484375 0
1701010706744 -249.3002166748047 0
1701010751672 -250.08837890625 0
1701010796483 -250.87159729003906 0
1701010841916 -251.64976501464844 0
1701010887028 -252.4235382080078 0
1701010931848 -253.19345092773438 0
1701010976477 -253.9595184326172 0
1701011021290 -254.7215576171875 0
1701011065947 -255.47866821289062 0
1701011110928 -256.2309265136719 0
1701011155871 -256.97900390625 0
1701011200773 -257.72259521484375 0
1701011245591 -258.4613037109375 0
1701011290139 -259.195556640625 0
1701011334944 -259.9253845214844 0
1701011379940 -260.65106201171875 0
1701011424892 -261.37322998046875 0
1701011469701 -262.0920715332031 0
1701011515710 -262.807861328125 0
1701011564797 -263.5208740234375 0
1701011613478 -264.23077392578125 0
1701011659640 -264.9374084472656 0
1701011704348 -265.6407775878906 0
1701011749035 -266.3406982421875 0
1701011794229 -267.0365905761719 0
1701011839276 -267.72833251953125 0
1701011883827 -268.416259765625 0
1701011928359 -269.1006164550781 0
1701011973055 -269.78173828125 0
1701012017788 -270.46002197265625 0
1701012062487 -271.1356506347656 0
1701012107421 -271.80841064453125 0
1701012152050 -272.478271484375 0
1701012196971 -273.144775390625 0
1701012241830 -273.8080749511719 0
1701012286548 -274.46826171875 0
1701012331132 -275.1256408691406 0
1701012375922 -275.7799377441406 0
1701012420552 -276.430908203125 0
1701012465223 -277.07904052734375 0
1701012510065 -277.724609375 0
1701012555115 -278.3670654296875 0
1701012599800 -279.0057067871094 0
1701012644474 -279.6406555175781 0
1701012689711 -280.2726135253906 0
1701012734423 -280.90185546875 0
1701012779214 -281.5284423828125 0
1701012824569 -282.1524963378906 0
1701012869948 -282.7739562988281 0
1701012914876 -283.3923645019531 0
1701012959707 -284.0071716308594 0
1701013004373 -284.6181335449219 0
1701013048967 -285.2250061035156 0
1701013094409 -285.82830810546875 0
1701013139483 -286.4284362792969 0
1701013184265 -287.0256042480469 0
1701013229038 -287.61993408203125 0
1701013275848 -288.2113952636719 0
1701013324029 -288.7999267578125 0
1701013373102 -289.38482666015625 0
1701013419411 -289.96551513671875 0
1701013464091 -290.5423583984375 0
1701013508784 -291.1159362792969 0
1701013553317 -291.68646240234375 0
1701013598003 -292.2536926269531 0
1701013642804 -292.8173522949219 0
1701013687560 -293.3778076171875 0
1701013732112 -293.9352111816406 0
1701013776788 -294.4891357421875 0
1701013821680 -295.0396728515625 0
1701013866207 -295.58770751953125 0
1701013910778 -296.1335144042969 0
1701013955427 -296.6769714355469 0
1701014000067 -297.21759033203125 0
1701014045006 -297.75555419921875 0
1701014090091 -298.2910461425781 0
1701014175873 -298.8239440917969 0
1701014220840 -299.3541564941406 0
1701014265579 -299.8817138671875 0
1701014310319 -300.4069519042969 0
1701014354884 -300.9299621582031 0
1701014399900 -301.4502868652344 0
1701014444968 -301.96826171875 0
1701014489713 -302.48388671875 0
1701014534294 -302.996826171875 0
1701014578932 -303.507080078125 0
1701014623919 -304.0146484375 0
1701014668618 -304.5198669433594 0
1701014713212 -305.0226135253906 0
1701014757972 -305.52264404296875 0
1701014802583 -306.0201416015625 0
1701014847183 -306.51507568359375 0
1701014891868 -307.0072021484375 0
1701014936719 -307.4962158203125 0
1701014981507 -307.9819030761719 0
1701015026143 -308.46466064453125 0
1701015070775 -308.94482421875 0
1701015115499 -309.4219665527344 0
1701015162601 -309.8963317871094 0
1701015210767 -310.3681640625 0
1701015259706 -310.8376770019531 0
1701015305447 -311.3048400878906 0
1701015351194 -311.76947021484375 0
1701015396569 -312.2319030761719 0
1701015441732 -312.69232177734375 0
1701015486275 -313.1504821777344 0
1701015531024 -313.6064147949219 0
1701015575884 -314.06036376953125 0
1701015620611 -314.5122985839844 0
1701015665432 -314.9620056152344 0
1701015710176 -315.4093933105469 0
1701015754871 -315.85430908203125 0
1701015799319 -316.2965087890625 0
1701015843969 -316.73638916015625 0
1701015888548 -317.1737976074219 0
1701015933224 -317.60821533203125 0
1701015978272 -318.03997802734375 0
1701016022917 -318.46942138671875 0
1701016067568 -318.8964538574219 0
1701016112107 -319.320556640625 0
1701016156789 -319.74212646484375 0
1701016201368 -320.1613464355469 0
1701016246079 -320.5780029296875 0
1701016290571 -320.99169921875 0
1701016335246 -321.4027404785156 0
1701016379880 -321.8110046386719 0
1701016424404 -322.21630859375 0
1701016469099 -322.6177978515625 0
1701016513646 -323.015380859375 0
1701016558210 -323.40997314453125 0
1701016603068 -323.80194091796875 0
1701016647943 -324.19134521484375 0
1701016692635 -324.57769775390625 0
1701016739376 -324.96051025390625 0
1701016788364 -325.3398132324219 0
1701016837063 -325.7160339355469 0
1701016883400 -326.0896301269531 0
1701016928620 -326.46087646484375 0
1701016973337 -326.83001708984375 0
1701017018020 -327.197021484375 0
1701017062587 -327.561279296875 0
1701017107195 -327.9217224121094 0
1701017151675 -328.2787170410156 0
1701017196303 -328.6319580078125 0
1701017241157 -328.98101806640625 0
1701017285663 -329.32635498046875 0
1701017330426 -329.6682434082031 0
1701017375284 -330.00677490234375 0
1701017420383 -330.3417663574219 0
1701017465151 -330.67279052734375 0
1701017509796 -331.00018310546875 0
1701017554454 -331.32421875 0
1701017599132 -331.6448059082031 0
1701017643715 -331.96240234375 0
1701017688858 -332.27728271484375 0
1701017734084 -332.5892028808594 0
1701017778907 -332.89788818359375 0
1701017823672 -333.2037048339844 0
1701017868487 -333.50689697265625 0
1701017913351 -333.8073425292969 0
1701017958079 -334.1043701171875 0
1701018002995 -334.3981018066406 0
1701018047860 -334.68878173828125 0
1701018092723 -334.97607421875 0
1701018137536 -335.2590026855469 0
1701018182515 -335.537109375 0
1701018227404 -335.81103515625 0
1701018272386 -336.08056640625 0
1701018317325 -336.3453674316406 0
1701018361935 -336.6044616699219 0
1701018406851 -336.8575134277344 0
1701018451644 -337.10565185546875 0
1701018496688 -337.34954833984375 0
1701018541683 -337.5898742675781 0
1701018586823 -337.8271789550781 0
1701018631784 -338.06170654296875 0
1701018676792 -338.292724609375 0
1701018721772 -338.5195007324219 0
1701018766820 -338.7418212890625 0
1701018811752 -338.960205078125 0
1701018856732 -339.1752014160156 0
1701018902002 -339.38702392578125 0
1701018950279 -339.59527587890625 0
1701018999804 -339.7994689941406 0
1701019047679 -340.0000915527344 0
1701019092747 -340.19580078125 0
1701019137635 -340.3861083984375 0
1701019182496 -340.5712585449219 0
1701019227204 -340.75091552734375 0
1701019272232 -340.9246826171875 0
1701019317188 -341.0932312011719 0
1701019361879 -341.25714111328125 0
1701019406700 -341.41668701171875 0
1701019451723 -341.57183837890625 0
1701019496604 -341.7221374511719 0
1701019541335 -341.8667907714844 0
1701019586227 -342.00482177734375 0
1701019631352 -342.135009765625 0
1701019676383 -342.25775146484375 0
1701019721180 -342.3749694824219 0
1701019766090 -342.4874572753906 0
1701019810879 -342.5946044921875 0
1701019855828 -342.6964416503906 0
1701019900580 -342.793701171875 0
1701019945488 -342.88671875 0
1701019990563 -342.9749450683594 0
1701020035488 -343.05804443359375 0
1701020081783 -343.1363830566406 0
1701020131279 -343.2101745605469 0
1701020219484 -343.27984619140625 0
1701020265316 -343.3456115722656 0
1701020310385 -343.4075927734375 0
1701020355215 -343.4657897949219 0
1701020399757 -343.5201110839844 0
1701020444796 -343.570556640625 0
1701020489536 -343.6170959472656 0
1701020534584 -343.6598205566406 0
1701020579492 -343.69873046875 0
1701020624327 -343.73394775390625 0
1701020669148 -343.765380859375 0
1701020714032 -343.7928771972656 0
1701020759058 -343.81646728515625 0
1701020804055 -343.836181640625 0
1701020849051 -343.85174560546875 0
1701020894116 -343.8621520996094 0
1701020938887 -343.8672180175781 0
1701020983783 -343.86700439453125 0
1701021028812 -343.8627014160156 0
1701021073684 -343.8546142578125 0
1701021118732 -343.84259033203125 0
1701021163434 -343.8266296386719 0
1701021208251 -343.80657958984375 0
1701021253118 -343.78228759765625 0
1701021297937 -343.7535095214844 0
1701021342612 -343.71917724609375 0
1701021387344 -343.6797790527344 0
1701021432016 -343.6358947753906 0
1701021476638 -343.58770751953125 0
1701021521348 -343.5353698730469 0
1701021566142 -343.4789123535156 0
1701021611042 -343.4183044433594 0
1701021656024 -343.3533020019531 0
1701021700823 -343.2838439941406 0
1701021745445 -343.2099304199219 0
1701021790060 -343.1315002441406 0
1701021834852 -343.0482177734375 0
1701021879927 -342.959716796875 0
1701021924925 -342.8656311035156 0
1701021969540 -342.7655334472656 0
1701022014296 -342.6591796875 0
1701022058952 -342.54736328125 0
1701022103911 -342.4306640625 0
1701022148674 -342.3093566894531 0
1701022193361 -342.1834716796875 0
1701022238380 -342.0528259277344 0
1701022283144 -341.9167175292969 0
1701022327689 -341.77435302734375 0
1701022372215 -341.62615966796875 0
1701022416755 -341.47198486328125 0
1701022463971 -341.31121826171875 0
1701022511671 -341.1444396972656 0
1701022559562 -340.9722900390625 0
1701022604420 -340.7950744628906 0
1701022649581 -340.6128234863281 0
1701022694219 -340.4255065917969 0
1701022738888 -340.2330627441406 0
1701022783377 -340.0352783203125 0
1701022828011 -339.8319396972656 0
1701022872605 -339.6228942871094 0
1701022917103 -339.4070739746094 0
1701022962814 -339.183837890625 0
1701023008132 -338.9541015625 0
1701023053656 -338.7186584472656 0
1701023098915 -338.4772644042969 0
1701023144179 -338.2296142578125 0
1701023189864 -337.97528076171875 0
1701023234949 -337.7147216796875 0
1701023279934 -337.44842529296875 0
1701023324718 -337.17645263671875 0
1701023369831 -336.8985900878906 0
1701023415062 -336.6147766113281 0
1701023460140 -336.3248291015625 0
1701023504793 -336.02850341796875 0
1701023549539 -335.7257080078125 0
1701023594846 -335.4158630371094 0
1701023639896 -335.0995178222656 0
1701023685000 -334.7774353027344 0
1701023730171 -334.4498291015625 0
1701023775599 -334.1155700683594 0
1701023820651 -333.7744445800781 0
1701023865236 -333.4266052246094 0
1701023910085 -333.07196044921875 0
1701023955139 -332.7106018066406 0
1701023999746 -332.3415222167969 0
1701024044524 -331.9646301269531 0
1701024089134 -331.58013916015625 0
1701024135173 -331.18817138671875 0
1701024183022 -330.7888488769531 0
1701024231132 -330.3827819824219 0
1701024278890 -329.9702453613281 0
1701024323425 -329.5511169433594 0
1701024367804 -329.12548828125 0
1701024412537 -328.69342041015625 0
1701024457169 -328.25518798828125 0
1701024501893 -327.81109619140625 0
1701024546696 -327.3611755371094 0
1701024591436 -326.9053955078125 0
1701024636138 -326.4435729980469 0
1701024680668 -325.9752502441406 0
1701024725255 -325.50048828125 0
1701024769903 -325.0193786621094 0
1701024814299 -324.5318603515625 0
1701024859068 -324.0374755859375 0
1701024904326 -323.5355529785156 0
1701024949286 -323.0263671875 0
1701024993987 -322.51007080078125 0
1701025038578 -321.986328125 0
1701025083236 -321.4555358886719 0
1701025127915 -320.9180908203125 0
1701025172812 -320.3741149902344 0
1701025217809 -319.82342529296875 0
1701025262555 -319.2629089355469 0
1701025307185 -318.690673828125 0
1701025351781 -318.1073303222656 0
1701025396504 -317.5145568847656 0
1701025441361 -316.9131164550781 0
1701025486139 -316.3025207519531 0
1701025530790 -315.6833801269531 0
1701025575498 -315.0567321777344 0
1701025620193 -314.4230651855469 0
1701025664818 -313.7824401855469 0
1701025709452 -313.1336364746094 0
1701025753992 -312.47650146484375 0
1701025798640 -311.8114013671875 0
1701025843251 -311.13885498046875 0
1701025887932 -310.4594421386719 0
1701025932592 -309.7735595703125 0
1701025977108 -309.0814208984375 0
1701026022716 -308.38330078125 0
1701026071040 -307.6797180175781 0
1701026118823 -306.9710388183594 0
1701026166253 -306.2566223144531 0
1701026262824 -305.5355529785156 0
1701026308015 -304.80926513671875 0
1701026352659 -304.0793151855469 0
1701026397301 -303.3406677246094 0
1701026442424 -302.5906982421875 0
1701026487083 -301.8302307128906 0
1701026531746 -301.06109619140625 0
1701026576328 -300.28509521484375 0
1701026620921 -299.50323486328125 0
1701026665659 -298.7143859863281 0
1701026710272 -297.91705322265625 0
1701026754856 -297.11187744140625 0
1701026799553 -296.30010986328125 0
1701026844147 -295.48199462890625 0
1701026888775 -294.6573181152344 0
1701026933364 -293.8261413574219 0
1701026978147 -292.98846435546875 0
1701027022860 -292.1444091796875 0
1701027067529 -291.294189453125 0
1701027112453 -290.4380798339844 0
1701027157363 -289.5762939453125 0
1701027202018 -288.70867919921875 0
1701027246651 -287.83502197265625 0
1701027291452 -286.9558410644531 0
1701027336092 -286.0711364746094 0
1701027381129 -285.1805725097656 0
1701027426866 -284.2846374511719 0
1701027471968 -283.3836975097656 0
1701027516581 -282.4776611328125 0
1701027561178 -281.5666809082031 0
1701027605854 -280.6503601074219 0
1701027650488 -279.72857666015625 0
1701027695084 -278.8013000488281 0
1701027739752 -277.8677673339844 0
1701027786901 -276.9278259277344 0
1701027835362 -275.9820861816406 0
1701027883532 -275.0307922363281 0
1701027928768 -274.07305908203125 0
1701027973081 -273.1072998046875 0
1701028017796 -272.1347961425781 0
1701028062945 -271.1572265625 0
1701028107547 -270.1750183105469 0
1701028152406 -269.188232421875 0
1701028197010 -268.1972351074219 0
1701028241776 -267.2025146484375 0
1701028286645 -266.2029724121094 0
1701028331261 -265.1977233886719 0
1701028375925 -264.1868591308594 0
1701028420564 -263.1711120605469 0
1701028465262 -262.15130615234375 0
1701028509853 -261.1279296875 0
1701028554674 -260.1014709472656 0
1701028599407 -259.07196044921875 0
1701028643958 -258.0393981933594 0
1701028688784 -257.0037536621094 0
1701028733472 -255.9646759033203 0
1701028778097 -254.92239379882812 0
1701028822760 -253.87692260742188 0
1701028867406 -252.8280792236328 0
1701028912219 -251.77598571777344 0
1701028956904 -250.7209014892578 0
1701029003605 -249.66311645507812 0
1701029052019 -248.60223388671875 0
1701029100381 -247.5379638671875 0
1701029146055 -246.470458984375 0
1701029190686 -245.39984130859375 0
1701029236083 -244.3260040283203 0
1701029281293 -243.24908447265625 0
1701029326687 -242.1696319580078 0
1701029371696 -241.0878143310547 0
1701029416450 -240.0032196044922 0
1701029461068 -238.9156951904297 0
1701029505748 -237.8251495361328 0
1701029550331 -236.73155212402344 0
1701029594980 -235.63482666015625 0
1701029639846 -234.53575134277344 0
1701029684459 -233.4390411376953 0
1701029729164 -232.351806640625 0
1701029773807 -231.28158569335938 0
1701029818445 -230.23452758789062 0
1701029863140 -229.21482849121094 0
1701029907839 -228.22584533691406 0
1701029952324 -227.2712860107422 0
1701029996891 -226.3557586669922 0
1701030041570 -225.47930908203125 0
1701030086299 -224.6237030029297 0
1701030131136 -223.79275512695312 0
1701030176003 -222.9894256591797 0
1701030220691 -222.20741271972656 0
1701030265430 -221.4458770751953 0
1701030310273 -220.703125 0
1701030355271 -219.9788818359375 0
1701030400455 -219.27255249023438 0
1701030445541 -218.58316040039062 0
1701030490899 -217.91009521484375 0
1701030535916 -217.25331115722656 0
1701030580884 -216.61183166503906 0
1701030625511 -215.98574829101562 0
1701030669918 -215.3740234375 0
1701030714504 -214.77633666992188 0
1701030759087 -214.1936798095703 0
1701030803531 -213.62521362304688 0
1701030848297 -213.07041931152344 0
1701030892848 -212.5273895263672 0
1701030937580 -211.99769592285156 0
1701030982557 -211.48077392578125 0
1701031027416 -210.97622680664062 0
1701031072279 -210.48330688476562 0
1701031116887 -210.00228881835938 0
1701031161578 -209.533447265625 0
1701031206455 -209.0757598876953 0
1701031251160 -208.62908935546875 0
1701031295823 -208.1927490234375 0
1701031341003 -207.76687622070312 0
1701031388532 -207.35125732421875 0
1701031437333 -206.9459686279297 0
1701031484653 -206.5504608154297 0
1701031529491 -206.16046142578125 0
1701031574255 -205.7783966064453 0
1701031619211 -205.40896606445312 0
1701031663830 -205.04579162597656 0
1701031708611 -204.69212341308594 0
1701031753131 -204.3459930419922 0
1701031797719 -204.01119995117188 0
1701031842335 -203.68594360351562 0
1701031887027 -203.36993408203125 0
1701031931555 -203.06167602539062 0
1701031976215 -202.76187133789062 0
1701032020894 -202.46865844726562 0
1701032065599 -202.1805419921875 0
1701032110755 -201.8997802734375 0
1701032155717 -201.62820434570312 0
1701032200331 -201.36465454101562 0
