1701002065433 0.09942184388637543 0
1701002105693 0.8390203714370728 0
1701002150309 1.3692659139633179 0
1701002199678 2.440319061279297 0
1701002247878 3.8082969188690186 0
1701002296143 5.3374223709106445 0
1701002341235 6.96742582321167 0
1701002385869 8.675951957702637 0
1701002430640 10.4690580368042 0
1701002475225 12.321028709411621 0
1701002519961 14.211620330810547 0
1701002566795 16.128721237182617 0
1701002611901 18.066740036010742 0
1701002656796 20.022783279418945 0
1701002701626 21.994707107543945 0
1701002746841 23.979585647583008 0
1701002792356 25.97503662109375 0
1701002837372 27.97977066040039 0
1701002883301 29.991893768310547 0
1701002928280 32.00922393798828 0
1701002973165 34.03059768676758 0
1701003017725 36.053977966308594 0
1701003062496 38.07851028442383 0
1701003107264 40.105316162109375 0
1701003151904 42.13554382324219 0
1701003196709 44.16815185546875 0
1701003241204 46.20244216918945 0
1701003285776 48.23784255981445 0
1701003330469 50.271915435791016 0
1701003375024 52.307350158691406 0
1701003419785 54.343421936035156 0
1701003464984 56.37960433959961 0
1701003509992 58.412052154541016 0
1701003554606 60.436832427978516 0
1701003599810 62.45341491699219 0
1701003645099 64.4708251953125 0
1701003690060 66.4872817993164 0
1701003734848 68.49278259277344 0
1701003780152 70.49154663085938 0
1701003825060 72.49070739746094 0
1701003869800 74.49622344970703 0
1701003914513 76.50537872314453 0
1701003959189 78.51374816894531 0
1701004003744 80.51319885253906 0
1701004048408 82.5045394897461 0
1701004093054 84.49201202392578 0
1701004138495 86.48219299316406 0
1701004185861 88.46814727783203 0
1701004234321 90.4466552734375 0
1701004281939 92.41995239257812 0
1701004326446 94.38325500488281 0
1701004370920 96.33556365966797 0
1701004415665 98.2782211303711 0
1701004460407 100.21401977539062 0
1701004505061 102.14476013183594 0
1701004549757 104.07581329345703 0
1701004594688 106.01154327392578 0
1701004639348 107.95391845703125 0
1701004683868 109.89864349365234 0
1701004728597 111.83788299560547 0
1701004773212 113.76998138427734 0
1701004817748 115.69771575927734 0
1701004862859 117.62407684326172 0
1701004907803 119.549072265625 0
1701004952532 121.47076416015625 0
1701004997227 123.38722229003906 0
1701005041999 125.29664611816406 0
1701005086596 127.20108795166016 0
1701005131264 129.1050262451172 0
1701005175885 131.00885009765625 0
1701005220688 132.90924072265625 0
1701005265168 134.8050537109375 0
1701005309655 136.6983184814453 0
1701005353989 138.59149169921875 0
1701005398484 140.48602294921875 0
1701005443749 142.37692260742188 0
1701005489085 144.26226806640625 0
1701005533999 146.1412811279297 0
1701005578786 148.01577758789062 0
1701005623529 149.88404846191406 0
1701005668887 151.7375946044922 0
1701005716250 153.5751495361328 0
1701005764481 155.40159606933594 0
1701005812468 157.21673583984375 0
1701005857377 159.01956176757812 0
1701005901784 160.8075714111328 0
1701005946243 162.5789031982422 0
1701005990772 164.3333282470703 0
1701006035392 166.06918334960938 0
1701006080339 167.7875213623047 0
1701006125047 169.487548828125 0
1701006169816 171.16616821289062 0
1701006215257 172.8252410888672 0
1701006260233 174.4669952392578 0
1701006305028 176.0916290283203 0
1701006349669 177.6990966796875 0
1701006394273 179.2896728515625 0
1701006439184 180.8623046875 0
1701006483847 182.41685485839844 0
1701006528812 183.9539794921875 0
1701006573351 185.47674560546875 0
1701006618033 186.9875946044922 0
1701006662680 188.48477172851562 0
1701006707272 189.9661865234375 0
1701006751832 191.4346466064453 0
1701006796669 192.89353942871094 0
1701006841204 194.3466339111328 0
1701006885863 195.795166015625 0
1701006930524 197.23715209960938 0
1701006975418 198.6700439453125 0
1701007020536 200.09515380859375 0
1701007065093 201.51182556152344 0
1701007109492 202.9197235107422 0
1701007154220 204.32162475585938 0
1701007198838 205.71971130371094 0
1701007243530 207.11520385742188 0
1701007288184 208.5043487548828 0
1701007332906 209.8875732421875 0
1701007377604 211.26913452148438 0
1701007422262 212.6502227783203 0
1701007467573 214.02938842773438 0
1701007512632 215.4074249267578 0
1701007557368 216.78623962402344 0
1701007602001 218.16517639160156 0
1701007646668 219.54505920410156 0
1701007691407 220.92274475097656 0
1701007736643 222.29415893554688 0
1701007781659 223.66114807128906 0
1701007826314 225.0275115966797 0
1701007873493 226.3920440673828 0
1701007921228 227.75433349609375 0
1701007969581 229.11732482910156 0
1701008015009 230.4832000732422 0
1701008100008 231.85206604003906 0
1701008145084 233.22030639648438 0
1701008190421 234.57106018066406 0
1701008235162 235.895751953125 0
1701008279808 237.19212341308594 0
1701008324631 238.45892333984375 0
1701008369460 239.69786071777344 0
1701008414253 240.90992736816406 0
1701008458887 242.09625244140625 0
1701008503556 243.2571563720703 0
1701008548412 244.3945770263672 0
1701008593217 245.5088348388672 0
1701008638041 246.60055541992188 0
1701008682612 247.6717071533203 0
1701008727387 248.72303771972656 0
1701008772053 249.75538635253906 0
1701008816698 250.77159118652344 0
1701008861476 251.77239990234375 0
1701008906150 252.7587890625 0
1701008951000 253.73065185546875 0
1701008995993 254.6881866455078 0
1701009040628 255.63108825683594 0
1701009085504 256.5592041015625 0
1701009130266 257.47296142578125 0
1701009174765 258.3724060058594 0
1701009219395 259.2562255859375 0
1701009264072 260.125 0
1701009308649 260.9798583984375 0
1701009353444 261.8222351074219 0
1701009400213 262.65283203125 0
1701009448213 263.4720153808594 0
1701009497061 264.2802734375 0
1701009544139 265.0782165527344 0
1701009589111 265.8654479980469 0
1701009633884 266.6424560546875 0
1701009678568 267.4097595214844 0
1701009723160 268.1665954589844 0
1701009768136 268.9129943847656 0
1701009813028 269.6483459472656 0
1701009857924 270.3736877441406 0
1701009902471 271.0906066894531 0
1701009947162 271.7994384765625 0
1701009991848 272.4996032714844 0
1701010036632 273.1911315917969 0
1701010081292 273.87457275390625 0
1701010126070 274.5500793457031 0
1701010170776 275.21673583984375 0
1701010215340 275.8742370605469 0
1701010259924 276.5234069824219 0
1701010304725 277.16485595703125 0
1701010349491 277.7978210449219 0
1701010393990 278.42083740234375 0
1701010438666 279.03570556640625 0
1701010483455 279.64453125 0
1701010527990 280.2479248046875 0
1701010572703 280.84576416015625 0
1701010617278 281.43792724609375 0
1701010662013 282.0243835449219 0
1701010706745 282.6048278808594 0
1701010751672 283.1787109375 0
1701010796484 283.7450866699219 0
1701010841917 284.30389404296875 0
1701010887029 284.8559875488281 0
1701010931848 285.40216064453125 0
1701010976478 285.9425964355469 0
1701011021290 286.4768981933594 0
1701011065948 287.0039367675781 0
1701011110929 287.5238342285156 0
1701011155872 288.0374450683594 0
1701011200774 288.54449462890625 0
1701011245592 289.0444641113281 0
1701011290140 289.53790283203125 0
1701011334945 290.02484130859375 0
1701011379940 290.50579833984375 0
1701011424892 290.98162841796875 0
1701011469702 291.4525451660156 0
1701011515711 291.9189147949219 0
1701011564798 292.3810729980469 0
1701011613478 292.83868408203125 0
1701011659641 293.29168701171875 0
1701011704348 293.7398681640625 0
1701011749036 294.1830749511719 0
1701011794230 294.6206970214844 0
1701011839276 295.052490234375 0
1701011883828 295.47894287109375 0
1701011928360 295.9004211425781 0
1701011973055 296.3173522949219 0
1701012017788 296.7301940917969 0
1701012062488 297.1391906738281 0
1701012107422 297.5440979003906 0
1701012152051 297.9449157714844 0
1701012196972 298.3412170410156 0
1701012241831 298.7329406738281 0
1701012286548 299.12042236328125 0
1701012331133 299.5040283203125 0
1701012375923 299.8834533691406 0
1701012420553 300.25836181640625 0
1701012465224 300.62939453125 0
1701012510066 300.99688720703125 0
1701012555116 301.3602600097656 0
1701012599800 301.71868896484375 0
1701012644475 302.07232666015625 0
1701012689712 302.4219970703125 0
1701012734424 302.7680358886719 0
1701012779215 303.1104736328125 0
1701012824570 303.4496154785156 0
1701012869949 303.7852478027344 0
1701012914876 304.116943359375 0
1701012959708 304.4441223144531 0
1701013004374 304.7666015625 0
1701013048968 305.08416748046875 0
1701013094409 305.3973083496094 0
1701013139484 305.7065124511719 0
1701013184266 306.01202392578125 0
1701013229039 306.3139953613281 0
1701013275849 306.6124267578125 0
1701013324030 306.9072570800781 0
1701013373103 307.1977844238281 0
1701013419412 307.4835510253906 0
1701013464092 307.7649230957031 0
1701013508784 308.0423583984375 0
1701013553318 308.3161315917969 0
1701013598003 308.5862731933594 0
1701013642804 308.8524475097656 0
1701013687561 309.11492919921875 0
1701013732112 309.3739318847656 0
1701013776789 309.6290588378906 0
1701013821681 309.88043212890625 0
1701013866208 310.1288757324219 0
1701013910779 310.3747253417969 0
1701013955427 310.6177978515625 0
1701014000068 310.8578186035156 0
1701014045007 311.09478759765625 0
1701014090092 311.3289489746094 0
1701014175874 311.5602111816406 0
1701014220840 311.78863525390625 0
1701014265580 312.01409912109375 0
1701014310320 312.23699951171875 0
1701014354885 312.4573974609375 0
1701014399900 312.6749572753906 0
1701014444969 312.88995361328125 0
1701014489713 313.1023864746094 0
1701014534294 313.31207275390625 0
1701014578933 313.51898193359375 0
1701014623920 313.7231140136719 0
1701014668619 313.9248046875 0
1701014713212 314.1239929199219 0
1701014757973 314.3204345703125 0
1701014802584 314.51434326171875 0
1701014847184 314.7056579589844 0
1701014891868 314.8943176269531 0
1701014936720 315.08001708984375 0
1701014981507 315.2626647949219 0
1701015026143 315.4424743652344 0
1701015070775 315.6198425292969 0
1701015115499 315.7945251464844 0
1701015162602 315.9665832519531 0
1701015210767 316.1362609863281 0
1701015259706 316.30377197265625 0
1701015305448 316.4690856933594 0
1701015351195 316.632080078125 0
1701015396569 316.79302978515625 0
1701015441732 316.95208740234375 0
1701015486276 317.10906982421875 0
1701015531025 317.2640380859375 0
1701015575885 317.4171447753906 0
1701015620611 317.5683898925781 0
1701015665432 317.71771240234375 0
1701015710177 317.8650207519531 0
1701015754872 318.01019287109375 0
1701015799320 318.1531066894531 0
1701015843969 318.2940368652344 0
1701015888548 318.4329833984375 0
1701015933225 318.5696105957031 0
1701015978272 318.7040100097656 0
1701016022918 318.8365478515625 0
1701016067568 318.96710205078125 0
1701016112108 319.0954895019531 0
1701016156790 319.22186279296875 0
1701016201369 319.3464050292969 0
1701016246080 319.468994140625 0
1701016290571 319.5894470214844 0
1701016335246 319.7078857421875 0
1701016379881 319.8243713378906 0
1701016424404 319.9386901855469 0
1701016469100 320.050537109375 0
1701016513647 320.1598205566406 0
1701016558211 320.2670593261719 0
1701016603069 320.3724670410156 0
1701016647944 320.4761047363281 0
1701016692636 320.5777282714844 0
1701016739376 320.6771240234375 0
1701016788364 320.7743835449219 0
1701016837064 320.86968994140625 0
1701016883401 320.9632873535156 0
1701016928620 321.05535888671875 0
1701016973338 321.1460266113281 0
1701017018020 321.2353515625 0
1701017062588 321.322998046875 0
1701017107196 321.4084777832031 0
1701017151676 321.49200439453125 0
1701017196304 321.5734558105469 0
1701017241158 321.6527099609375 0
1701017285664 321.7299499511719 0
1701017330427 321.80535888671875 0
1701017375285 321.8789978027344 0
1701017420383 321.9507751464844 0
1701017465152 322.0205993652344 0
1701017509797 322.088623046875 0
1701017554455 322.15496826171875 0
1701017599132 322.21966552734375 0
1701017643716 322.28289794921875 0
1701017688858 322.34478759765625 0
1701017734085 322.40521240234375 0
1701017778908 322.4641418457031 0
1701017823672 322.5217590332031 0
1701017868488 322.5781555175781 0
1701017913352 322.6333312988281 0
1701017958080 322.6870422363281 0
1701018002996 322.73931884765625 0
1701018047861 322.790283203125 0
1701018092723 322.8398742675781 0
1701018137537 322.88775634765625 0
1701018182516 322.933837890625 0
1701018227404 322.9783630371094 0
1701018272387 323.021240234375 0
1701018317326 323.06243896484375 0
1701018361936 323.10174560546875 0
1701018406852 323.1390380859375 0
1701018451644 323.17474365234375 0
1701018496688 323.2090759277344 0
1701018541684 323.2422790527344 0
1701018586824 323.2745056152344 0
1701018631784 323.3057861328125 0
1701018676793 323.3360290527344 0
1701018721773 323.36505126953125 0
1701018766820 323.392822265625 0
1701018811752 323.4194641113281 0
1701018856732 323.4451904296875 0
1701018902002 323.47003173828125 0
1701018950280 323.493896484375 0
1701018999805 323.5167541503906 0
1701019047680 323.5387268066406 0
1701019092748 323.5595397949219 0
1701019137636 323.5791320800781 0
1701019182497 323.59759521484375 0
1701019227205 323.6148681640625 0
1701019272232 323.6309814453125 0
1701019317188 323.6460876464844 0
1701019361880 323.6602783203125 0
1701019406700 323.67364501953125 0
1701019451724 323.68621826171875 0
1701019496604 323.697998046875 0
1701019541336 323.7088317871094 0
1701019586228 323.7186584472656 0
1701019631352 323.72735595703125 0
1701019676384 323.7350769042969 0
1701019721180 323.7420654296875 0
1701019766091 323.7484436035156 0
1701019810880 323.75421142578125 0
1701019855828 323.7593994140625 0
1701019900580 323.7641296386719 0
1701019945489 323.7684326171875 0
1701019990564 323.77227783203125 0
1701020035489 323.77569580078125 0
1701020081784 323.7786865234375 0
1701020131279 323.7813415527344 0
1701020219484 323.78369140625 0
1701020265317 323.7857971191406 0
1701020310385 323.7876281738281 0
1701020355216 323.7892150878906 0
1701020399757 323.7906188964844 0
1701020444797 323.7918395996094 0
1701020489537 323.7928161621094 0
1701020534584 323.7937316894531 0
1701020579493 323.79437255859375 0
1701020624328 323.79498291015625 0
1701020669149 323.7954406738281 0
1701020714033 323.7957458496094 0
1701020759059 323.7960510253906 0
1701020804056 323.79632568359375 0
1701020849052 323.79632568359375 0
1701020894117 323.79632568359375 0
1701020938888 323.79632568359375 0
1701020983784 323.79632568359375 0
1701021028813 323.79632568359375 0
1701021073685 323.79632568359375 0
1701021118733 323.79632568359375 0
1701021163435 323.79632568359375 0
1701021208251 323.7966003417969 0
1701021253119 323.7969055175781 0
1701021297938 323.7972106933594 0
1701021342612 323.7977600097656 0
1701021387345 323.7983703613281 0
1701021432017 323.79925537109375 0
1701021476639 323.8001708984375 0
1701021521348 323.8013916015625 0
1701021566142 323.80267333984375 0
1701021611043 323.80419921875 0
1701021656025 323.80596923828125 0
1701021700824 323.8079528808594 0
1701021745445 323.8101501464844 0
1701021790060 323.8126220703125 0
1701021834853 323.8154296875 0
1701021879927 323.8185729980469 0
1701021924926 323.8221130371094 0
1701021969540 323.8260803222656 0
1701022014297 323.8305358886719 0
1701022058953 323.83544921875 0
1701022103912 323.8407897949219 0
1701022148675 323.84649658203125 0
1701022193361 323.8526306152344 0
1701022238380 323.85919189453125 0
1701022283145 323.8663024902344 0
1701022327689 323.8740234375 0
1701022372216 323.8823547363281 0
1701022416756 323.8913269042969 0
1701022463972 323.90106201171875 0
1701022511672 323.9114685058594 0
1701022559563 323.9224853515625 0
1701022604420 323.9341125488281 0
1701022649582 323.94635009765625 0
1701022694220 323.9591979980469 0
1701022738889 323.97271728515625 0
1701022783378 323.9869384765625 0
1701022828011 324.00189208984375 0
1701022872606 324.01763916015625 0
1701022917104 324.0343322753906 0
1701022962814 324.0520935058594 0
1701023008132 324.0708312988281 0
1701023053656 324.0904235839844 0
1701023098916 324.1109313964844 0
1701023144179 324.1324462890625 0
1701023189865 324.15496826171875 0
1701023234950 324.17852783203125 0
1701023279935 324.20306396484375 0
1701023324719 324.2285461425781 0
1701023369832 324.2550354003906 0
1701023415063 324.2825622558594 0
1701023460141 324.3111572265625 0
1701023504794 324.34088134765625 0
1701023549540 324.3717956542969 0
1701023594847 324.404052734375 0
1701023639896 324.4375 0
1701023685000 324.4720458984375 0
1701023730172 324.5076599121094 0
1701023775600 324.5445861816406 0
1701023820652 324.5829162597656 0
1701023865237 324.6225891113281 0
1701023910085 324.6636962890625 0
1701023955140 324.70623779296875 0
1701023999747 324.75042724609375 0
1701024044524 324.7963562011719 0
1701024089135 324.84393310546875 0
1701024135174 324.89324951171875 0
1701024183022 324.9442443847656 0
1701024231132 324.9967956542969 0
1701024278891 325.0508117675781 0
1701024323425 325.1064453125 0
1701024367805 325.1636657714844 0
1701024412538 325.222412109375 0
1701024457170 325.2826843261719 0
1701024501894 325.3443298339844 0
1701024546697 325.407470703125 0
1701024591437 325.4720153808594 0
1701024636139 325.5381164550781 0
1701024680669 325.60589599609375 0
1701024725255 325.67535400390625 0
1701024769904 325.7464904785156 0
1701024814300 325.8193359375 0
1701024859069 325.89410400390625 0
1701024904327 325.9709167480469 0
1701024949286 326.0498046875 0
1701024993988 326.1307067871094 0
1701025038579 326.2137756347656 0
1701025083237 326.2989196777344 0
1701025127916 326.3860168457031 0
1701025172813 326.47503662109375 0
1701025217810 326.5660705566406 0
1701025262555 326.66021728515625 0
1701025307186 326.7582092285156 0
1701025351782 326.85986328125 0
1701025396505 326.9646911621094 0
1701025441361 327.0723876953125 0
1701025486139 327.1833190917969 0
1701025530791 327.29718017578125 0
1701025575499 327.4137268066406 0
1701025620194 327.5327453613281 0
1701025664819 327.65423583984375 0
1701025709452 327.77880859375 0
1701025753992 327.9065246582031 0
1701025798640 328.03729248046875 0
1701025843252 328.1708679199219 0
1701025887932 328.3070983886719 0
1701025932592 328.4459228515625 0
1701025977108 328.58721923828125 0
1701026022717 328.7309265136719 0
1701026071040 328.87689208984375 0
1701026118824 329.02496337890625 0
1701026166253 329.1754455566406 0
1701026262825 329.32879638671875 0
1701026308016 329.4843444824219 0
1701026352659 329.6415100097656 0
1701026397302 329.8025207519531 0
1701026442424 329.9685974121094 0
1701026487084 330.1394348144531 0
1701026531747 330.3143615722656 0
1701026576328 330.4925842285156 0
1701026620922 330.6737060546875 0
1701026665660 330.8582458496094 0
1701026710272 331.0469970703125 0
1701026754856 331.23974609375 0
1701026799553 331.4359130859375 0
1701026844147 331.635498046875 0
1701026888776 331.8385925292969 0
1701026933365 332.0452575683594 0
1701026978148 332.2555847167969 0
1701027022860 332.4695129394531 0
1701027067529 332.6870422363281 0
1701027112454 332.9080505371094 0
1701027157363 333.13250732421875 0
1701027202019 333.36053466796875 0
1701027246652 333.59228515625 0
1701027291452 333.82757568359375 0
1701027336093 334.0664367675781 0
1701027381129 334.30914306640625 0
1701027426866 334.5554504394531 0
1701027471969 334.80523681640625 0
1701027516581 335.0585632324219 0
1701027561179 335.31549072265625 0
1701027605855 335.57623291015625 0
1701027650488 335.8409423828125 0
1701027695085 336.10968017578125 0
1701027739753 336.38299560546875 0
1701027786902 336.6610107421875 0
1701027835362 336.9435119628906 0
1701027883533 337.2303771972656 0
1701027928769 337.522216796875 0
1701027973082 337.8202209472656 0
1701028017797 338.12359619140625 0
1701028062945 338.4314270019531 0
1701028107548 338.7434997558594 0
1701028152406 339.059814453125 0
1701028197011 339.3802490234375 0
1701028241777 339.7044982910156 0
1701028286646 340.03338623046875 0
1701028331262 340.36761474609375 0
1701028375926 340.7071838378906 0
1701028420564 341.05169677734375 0
1701028465263 341.4006652832031 0
1701028509854 341.7537536621094 0
1701028554675 342.1108093261719 0
1701028599408 342.4716796875 0
1701028643958 342.83648681640625 0
1701028688785 343.2054138183594 0
1701028733472 343.5787353515625 0
1701028778098 343.9563293457031 0
1701028822761 344.3382263183594 0
1701028867407 344.7245788574219 0
1701028912220 345.1155090332031 0
1701028956904 345.5107727050781 0
1701029003605 345.91021728515625 0
1701029052019 346.314208984375 0
1701029100382 346.72308349609375 0
1701029146056 347.1367492675781 0
1701029190687 347.5552062988281 0
1701029236084 347.97857666015625 0
1701029281293 348.4068298339844 0
1701029326688 348.8396301269531 0
1701029371697 349.27679443359375 0
1701029416451 349.7188415527344 0
1701029461068 350.1658935546875 0
1701029505748 350.6181335449219 0
1701029550331 351.0755920410156 0
1701029594981 351.5384521484375 0
1701029639847 352.00616455078125 0
1701029684459 352.474609375 0
1701029729165 352.93768310546875 0
1701029773808 353.3887634277344 0
1701029818446 353.8227844238281 0
1701029863141 354.2362976074219 0
1701029907839 354.6268615722656 0
1701029952325 354.99200439453125 0
1701029996892 355.32891845703125 0
1701030041571 355.63836669921875 0
1701030086300 355.93353271484375 0
1701030131136 356.2123107910156 0
1701030176004 356.47314453125 0
1701030220691 356.7203674316406 0
1701030265431 356.95489501953125 0
1701030310273 357.177978515625 0
1701030355272 357.39007568359375 0
1701030400455 357.5916748046875 0
1701030445542 357.78369140625 0
1701030490899 357.966552734375 0
1701030535917 358.1405334472656 0
1701030580885 358.3063049316406 0
1701030625512 358.46405029296875 0
1701030669918 358.6143493652344 0
1701030714504 358.7576599121094 0
1701030759088 358.8935241699219 0
1701030803532 359.0226745605469 0
1701030848297 359.14544677734375 0
1701030892848 359.26275634765625 0
1701030937581 359.3741455078125 0
1701030982557 359.4799499511719 0
1701031027416 359.58050537109375 0
1701031072279 359.67620849609375 0
1701031116888 359.76708984375 0
1701031161578 359.8532409667969 0
1701031206456 359.93499755859375 0
1701031251160 360.0126647949219 0
1701031295823 360.0865173339844 0
1701031341004 360.15667724609375 0
1701031388533 360.22332763671875 0
1701031437334 360.28643798828125 0
1701031484654 360.3463439941406 0
1701031529492 360.40435791015625 0
1701031574255 360.45989990234375 0
1701031619212 360.5115661621094 0
1701031663830 360.56134033203125 0
1701031708612 360.6083679199219 0
1701031753132 360.6531982421875 0
1701031797719 360.69500732421875 0
1701031842336 360.734375 0
1701031887028 360.7713623046875 0
1701031931556 360.806396484375 0
1701031976216 360.8393859863281 0
1701032020895 360.8708190917969 0
1701032065599 360.9010314941406 0
1701032110756 360.92962646484375 0
1701032155717 360.95623779296875 0
1701032200331 360.981201171875 0
