1701002065432 4.999248685199099e-05 0
1701002105692 4.9924868519909846e-05 0
1701002150308 4.984973703981969e-05 0
1701002199676 4.977460555972953e-05 0
1701002247877 4.969947407963937e-05 0
1701002296142 4.962434259954921e-05 0
1701002341233 4.9549211119459056e-05 0
1701002385867 4.94740796393689e-05 0
1701002430639 4.939894815927874e-05 0
1701002475224 4.9323816679188585e-05 0
1701002519959 4.924868519909843e-05 0
1701002566794 4.917355371900827e-05 0
1701002611899 4.909842223891811e-05 0
1701002656795 4.902329075882795e-05 0
1701002701625 4.8948159278737795e-05 0
1701002746839 4.887302779864764e-05 0
1701002792355 4.879789631855748e-05 0
1701002837371 4.8722764838467325e-05 0
1701002883300 4.864763335837716e-05 0
1701002928279 4.8572501878287005e-05 0
1701002973163 4.849737039819685e-05 0
1701003017724 4.8422238918106685e-05 0
1701003062495 4.834710743801653e-05 0
1701003107262 4.827197595792637e-05 0
1701003151902 4.8196844477836215e-05 0
1701003196707 4.812171299774606e-05 0
1701003241203 4.8046581517655895e-05 0
1701003285775 4.797145003756574e-05 0
1701003330468 4.789631855747558e-05 0
1701003375022 4.7821187077385425e-05 0
1701003419783 4.774605559729527e-05 0
1701003464983 4.767092411720511e-05 0
1701003509990 4.7595792637114955e-05 0
1701003554604 4.75206611570248e-05 0
1701003599808 4.7445529676934634e-05 0
1701003645097 4.737039819684448e-05 0
1701003690059 4.729526671675432e-05 0
1701003734846 4.7220135236664164e-05 0
1701003780151 4.714500375657401e-05 0
1701003825058 4.706987227648385e-05 0
1701003869798 4.6994740796393694e-05 0
1701003914511 4.691960931630353e-05 0
1701003959188 4.6844477836213374e-05 0
1701004003743 4.676934635612322e-05 0
1701004048407 4.669421487603306e-05 0
1701004093053 4.6619083395942904e-05 0
1701004138493 4.654395191585275e-05 0
1701004185859 4.646882043576259e-05 0
1701004234320 4.639368895567243e-05 0
1701004281938 4.631855747558227e-05 0
1701004326445 4.6243425995492114e-05 0
1701004370918 4.616829451540196e-05 0
1701004415663 4.60931630353118e-05 0
1701004460406 4.6018031555221644e-05 0
1701004505059 4.594290007513149e-05 0
1701004549755 4.586776859504133e-05 0
1701004594686 4.579263711495117e-05 0
1701004639346 4.571750563486101e-05 0
1701004683866 4.5642374154770854e-05 0
1701004728596 4.556724267468069e-05 0
1701004773211 4.5492111194590534e-05 0
1701004817747 4.541697971450038e-05 0
1701004862858 4.534184823441022e-05 0
1701004907802 4.526671675432006e-05 0
1701004952531 4.51915852742299e-05 0
1701004997225 4.511645379413974e-05 0
1701005041998 4.504132231404959e-05 0
1701005086595 4.496619083395943e-05 0
1701005131263 4.489105935386927e-05 0
1701005175883 4.4815927873779117e-05 0
1701005220687 4.474079639368895e-05 0
1701005265166 4.4665664913598796e-05 0
1701005309654 4.459053343350864e-05 0
1701005353987 4.451540195341848e-05 0
1701005398482 4.4440270473328326e-05 0
1701005443748 4.436513899323817e-05 0
1701005489083 4.429000751314801e-05 0
1701005533997 4.4214876033057856e-05 0
1701005578785 4.413974455296769e-05 0
1701005623528 4.4064613072877536e-05 0
1701005668886 4.398948159278738e-05 0
1701005716249 4.391435011269722e-05 0
1701005764480 4.3839218632607066e-05 0
1701005812466 4.376408715251691e-05 0
1701005857376 4.368895567242675e-05 0
1701005901783 4.361382419233659e-05 0
1701005946241 4.353869271224643e-05 0
1701005990771 4.3463561232156276e-05 0
1701006035390 4.338842975206612e-05 0
1701006080338 4.331329827197596e-05 0
1701006125045 4.3238166791885806e-05 0
1701006169815 4.316303531179565e-05 0
1701006215256 4.3087903831705486e-05 0
1701006260231 4.301277235161533e-05 0
1701006305027 4.293764087152517e-05 0
1701006349668 4.2862509391435016e-05 0
1701006394271 4.278737791134486e-05 0
1701006439183 4.2712246431254696e-05 0
1701006483846 4.263711495116454e-05 0
1701006528811 4.256198347107438e-05 0
1701006573350 4.2486851990984225e-05 0
1701006618031 4.241172051089406e-05 0
1701006662679 4.2336589030803905e-05 0
1701006707271 4.226145755071375e-05 0
1701006751831 4.218632607062359e-05 0
1701006796668 4.2111194590533435e-05 0
1701006841203 4.203606311044328e-05 0
1701006885862 4.1960931630353115e-05 0
1701006930523 4.188580015026296e-05 0
1701006975417 4.18106686701728e-05 0
1701007020534 4.1735537190082645e-05 0
1701007065092 4.166040570999249e-05 0
1701007109490 4.158527422990233e-05 0
1701007154218 4.1510142749812175e-05 0
1701007198837 4.143501126972201e-05 0
1701007243528 4.1359879789631855e-05 0
1701007288182 4.12847483095417e-05 0
1701007332904 4.120961682945154e-05 0
1701007377603 4.1134485349361385e-05 0
1701007422260 4.105935386927123e-05 0
1701007467571 4.098422238918107e-05 0
1701007512631 4.0909090909090915e-05 0
1701007557366 4.083395942900075e-05 0
1701007601999 4.0758827948910595e-05 0
1701007646666 4.068369646882044e-05 0
1701007691406 4.060856498873028e-05 0
1701007736642 4.0533433508640125e-05 0
1701007781657 4.045830202854997e-05 0
1701007826312 4.038317054845981e-05 0
1701007873492 4.030803906836965e-05 0
1701007921226 4.023290758827949e-05 0
1701007969579 4.0157776108189334e-05 0
1701008015007 4.008264462809918e-05 0
1701008100006 4.000751314800902e-05 0
1701008145083 3.9932381667918864e-05 0
1701008190419 3.98572501878287e-05 0
1701008235160 3.9782118707738544e-05 0
1701008279806 3.970698722764839e-05 0
1701008324629 3.963185574755823e-05 0
1701008369459 3.955672426746807e-05 0
1701008414252 3.948159278737791e-05 0
1701008458885 3.9406461307287754e-05 0
1701008503555 3.93313298271976e-05 0
1701008548411 3.925619834710744e-05 0
1701008593215 3.918106686701728e-05 0
1701008638039 3.910593538692712e-05 0
1701008682610 3.9030803906836964e-05 0
1701008727386 3.895567242674681e-05 0
1701008772052 3.888054094665665e-05 0
1701008816697 3.8805409466566494e-05 0
1701008861474 3.873027798647634e-05 0
1701008906149 3.8655146506386174e-05 0
1701008950999 3.858001502629602e-05 0
1701008995991 3.850488354620586e-05 0
1701009040627 3.8429752066115703e-05 0
1701009085502 3.835462058602555e-05 0
1701009130264 3.827948910593539e-05 0
1701009174764 3.8204357625845233e-05 0
1701009219394 3.812922614575508e-05 0
1701009264071 3.805409466566491e-05 0
1701009308647 3.7978963185574757e-05 0
1701009353443 3.79038317054846e-05 0
1701009400212 3.782870022539444e-05 0
1701009448211 3.7753568745304287e-05 0
1701009497060 3.767843726521413e-05 0
1701009544137 3.760330578512397e-05 0
1701009589110 3.752817430503381e-05 0
1701009633883 3.745304282494365e-05 0
1701009678567 3.7377911344853496e-05 0
1701009723159 3.730277986476334e-05 0
1701009768135 3.722764838467318e-05 0
1701009813027 3.7152516904583026e-05 0
1701009857923 3.707738542449287e-05 0
1701009902469 3.7002253944402706e-05 0
1701009947161 3.692712246431255e-05 0
1701009991847 3.685199098422239e-05 0
1701010036631 3.6776859504132236e-05 0
1701010081291 3.670172802404207e-05 0
1701010126069 3.6626596543951916e-05 0
1701010170774 3.655146506386176e-05 0
1701010215339 3.64763335837716e-05 0
1701010259923 3.640120210368144e-05 0
1701010304724 3.632607062359128e-05 0
1701010349489 3.6250939143501126e-05 0
1701010393989 3.617580766341097e-05 0
1701010438664 3.610067618332081e-05 0
1701010483453 3.6025544703230656e-05 0
1701010527988 3.59504132231405e-05 0
1701010572702 3.5875281743050336e-05 0
1701010617277 3.580015026296018e-05 0
1701010662011 3.572501878287002e-05 0
1701010706743 3.5649887302779865e-05 0
1701010751671 3.557475582268971e-05 0
1701010796483 3.549962434259955e-05 0
1701010841915 3.5424492862509395e-05 0
1701010887027 3.534936138241923e-05 0
1701010931847 3.5274229902329075e-05 0
1701010976476 3.519909842223892e-05 0
1701011021289 3.512396694214876e-05 0
1701011065946 3.5048835462058605e-05 0
1701011110928 3.497370398196845e-05 0
1701011155871 3.489857250187829e-05 0
1701011200772 3.4823441021788135e-05 0
1701011245591 3.474830954169797e-05 0
1701011290138 3.4673178061607815e-05 0
1701011334943 3.459804658151766e-05 0
1701011379939 3.45229151014275e-05 0
1701011424891 3.4447783621337345e-05 0
1701011469700 3.437265214124719e-05 0
1701011515709 3.429752066115703e-05 0
1701011564796 3.422238918106687e-05 0
1701011613477 3.414725770097671e-05 0
1701011659639 3.4072126220886555e-05 0
1701011704347 3.39969947407964e-05 0
1701011749035 3.392186326070624e-05 0
1701011794229 3.384673178061608e-05 0
1701011839275 3.377160030052592e-05 0
1701011883826 3.3696468820435765e-05 0
1701011928358 3.36213373403456e-05 0
1701011973054 3.3546205860255444e-05 0
1701012017787 3.347107438016529e-05 0
1701012062487 3.339594290007513e-05 0
1701012107420 3.3320811419984974e-05 0
1701012152050 3.324567993989482e-05 0
1701012196970 3.317054845980466e-05 0
1701012241829 3.30954169797145e-05 0
1701012286547 3.302028549962434e-05 0
1701012331131 3.2945154019534184e-05 0
1701012375922 3.287002253944403e-05 0
1701012420552 3.279489105935387e-05 0
1701012465222 3.2719759579263714e-05 0
1701012510065 3.264462809917356e-05 0
1701012555115 3.2569496619083394e-05 0
1701012599799 3.249436513899324e-05 0
1701012644474 3.241923365890308e-05 0
1701012689710 3.2344102178812924e-05 0
1701012734422 3.226897069872277e-05 0
1701012779213 3.219383921863261e-05 0
1701012824569 3.2118707738542454e-05 0
1701012869947 3.204357625845229e-05 0
1701012914875 3.1968444778362134e-05 0
1701012959706 3.189331329827198e-05 0
1701013004373 3.181818181818182e-05 0
1701013048966 3.1743050338091664e-05 0
1701013094408 3.166791885800151e-05 0
1701013139483 3.159278737791135e-05 0
1701013184265 3.1517655897821194e-05 0
1701013229037 3.144252441773103e-05 0
1701013275847 3.1367392937640873e-05 0
1701013324029 3.129226145755072e-05 0
1701013373101 3.121712997746056e-05 0
1701013419411 3.11419984973704e-05 0
1701013464090 3.106686701728025e-05 0
1701013508783 3.099173553719008e-05 0
1701013553316 3.0916604057099927e-05 0
1701013598002 3.084147257700977e-05 0
1701013642803 3.0766341096919606e-05 0
1701013687559 3.069120961682945e-05 0
1701013732111 3.061607813673929e-05 0
1701013776787 3.0540946656649136e-05 0
1701013821679 3.0465815176558983e-05 0
1701013866206 3.0390683696468823e-05 0
1701013910777 3.0315552216378663e-05 0
1701013955426 3.0240420736288506e-05 0
1701014000066 3.016528925619835e-05 0
1701014045006 3.009015777610819e-05 0
1701014090091 3.0015026296018033e-05 0
1701014175873 2.9939894815927876e-05 0
1701014220839 2.986476333583772e-05 0
1701014265579 2.9789631855747556e-05 0
1701014310319 2.97145003756574e-05 0
1701014354883 2.9639368895567243e-05 0
1701014399899 2.9564237415477086e-05 0
1701014444967 2.948910593538693e-05 0
1701014489712 2.9413974455296773e-05 0
1701014534293 2.9338842975206616e-05 0
1701014578932 2.9263711495116452e-05 0
1701014623919 2.9188580015026296e-05 0
1701014668617 2.911344853493614e-05 0
1701014713211 2.9038317054845982e-05 0
1701014757971 2.8963185574755826e-05 0
1701014802583 2.888805409466567e-05 0
1701014847182 2.881292261457551e-05 0
1701014891867 2.8737791134485352e-05 0
1701014936718 2.8662659654395192e-05 0
1701014981506 2.8587528174305035e-05 0
1701015026142 2.8512396694214875e-05 0
1701015070774 2.843726521412472e-05 0
1701015115498 2.8362133734034562e-05 0
1701015162601 2.8287002253944405e-05 0
1701015210766 2.821187077385425e-05 0
1701015259705 2.8136739293764085e-05 0
1701015305447 2.806160781367393e-05 0
1701015351193 2.7986476333583772e-05 0
1701015396568 2.7911344853493615e-05 0
1701015441731 2.783621337340346e-05 0
1701015486275 2.7761081893313302e-05 0
1701015531024 2.7685950413223145e-05 0
1701015575884 2.761081893313298e-05 0
1701015620610 2.7535687453042825e-05 0
1701015665431 2.7460555972952668e-05 0
1701015710175 2.738542449286251e-05 0
1701015754870 2.7310293012772355e-05 0
1701015799318 2.7235161532682195e-05 0
1701015843968 2.7160030052592038e-05 0
1701015888547 2.708489857250188e-05 0
1701015933223 2.700976709241172e-05 0
1701015978271 2.693463561232156e-05 0
1701016022916 2.6859504132231405e-05 0
1701016067567 2.6784372652141248e-05 0
1701016112106 2.670924117205109e-05 0
1701016156789 2.6634109691960935e-05 0
1701016201367 2.6558978211870778e-05 0
1701016246078 2.6483846731780614e-05 0
1701016290570 2.6408715251690458e-05 0
1701016335245 2.63335837716003e-05 0
1701016379879 2.6258452291510144e-05 0
1701016424403 2.6183320811419988e-05 0
1701016469098 2.610818933132983e-05 0
1701016513646 2.6033057851239674e-05 0
1701016558209 2.595792637114951e-05 0
1701016603067 2.5882794891059354e-05 0
1701016647942 2.5807663410969197e-05 0
1701016692635 2.573253193087904e-05 0
1701016739375 2.565740045078888e-05 0
1701016788363 2.5582268970698724e-05 0
1701016837063 2.5507137490608567e-05 0
1701016883399 2.543200601051841e-05 0
1701016928619 2.5356874530428247e-05 0
1701016973336 2.528174305033809e-05 0
1701017018019 2.5206611570247934e-05 0
1701017062587 2.5131480090157777e-05 0
1701017107194 2.505634861006762e-05 0
1701017151675 2.498121712997746e-05 0
1701017196302 2.4906085649887304e-05 0
1701017241156 2.4830954169797147e-05 0
1701017285662 2.475582268970699e-05 0
1701017330426 2.468069120961683e-05 0
1701017375283 2.4605559729526674e-05 0
1701017420382 2.4530428249436517e-05 0
1701017465150 2.445529676934636e-05 0
1701017509795 2.43801652892562e-05 0
1701017554454 2.4305033809166043e-05 0
1701017599131 2.4229902329075883e-05 0
1701017643715 2.4154770848985727e-05 0
1701017688857 2.4079639368895567e-05 0
1701017734083 2.400450788880541e-05 0
1701017778906 2.3929376408715253e-05 0
1701017823671 2.3854244928625093e-05 0
1701017868486 2.3779113448534936e-05 0
1701017913350 2.370398196844478e-05 0
1701017958079 2.3628850488354623e-05 0
1701018002994 2.3553719008264463e-05 0
1701018047860 2.3478587528174306e-05 0
1701018092722 2.340345604808415e-05 0
1701018137535 2.332832456799399e-05 0
1701018182514 2.3253193087903833e-05 0
1701018227403 2.3178061607813676e-05 0
1701018272386 2.310293012772352e-05 0
1701018317324 2.302779864763336e-05 0
1701018361935 2.2952667167543203e-05 0
1701018406850 2.2877535687453046e-05 0
1701018451643 2.2802404207362886e-05 0
1701018496687 2.272727272727273e-05 0
1701018541682 2.265214124718257e-05 0
1701018586823 2.2577009767092413e-05 0
1701018631783 2.2501878287002252e-05 0
1701018676791 2.2426746806912096e-05 0
1701018721771 2.235161532682194e-05 0
1701018766819 2.2276483846731782e-05 0
1701018811751 2.2201352366641622e-05 0
1701018856731 2.2126220886551466e-05 0
1701018902001 2.205108940646131e-05 0
1701018950278 2.1975957926371152e-05 0
1701018999804 2.1900826446280992e-05 0
1701019047679 2.1825694966190836e-05 0
1701019092747 2.175056348610068e-05 0
1701019137634 2.167543200601052e-05 0
1701019182495 2.1600300525920362e-05 0
1701019227203 2.1525169045830205e-05 0
1701019272231 2.145003756574005e-05 0
1701019317187 2.137490608564989e-05 0
1701019361878 2.1299774605559732e-05 0
1701019406699 2.1224643125469572e-05 0
1701019451723 2.1149511645379415e-05 0
1701019496603 2.1074380165289255e-05 0
1701019541335 2.09992486851991e-05 0
1701019586227 2.0924117205108942e-05 0
1701019631351 2.084898572501878e-05 0
1701019676382 2.0773854244928625e-05 0
1701019721179 2.0698722764838468e-05 0
1701019766089 2.062359128474831e-05 0
1701019810879 2.054845980465815e-05 0
1701019855827 2.0473328324567995e-05 0
1701019900579 2.0398196844477838e-05 0
1701019945487 2.032306536438768e-05 0
1701019990563 2.024793388429752e-05 0
1701020035487 2.0172802404207365e-05 0
1701020081782 2.0097670924117208e-05 0
1701020131278 2.0022539444027048e-05 0
1701020219483 1.994740796393689e-05 0
1701020265316 1.9872276483846735e-05 0
1701020310384 1.9797145003756575e-05 0
1701020355214 1.9722013523666414e-05 0
1701020399756 1.9646882043576258e-05 0
1701020444795 1.95717505634861e-05 0
1701020489536 1.9496619083395944e-05 0
1701020534583 1.9421487603305784e-05 0
1701020579491 1.9346356123215628e-05 0
1701020624327 1.927122464312547e-05 0
1701020669147 1.919609316303531e-05 0
1701020714031 1.9120961682945154e-05 0
1701020759057 1.9045830202854998e-05 0
1701020804055 1.897069872276484e-05 0
1701020849050 1.889556724267468e-05 0
1701020894115 1.8820435762584524e-05 0
1701020938887 1.8745304282494367e-05 0
1701020983782 1.867017280240421e-05 0
1701021028811 1.859504132231405e-05 0
1701021073683 1.8519909842223894e-05 0
1701021118731 1.8444778362133737e-05 0
1701021163433 1.8369646882043577e-05 0
1701021208250 1.8294515401953417e-05 0
1701021253118 1.821938392186326e-05 0
1701021297936 1.8144252441773104e-05 0
1701021342611 1.8069120961682944e-05 0
1701021387343 1.7993989481592787e-05 0
1701021432015 1.791885800150263e-05 0
1701021476637 1.7843726521412474e-05 0
1701021521347 1.7768595041322314e-05 0
1701021566141 1.7693463561232157e-05 0
1701021611042 1.7618332081142e-05 0
1701021656023 1.7543200601051843e-05 0
1701021700822 1.7468069120961683e-05 0
1701021745444 1.7392937640871527e-05 0
1701021790059 1.731780616078137e-05 0
1701021834851 1.724267468069121e-05 0
1701021879926 1.7167543200601053e-05 0
1701021924924 1.7092411720510897e-05 0
1701021969539 1.7017280240420737e-05 0
1701022014295 1.694214876033058e-05 0
1701022058951 1.686701728024042e-05 0
1701022103910 1.6791885800150263e-05 0
1701022148673 1.6716754320060106e-05 0
1701022193360 1.6641622839969946e-05 0
1701022238379 1.656649135987979e-05 0
1701022283143 1.6491359879789633e-05 0
1701022327688 1.6416228399699473e-05 0
1701022372215 1.6341096919609316e-05 0
1701022416754 1.626596543951916e-05 0
1701022463970 1.6190833959429003e-05 0
1701022511670 1.6115702479338843e-05 0
1701022559562 1.6040570999248686e-05 0
1701022604419 1.596543951915853e-05 0
1701022649581 1.5890308039068373e-05 0
1701022694219 1.5815176558978213e-05 0
1701022738887 1.5740045078888056e-05 0
1701022783377 1.56649135987979e-05 0
1701022828010 1.558978211870774e-05 0
1701022872604 1.5514650638617582e-05 0
1701022917103 1.5439519158527422e-05 0
1701022962813 1.5364387678437266e-05 0
1701023008131 1.5289256198347106e-05 0
1701023053655 1.521412471825695e-05 0
1701023098914 1.5138993238166794e-05 0
1701023144178 1.5063861758076636e-05 0
1701023189864 1.4988730277986476e-05 0
1701023234948 1.4913598797896319e-05 0
1701023279933 1.4838467317806162e-05 0
1701023324718 1.4763335837716002e-05 0
1701023369831 1.4688204357625845e-05 0
1701023415062 1.4613072877535689e-05 0
1701023460140 1.4537941397445532e-05 0
1701023504792 1.4462809917355372e-05 0
1701023549538 1.4387678437265215e-05 0
1701023594845 1.4312546957175057e-05 0
1701023639895 1.42374154770849e-05 0
1701023684999 1.416228399699474e-05 0
1701023730170 1.4087152516904583e-05 0
1701023775599 1.4012021036814427e-05 0
1701023820650 1.3936889556724267e-05 0
1701023865235 1.386175807663411e-05 0
1701023910084 1.3786626596543953e-05 0
1701023955139 1.3711495116453797e-05 0
1701023999745 1.3636363636363637e-05 0
1701024044523 1.3561232156273478e-05 0
1701024089133 1.3486100676183321e-05 0
1701024135173 1.3410969196093165e-05 0
1701024183021 1.3335837716003005e-05 0
1701024231131 1.3260706235912848e-05 0
1701024278889 1.3185574755822691e-05 0
1701024323424 1.3110443275732531e-05 0
1701024367804 1.3035311795642375e-05 0
1701024412537 1.2960180315552218e-05 0
1701024457168 1.288504883546206e-05 0
1701024501892 1.2809917355371901e-05 0
1701024546695 1.2734785875281743e-05 0
1701024591435 1.2659654395191586e-05 0
1701024636137 1.258452291510143e-05 0
1701024680667 1.250939143501127e-05 0
1701024725254 1.2434259954921113e-05 0
1701024769903 1.2359128474830954e-05 0
1701024814299 1.2283996994740798e-05 0
1701024859067 1.220886551465064e-05 0
1701024904326 1.213373403456048e-05 0
1701024949285 1.2058602554470322e-05 0
1701024993987 1.1983471074380166e-05 0
1701025038577 1.1908339594290007e-05 0
1701025083236 1.183320811419985e-05 0
1701025127914 1.1758076634109692e-05 0
1701025172812 1.1682945154019536e-05 0
1701025217808 1.1607813673929377e-05 0
1701025262554 1.1532682193839219e-05 0
1701025307184 1.1457550713749062e-05 0
1701025351780 1.1382419233658904e-05 0
1701025396503 1.1307287753568745e-05 0
1701025441360 1.1232156273478587e-05 0
1701025486138 1.115702479338843e-05 0
1701025530789 1.1081893313298272e-05 0
1701025575497 1.1006761833208115e-05 0
1701025620192 1.0931630353117957e-05 0
1701025664817 1.08564988730278e-05 0
1701025709451 1.0781367392937642e-05 0
1701025753991 1.0706235912847483e-05 0
1701025798639 1.0631104432757325e-05 0
1701025843251 1.0555972952667167e-05 0
1701025887931 1.048084147257701e-05 0
1701025932591 1.0405709992486852e-05 0
1701025977107 1.0330578512396695e-05 0
1701026022715 1.0255447032306537e-05 0
1701026071039 1.018031555221638e-05 0
1701026118822 1.0105184072126222e-05 0
1701026166252 1.0030052592036065e-05 0
1701026262824 9.954921111945906e-06 0
1701026308014 9.879789631855748e-06 0
1701026352658 9.80465815176559e-06 0
1701026397301 9.729526671675431e-06 0
1701026442423 9.654395191585275e-06 0
1701026487083 9.579263711495116e-06 0
1701026531745 9.50413223140496e-06 0
1701026576327 9.429000751314801e-06 0
1701026620920 9.353869271224645e-06 0
1701026665658 9.278737791134486e-06 0
1701026710271 9.203606311044328e-06 0
1701026754855 9.12847483095417e-06 0
1701026799552 9.053343350864013e-06 0
1701026844146 8.978211870773854e-06 0
1701026888774 8.903080390683696e-06 0
1701026933363 8.82794891059354e-06 0
1701026978146 8.752817430503381e-06 0
1701027022859 8.677685950413224e-06 0
1701027067528 8.602554470323066e-06 0
1701027112453 8.527422990232909e-06 0
1701027157362 8.45229151014275e-06 0
1701027202018 8.377160030052592e-06 0
1701027246651 8.302028549962434e-06 0
1701027291451 8.226897069872277e-06 0
1701027336091 8.151765589782119e-06 0
1701027381128 8.07663410969196e-06 0
1701027426865 8.001502629601804e-06 0
1701027471967 7.926371149511645e-06 0
1701027516580 7.851239669421489e-06 0
1701027561178 7.77610818933133e-06 0
1701027605853 7.700976709241172e-06 0
1701027650487 7.6258452291510145e-06 0
1701027695084 7.550713749060857e-06 0
1701027739752 7.475582268970699e-06 0
1701027786901 7.400450788880542e-06 0
1701027835361 7.3253193087903835e-06 0
1701027883531 7.250187828700225e-06 0
1701027928767 7.175056348610068e-06 0
1701027973081 7.099924868519909e-06 0
1701028017796 7.0247933884297525e-06 0
1701028062944 6.949661908339594e-06 0
1701028107547 6.8745304282494375e-06 0
1701028152405 6.799398948159279e-06 0
1701028197009 6.7242674680691216e-06 0
1701028241776 6.649135987978963e-06 0
1701028286644 6.5740045078888065e-06 0
1701028331261 6.498873027798648e-06 0
1701028375924 6.423741547708491e-06 0
1701028420563 6.348610067618332e-06 0
1701028465261 6.273478587528174e-06 0
1701028509852 6.198347107438017e-06 0
1701028554674 6.12321562734786e-06 0
1701028599407 6.048084147257701e-06 0
1701028643957 5.972952667167543e-06 0
1701028688783 5.897821187077385e-06 0
1701028733471 5.822689706987228e-06 0
1701028778096 5.74755822689707e-06 0
1701028822759 5.672426746806912e-06 0
1701028867405 5.597295266716754e-06 0
1701028912219 5.522163786626597e-06 0
1701028956903 5.447032306536439e-06 0
1701029003604 5.371900826446282e-06 0
1701029052018 5.296769346356123e-06 0
1701029100380 5.221637866265966e-06 0
1701029146054 5.146506386175808e-06 0
1701029190686 5.07137490608565e-06 0
1701029236082 4.996243425995492e-06 0
1701029281292 4.921111945905334e-06 0
1701029326686 4.8459804658151765e-06 0
1701029371695 4.770848985725019e-06 0
1701029416450 4.6957175056348614e-06 0
1701029461067 4.620586025544704e-06 0
1701029505747 4.5454545454545455e-06 0
1701029550330 4.470323065364388e-06 0
1701029594980 4.3951915852742305e-06 0
1701029639845 4.320060105184073e-06 0
1701029684458 4.2449286250939145e-06 0
1701029729164 4.169797145003756e-06 0
1701029773806 4.094665664913599e-06 0
1701029818444 4.019534184823441e-06 0
1701029863139 3.9444027047332836e-06 0
1701029907838 3.869271224643126e-06 0
1701029952324 3.794139744552968e-06 0
1701029996890 3.71900826446281e-06 0
1701030041569 3.6438767843726526e-06 0
1701030086298 3.5687453042824946e-06 0
1701030131135 3.493613824192337e-06 0
1701030176003 3.4184823441021787e-06 0
1701030220690 3.3433508640120208e-06 0
1701030265429 3.2682193839218632e-06 0
1701030310272 3.1930879038317053e-06 0
1701030355271 3.1179564237415477e-06 0
1701030400454 3.0428249436513902e-06 0
1701030445540 2.9676934635612323e-06 0
1701030490898 2.8925619834710747e-06 0
1701030535916 2.8174305033809168e-06 0
1701030580883 2.742299023290759e-06 0
1701030625511 2.6671675432006013e-06 0
1701030669917 2.5920360631104433e-06 0
1701030714503 2.516904583020286e-06 0
1701030759086 2.441773102930128e-06 0
1701030803531 2.3666416228399703e-06 0
1701030848296 2.2915101427498124e-06 0
1701030892847 2.2163786626596544e-06 0
1701030937580 2.141247182569497e-06 0
1701030982556 2.066115702479339e-06 0
1701031027415 1.9909842223891814e-06 0
1701031072278 1.9158527422990234e-06 0
1701031116887 1.8407212622088655e-06 0
1701031161577 1.7655897821187077e-06 0
1701031206455 1.69045830202855e-06 0
1701031251159 1.6153268219383922e-06 0
1701031295822 1.5401953418482345e-06 0
1701031341003 1.4650638617580767e-06 0
1701031388532 1.389932381667919e-06 0
1701031437333 1.314800901577761e-06 0
1701031484652 1.2396694214876033e-06 0
1701031529491 1.1645379413974456e-06 0
1701031574254 1.0894064613072878e-06 0
1701031619211 1.01427498121713e-06 0
1701031663829 9.391435011269722e-07 0
1701031708610 8.640120210368145e-07 0
1701031753131 7.888805409466567e-07 0
1701031797718 7.137490608564989e-07 0
1701031842335 6.386175807663411e-07 0
1701031887026 5.634861006761833e-07 0
1701031931554 4.883546205860257e-07 0
1701031976214 4.132231404958678e-07 0
1701032020894 3.3809166040571e-07 0
1701032065598 2.629601803155522e-07 0
1701032110755 1.8782870022539444e-07 0
1701032155716 1.1269722013523667e-07 0
1701032200330 3.756574004507889e-08 0
