1701002065430 7.2375 0
1701002105689 7.918359375 0
1701002150305 4.44609375 0
1701002199673 4.1697265625 0
1701002247875 4.8384765625 0
1701002296139 18.76484375 0
1701002341231 8.3056640625 0
1701002385865 5.0591796875 0
1701002430636 4.866796875 0
1701002475221 27.4474609375 0
1701002519956 18.0798828125 0
1701002566792 8.7830078125 0
1701002611896 7.873046875 0
1701002656792 5.691015625 0
1701002701622 15.640625 0
1701002746837 8.853125 0
1701002792352 6.210546875 0
1701002837368 5.99921875 0
1701002883297 14.2828125 0
1701002928276 6.58515625 0
1701002973160 15.220703125 0
1701003017721 14.76796875 0
1701003062492 7.50390625 0
1701003107259 8.114453125 0
1701003151900 9.916796875 0
1701003196705 8.191796875 0
1701003241200 9.081640625 0
1701003285772 8.6359375 0
1701003330465 11.37421875 0
1701003375019 9.38359375 0
1701003419781 10.59296875 0
1701003464981 40.415625 0
1701003509987 11.6484375 0
1701003554602 16.11484375 0
1701003599806 11.39921875 0
1701003645095 11.58125 0
1701003690056 53.33984375 0
1701003734844 13.27421875 0
1701003780149 20.83671875 0
1701003825056 14.0421875 0
1701003869796 15.46015625 0
1701003914509 53.909375 0
1701003959185 16.5609375 0
1701004003740 17.09296875 0
1701004048404 16.45625 0
1701004093051 18.3375 0
1701004138491 20.3578125 0
1701004185857 25.203125 0
1701004234317 19.8046875 0
1701004281935 30.1921875 0
1701004326442 58.0453125 0
1701004370916 21.4640625 0
1701004415661 22.8359375 0
1701004460403 26.5296875 0
1701004505057 25.2234375 0
1701004549753 24.415625 0
1701004594684 29.5703125 0
1701004639344 26.2421875 0
1701004683864 26.6609375 0
1701004728593 27.765625 0
1701004773208 36.0171875 0
1701004817744 30.384375 0
1701004862856 31.3515625 0
1701004907799 31.253125 0
1701004952528 71.0453125 0
1701004997222 32.90625 0
1701005041995 33.365625 0
1701005086592 34.86875 0
1701005131260 35.959375 0
1701005175880 73.471875 0
1701005220685 38.2 0
1701005265163 39.15625 0
1701005309651 47.5625 0
1701005353985 41.009375 0
1701005398480 48.134375 0
1701005443745 42.975 0
1701005489081 45.171875 0
1701005533995 45.64375 0
1701005578782 46.1625 0
1701005623525 54.053125 0
1701005668884 48.309375 0
1701005716246 51.328125 0
1701005764477 50.23125 0
1701005812464 53.509375 0
1701005857373 54.81875 0
1701005901780 55.684375 0
1701005946239 55.128125 0
1701005990768 66.565625 0
1701006035388 56.646875 0
1701006080336 57.184375 0
1701006125043 65.915625 0
1701006169812 60.19375 0
1701006215253 66.728125 0
1701006260228 68.8 0
1701006305024 67.1625 0
1701006349665 64.728125 0
1701006394269 65.46875 0
1701006439180 71.015625 0
1701006483843 64.99375 0
1701006528808 65.90625 0
1701006573348 66.6375 0
1701006618029 68.225 0
1701006662676 78.6501953125 0
1701006707268 76.8375 0
1701006751828 71.36875 0
1701006796665 73.9125 0
1701006841200 75.525 0
1701006885860 108.75625 0
1701006930520 75.44375 0
1701006975414 75.1625 0
1701007020532 75.81875 0
1701007065089 76.45625 0
1701007109488 77.8625 0
1701007154215 84.4625 0
1701007198834 82.5625 0
1701007243525 88.96875 0
1701007288180 83.76875 0
1701007332902 86.4125 0
1701007377600 90.91875 0
1701007422258 87.125 0
1701007467569 88.9625 0
1701007512628 88.05625 0
1701007557364 124.61875 0
1701007601997 89.725 0
1701007646664 91.99375 0
1701007691403 90.2875 0
1701007736640 97.59375 0
1701007781655 91.65 0
1701007826310 93.975 0
1701007873428 102.725 0
1701007921223 94.44375 0
1701007969427 98.26875 0
1701008015005 98.2875 0
1701008100003 98.69375 0
1701008145080 100.39375 0
1701008190416 97.00625 0
1701008235157 97.19375 0
1701008279803 104.0625 0
1701008324627 124.2625 0
1701008369456 97.50625 0
1701008414250 97.11875 0
1701008458883 102.925 0
1701008503552 97.09375 0
1701008548408 121.35 0
1701008593212 100.3125 0
1701008638037 95.4875 0
1701008682608 95.6 0
1701008727384 95.4625 0
1701008772049 101.13125 0
1701008816694 95.70625 0
1701008861472 96.9125 0
1701008906146 95.26875 0
1701008950996 94.7875 0
1701008995988 100.025 0
1701009040624 94.85 0
1701009085499 100.79375 0
1701009130262 93.40625 0
1701009174761 93.61875 0
1701009219392 92.19375 0
1701009264068 94.5125 0
1701009308645 91.5 0
1701009353440 93.61875 0
1701009400209 98.79375 0
1701009448209 90.91875 0
1701009497058 92.6375 0
1701009544135 90.9 0
1701009589107 91.04375 0
1701009633880 91.2875 0
1701009678564 92.2 0
1701009723156 91.33125 0
1701009768132 90.86875 0
1701009813024 89.55 0
1701009857920 92.6625 0
1701009902467 91.8375 0
1701009947158 88.775 0
1701009991844 94.46875 0
1701010036628 88.725 0
1701010081288 95.425 0
1701010126066 86.94375 0
1701010170772 88.0125 0
1701010215336 88.85 0
1701010259920 89.23125 0
1701010304721 90.41875 0
1701010349487 87.23125 0
1701010393986 93.55625 0
1701010438662 87.81875 0
1701010483451 85.28125 0
1701010527986 86.2625 0
1701010572700 86.53125 0
1701010617274 89.71875 0
1701010662009 84.9625 0
1701010706741 87.35625 0
1701010751668 89.96875 0
1701010796480 83.3625 0
1701010841913 84.88125 0
1701010887025 85.6125 0
1701010931844 83.84375 0
1701010976474 85.20625 0
1701011021287 86.375 0
1701011065943 91.28125 0
1701011110926 84.19375 0
1701011155868 83.81875 0
1701011200770 83.45625 0
1701011245588 83.675 0
1701011290136 85.08125 0
1701011334940 81.48125 0
1701011379936 81.7875 0
1701011424888 81.1875 0
1701011469698 81.10625 0
1701011515707 84.375 0
1701011564794 81.58125 0
1701011613475 81.925 0
1701011659637 81.2625 0
1701011704344 80.43125 0
1701011749032 80.98125 0
1701011794226 84.35625 0
1701011839272 79.3375 0
1701011883823 80.1875 0
1701011928356 78.66875 0
1701011973051 79.9875 0
1701012017784 79.88125 0
1701012062484 82.5125 0
1701012107418 81.25 0
1701012152047 78.30625 0
1701012196967 79.26875 0
1701012241827 78.1375 0
1701012286544 78.09375 0
1701012331128 78.5625 0
1701012375919 77.0375 0
1701012420549 78.2375 0
1701012465219 82.9625 0
1701012510062 76.45625 0
1701012555112 76.16875 0
1701012599796 78.50625 0
1701012644471 76.3125 0
1701012689708 76.81875 0
1701012734420 78.48125 0
1701012779210 76.01875 0
1701012824566 77.08125 0
1701012869945 76.16875 0
1701012914872 99.45 0
1701012959704 75.36875 0
1701013004370 75.53125 0
1701013048964 74.675 0
1701013094405 76.125 0
1701013139480 74.8125 0
1701013184262 75.15 0
1701013229034 73.125 0
1701013275844 74.1125 0
1701013324026 74.95 0
1701013373098 73.675 0
1701013419408 73.39375 0
1701013464088 75.425 0
1701013508780 71.925 0
1701013553314 77.825 0
1701013598000 72.25625 0
1701013642800 70.5625 0
1701013687557 73.725 0
1701013732108 75.36875 0
1701013776785 70.5375 0
1701013821677 71.68125 0
1701013866203 70.96875 0
1701013910775 70.75 0
1701013955423 70.94375 0
1701014000064 71.16875 0
1701014045004 70.0375 0
1701014090088 71.7625 0
1701014175870 71.38125 0
1701014220836 69.225 0
1701014265576 72.025 0
1701014310317 70.36875 0
1701014354881 71.30625 0
1701014399896 76.23125 0
1701014444965 74.7125 0
1701014489709 67.93125 0
1701014534291 71.2875 0
1701014578930 69.95625 0
1701014623916 68.7375 0
1701014668614 67.4875 0
1701014713209 67.7125 0
1701014757969 67.94375 0
1701014802580 67.9375 0
1701014847180 67.2 0
1701014891864 69.04375 0
1701014936715 65.996875 0
1701014981503 67.003125 0
1701015026140 74.08125 0
1701015070771 72.653125 0
1701015115495 65.625 0
1701015162598 70.99375 0
1701015210764 65.159375 0
1701015259702 64.709375 0
1701015305444 64.575 0
1701015351191 66.453125 0
1701015396565 65.70625 0
1701015441728 65.684375 0
1701015486273 65.31875 0
1701015531022 64.80625 0
1701015575881 69.7375 0
1701015620608 64.934375 0
1701015665428 65.253125 0
1701015710172 70.084375 0
1701015754868 63.715625 0
1701015799316 63.475 0
1701015843965 65.615625 0
1701015888544 64.4625 0
1701015933221 65.04375 0
1701015978268 69.559375 0
1701016022914 63.190625 0
1701016067564 64.740625 0
1701016112104 65.98125 0
1701016156787 63.96875 0
1701016201365 76.378125 0
1701016246076 62.228125 0
1701016290568 65.1125 0
1701016335243 66.846875 0
1701016379876 62.140625 0
1701016424400 64.35 0
1701016469096 60.340625 0
1701016513643 62.18125 0
1701016558207 62.7375 0
1701016603064 62.128125 0
1701016647940 71.51875 0
1701016692632 60.365625 0
1701016739372 59.66875 0
1701016788360 70.378125 0
1701016837060 61.078125 0
1701016883397 60.215625 0
1701016928616 64.009375 0
1701016973334 61.275 0
1701017018016 83.059375 0
1701017062584 59.75 0
1701017107192 59.978125 0
1701017151672 60.190625 0
1701017196300 66.9 0
1701017241154 59.3375 0
1701017285660 58.30625 0
1701017330424 59.5625 0
1701017375280 58.721875 0
1701017420380 58.1125 0
1701017465148 58.040625 0
1701017509793 65.584375 0
1701017554451 57.35 0
1701017599128 57.26875 0
1701017643712 57.0875 0
1701017688855 57.0 0
1701017734081 56.553125 0
1701017778904 57.725 0
1701017823669 57.209375 0
1701017868483 57.396875 0
1701017913348 61.01875 0
1701017958076 56.109375 0
1701018002992 58.153125 0
1701018047857 56.5125 0
1701018092720 60.909375 0
1701018137533 55.39375 0
1701018182512 56.396875 0
1701018227400 58.53125 0
1701018272384 56.196875 0
1701018317321 60.5 0
1701018361932 56.246875 0
1701018406848 53.371875 0
1701018451641 57.43125 0
1701018496684 54.41875 0
1701018541680 58.225 0
1701018586820 53.325 0
1701018631780 58.959375 0
1701018676789 53.440625 0
1701018721769 56.00625 0
1701018766817 54.259375 0
1701018811748 59.59375 0
1701018856728 53.796875 0
1701018901999 55.184375 0
1701018950276 58.43125 0
1701018999801 78.984375 0
1701019047676 52.71875 0
1701019092744 54.796875 0
1701019137632 77.634375 0
1701019182493 56.8625 0
1701019227201 60.828125 0
1701019272229 53.196875 0
1701019317184 51.715625 0
1701019361876 59.340625 0
1701019406696 51.328125 0
1701019451720 52.39375 0
1701019496600 55.421875 0
1701019541332 51.225 0
1701019586224 51.484375 0
1701019631348 52.465625 0
1701019676380 50.778125 0
1701019721176 50.74375 0
1701019766087 49.9875 0
1701019810876 50.628125 0
1701019855825 53.04375 0
1701019900576 50.60625 0
1701019945485 51.25 0
1701019990560 50.9125 0
1701020035484 53.2875 0
1701020081780 50.603125 0
1701020131275 49.440625 0
1701020219480 48.6625 0
1701020265313 49.428125 0
1701020310382 49.046875 0
1701020355212 49.84375 0
1701020399753 48.43125 0
1701020444793 50.271875 0
1701020489533 48.959375 0
1701020534580 47.778125 0
1701020579489 50.859375 0
1701020624324 49.603125 0
1701020669144 47.49375 0
1701020714028 48.0 0
1701020759054 49.2875 0
1701020804052 63.9125 0
1701020849047 48.634375 0
1701020894113 47.3875 0
1701020938884 47.74375 0
1701020983780 48.171875 0
1701021028809 46.209375 0
1701021073680 48.31875 0
1701021118729 49.15 0
1701021163431 47.703125 0
1701021208248 48.121875 0
1701021253115 51.659375 0
1701021297934 47.509375 0
1701021342608 47.665625 0
1701021387341 50.49375 0
1701021432013 46.1125 0
1701021476635 47.28125 0
1701021521345 46.24375 0
1701021566138 47.928125 0
1701021611039 45.2125 0
1701021656021 47.8875 0
1701021700820 46.428125 0
1701021745441 47.03125 0
1701021790057 46.878125 0
1701021834849 45.7625 0
1701021879923 47.471875 0
1701021924922 46.990625 0
1701021969536 45.796875 0
1701022014293 43.978125 0
1701022058949 48.89375 0
1701022103907 45.6625 0
1701022148671 47.328125 0
1701022193357 45.85625 0
1701022238376 44.371875 0
1701022283141 52.2375 0
1701022327685 45.21875 0
1701022372212 46.7375 0
1701022416752 44.890625 0
1701022463968 43.7 0
1701022511668 45.265625 0
1701022559559 44.01875 0
1701022604417 45.1625 0
1701022649578 43.10625 0
1701022694216 44.55 0
1701022738884 43.65625 0
1701022783374 44.803125 0
1701022828007 48.040625 0
1701022872602 49.9625 0
1701022917100 43.571875 0
1701022962811 45.553125 0
1701023008128 44.296875 0
1701023053653 46.390625 0
1701023098912 50.440625 0
1701023144175 44.04375 0
1701023189861 43.134375 0
1701023234946 43.85625 0
1701023279931 44.734375 0
1701023324715 43.4375 0
1701023369828 56.165625 0
1701023415058 42.9375 0
1701023460137 42.371875 0
1701023504790 43.546875 0
1701023549535 44.15 0
1701023594843 41.515625 0
1701023639892 42.990625 0
1701023684996 49.009375 0
1701023730168 49.56875 0
1701023775596 44.328125 0
1701023820648 45.09375 0
1701023865233 42.29375 0
1701023910082 46.9375 0
1701023955136 43.359375 0
1701023999743 43.06875 0
1701024044520 45.659375 0
1701024089131 42.859375 0
1701024135170 41.578125 0
1701024183019 45.00625 0
1701024231128 43.303125 0
1701024278887 42.375 0
1701024323421 42.653125 0
1701024367801 41.89375 0
1701024412534 41.15 0
1701024457166 43.059375 0
1701024501890 42.003125 0
1701024546692 42.7625 0
1701024591433 44.375 0
1701024636134 48.203125 0
1701024680664 41.890625 0
1701024725252 45.909375 0
1701024769901 42.4375 0
1701024814296 41.915625 0
1701024859065 58.2875 0
1701024904324 42.0875 0
1701024949283 45.83125 0
1701024993984 43.390625 0
1701025038575 44.31875 0
1701025083233 44.8875 0
1701025127911 40.240625 0
1701025172809 65.43125 0
1701025217806 47.4375 0
1701025262551 41.5 0
1701025307182 40.615625 0
1701025351777 43.678125 0
1701025396501 43.428125 0
1701025441357 39.775 0
1701025486135 41.415625 0
1701025530787 40.25625 0
1701025575494 45.1625 0
1701025620190 43.225 0
1701025664814 42.20625 0
1701025709448 40.025 0
1701025753989 40.80625 0
1701025798636 40.884375 0
1701025843248 44.06875 0
1701025887928 43.58125 0
1701025932588 40.925 0
1701025977104 42.20625 0
1701026022713 40.996875 0
1701026071036 46.990625 0
1701026118820 40.8625 0
1701026166249 42.615625 0
1701026262821 66.29375 0
1701026308012 42.728125 0
1701026352655 46.2625 0
1701026397298 40.41875 0
1701026442421 40.64375 0
1701026487080 42.7625 0
1701026531743 40.471875 0
1701026576324 62.725 0
1701026620917 44.015625 0
1701026665655 39.89375 0
1701026710268 39.928125 0
1701026754852 49.5125 0
1701026799549 44.4625 0
1701026844143 40.1875 0
1701026888771 40.9375 0
1701026933361 42.628125 0
1701026978144 40.00625 0
1701027022856 45.24375 0
1701027067526 39.65 0
1701027112450 49.425 0
1701027157359 40.734375 0
1701027202015 38.7875 0
1701027246648 41.840625 0
1701027291448 38.628125 0
1701027336088 40.84375 0
1701027381125 42.5 0
1701027426863 41.278125 0
1701027471964 40.828125 0
1701027516577 54.88125 0
1701027561175 39.0625 0
1701027605851 42.871875 0
1701027650484 40.51875 0
1701027695081 40.790625 0
1701027739749 42.746875 0
1701027786898 40.8625 0
1701027835359 46.34375 0
1701027883529 42.10625 0
1701027928764 41.35625 0
1701027973078 41.640625 0
1701028017793 40.75625 0
1701028062941 39.28125 0
1701028107545 39.9875 0
1701028152402 40.95 0
1701028197006 51.26875 0
1701028241773 41.9375 0
1701028286642 41.771875 0
1701028331258 39.328125 0
1701028375922 40.275 0
1701028420560 40.115625 0
1701028465258 39.784375 0
1701028509850 42.215625 0
1701028554671 41.675 0
1701028599404 44.090625 0
1701028643954 46.69375 0
1701028688781 41.434375 0
1701028733468 46.990625 0
1701028778094 44.775 0
1701028822756 50.871875 0
1701028867403 44.88125 0
1701028912217 43.428125 0
1701028956900 43.4 0
1701029003601 48.071875 0
1701029052016 40.43125 0
1701029100378 40.95 0
1701029146051 48.478125 0
1701029190683 41.009375 0
1701029236080 46.465625 0
1701029281289 43.484375 0
1701029326684 41.584375 0
1701029371693 45.6375 0
1701029416447 49.371875 0
1701029461065 48.21875 0
1701029505744 42.715625 0
1701029550327 42.290625 0
1701029594977 44.66875 0
1701029639843 43.334375 0
1701029684455 41.25 0
1701029729161 42.725 0
1701029773804 47.753125 0
1701029818442 43.415625 0
1701029863137 45.1125 0
1701029907835 48.8375 0
1701029952321 44.815625 0
1701029996887 42.696875 0
1701030041566 49.009375 0
1701030086296 44.621875 0
1701030131133 44.534375 0
1701030176001 49.153125 0
1701030220687 45.2375 0
1701030265427 44.54375 0
1701030310269 45.65625 0
1701030355268 52.615625 0
1701030400452 44.80625 0
1701030445538 50.853125 0
1701030490896 45.55 0
1701030535912 44.740625 0
1701030580880 53.03125 0
1701030625508 44.175 0
1701030669913 46.3625 0
1701030714500 46.203125 0
1701030759084 60.528125 0
1701030803528 45.071875 0
1701030848293 52.684375 0
1701030892844 48.6125 0
1701030937577 46.659375 0
1701030982554 47.409375 0
1701031027413 45.13125 0
1701031072276 48.45 0
1701031116884 47.328125 0
1701031161575 45.6875 0
1701031206452 46.815625 0
1701031251156 48.790625 0
1701031295820 45.615625 0
1701031341001 46.18125 0
1701031388530 45.55625 0
1701031437331 45.65625 0
1701031484650 47.746875 0
1701031529488 45.559375 0
1701031574252 74.203125 0
1701031619208 48.4 0
1701031663827 47.36875 0
1701031708608 48.925 0
1701031753128 48.009375 0
1701031797715 46.125 0
1701031842332 45.825 0
1701031887023 48.871875 0
1701031931552 46.446875 0
1701031976212 49.2875 0
1701032020891 49.340625 0
1701032065596 44.79375 0
1701032110753 45.825 0
1701032155713 46.95625 0
1701032200328 47.053125 0
