1701002067861 0.003290119566447994 0
1701002108187 0.0033488261267311213 0
1701002152790 0.003674037098266918 0
1701002202243 0.0037384091881272705 0
1701002250378 0.0037876349039028348 0
1701002298625 0.004101421240080206 0
1701002343692 0.004398141963494256 0
1701002388271 0.004466267292981321 0
1701002433065 0.0042717762561659735 0
1701002477656 0.0043266684280158325 0
1701002522388 0.004387239100401883 0
1701002569186 0.004447809772787934 0
1701002614324 0.004500809111125729 0
1701002659181 0.004531094447318754 0
1701002704059 0.0045670582840479715 0
1701002749305 0.0043631971191248125 0
1701002794812 0.004402956351097383 0
1701002839829 0.004440822286309356 0
1701002885748 0.004459755253915342 0
1701002930690 0.004497621189127314 0
1701002975613 0.004554420091945273 0
1701003020158 0.004856661811393778 0
1701003064951 0.004909661149731572 0
1701003109623 0.004686950865187176 0
1701003154330 0.004709670426314359 0
1701003199118 0.004738069877723338 0
1701003243616 0.004753216251808127 0
1701003288177 0.005070659008668495 0
1701003332885 0.005399461546092454 0
1701003377445 0.005414607920177243 0
1701003422216 0.005425967700740834 0
1701003467396 0.0054751934165163975 0
1701003512382 0.005925166946618668 0
1701003556999 0.00600468541056381 0
1701003602264 0.0063599941026361495 0
1701003647534 0.00667365026597532 0
1701003692462 0.007140663466922977 0
1701003737242 0.007225861821149915 0
1701003782604 0.0075925302937858465 0
1701003827429 0.007615249854913029 0
1701003872227 0.007611463261391832 0
1701003916919 0.007643649306322009 0
1701003961598 0.008458398012299612 0
1701004006141 0.008545489663287147 0
1701004050792 0.009204988034895665 0
1701004095433 0.009182268473768481 0
1701004141016 0.009790647832840836 0
1701004188358 0.010733509619618945 0
1701004236851 0.01103959259591572 0
1701004284344 0.012088479001287351 0
1701004328849 0.012840633565280105 0
1701004373345 0.014044475678952865 0
1701004418179 0.014771954692089495 0
1701004462893 0.01544454153337627 0
1701004507536 0.015513452841210243 0
1701004552202 0.015483160093040665 0
1701004597112 0.016154018245212773 0
1701004641774 0.01618431099338235 0
1701004686321 0.017771524777684188 0
1701004731008 0.017733658842472216 0
1701004775636 0.01872385304826529 0
1701004820168 0.01903372261808326 0
1701004865270 0.019653461757719207 0
1701004910187 0.02027509419411575 0
1701004954962 0.0212993677415996 0
1701004999635 0.021857259187055993 0
1701005044405 0.02291182548270942 0
1701005089033 0.023550497589951352 0
1701005133731 0.023833861005120943 0
1701005178324 0.024280047941702017 0
1701005223099 0.025372480172567418 0
1701005267596 0.026355101191318096 0
1701005312092 0.026676330541699662 0
1701005356396 0.02666497076113607 0
1701005400913 0.02763244540580196 0
1701005446189 0.028594240160186055 0
1701005491489 0.03018524053800909 0
1701005536419 0.031129995621547796 0
1701005581149 0.03137612420042562 0
1701005625965 0.033854449660049205 0
1701005671243 0.03525801365857297 0
1701005718767 0.03684333414611421 0
1701005767006 0.0391497574939629 0
1701005814967 0.040720178364472066 0
1701005859791 0.04279914050522246 0
1701005904183 0.045669937998519664 0
1701005948653 0.048329369082969705 0
1701005993172 0.051510591272245415 0
1701006037789 0.05449485994991243 0
1701006082793 0.05735486220819345 0
1701006127475 0.060934595956703544 0
1701006172239 0.06368736390005121 0
1701006217770 0.06713147777967503 0
1701006262721 0.07061154669430589 0
1701006307486 0.07348731870478299 0
1701006352064 0.07628144501404441 0
1701006396663 0.08078039989570263 0
1701006441563 0.08494511787137837 0
1701006486245 0.08824523434120139 0
1701006531255 0.09153399936893443 0
1701006575729 0.09504348688175024 0
1701006620467 0.09855108248755104 0
1701006665109 0.1027498547894967 0
1701006709668 0.10659355990627269 0
1701006754230 0.11106871585771827 0
1701006799105 0.11356163874191323 0
1701006843582 0.1166339738999006 0
1701006888280 0.11964078301592812 0
1701006932903 0.1232316551122023 0
1701006977892 0.12680624711081154 0
1701007022886 0.13003599489291098 0
1701007067516 0.13426575141867209 0
1701007111851 0.13712840932638534 0
1701007156622 0.14022462108592296 0
1701007201280 0.14279257494550912 0
1701007245930 0.1471833064766128 0
1701007290591 0.15054883286742968 0
1701007335301 0.15263855858787972 0
1701007380008 0.15569669378853832 0
1701007424657 0.15836092103948246 0
1701007470027 0.1615191556011457 0
1701007515022 0.16471745683739222 0
1701007559796 0.16734403587993563 0
1701007604389 0.1695828505748294 0
1701007649049 0.1728396573214951 0
1701007693836 0.17636571523439082 0
1701007739037 0.18019122070599097 0
1701007784006 0.18257297505986506 0
1701007828838 0.1853956447364135 0
1701007876080 0.1883780091537713 0
1701007923823 0.19145967305633071 0
1701007972163 0.1940595939987064 0
1701008017362 0.1964119209526734 0
1701008102411 0.19935704435709226 0
1701008147464 0.20230216776151114 0
1701008192808 0.2043005770043388 0
1701008237572 0.20692761450851518 0
1701008282215 0.2098463355259574 0
1701008326996 0.21265550845645254 0
1701008371852 0.2154025676336931 0
1701008416664 0.21824747972537817 0
1701008461263 0.2214751566321121 0
1701008505953 0.2236793011890174 0
1701008550783 0.22625980908388918 0
1701008595618 0.22904477141064067 0
1701008640387 0.2315555193263632 0
1701008685066 0.2336458207103255 0
1701008729777 0.23643972126313442 0
1701008774409 0.23826947190600972 0
1701008819082 0.24008415770654234 0
1701008863878 0.2420514506997222 0
1701008908585 0.2438148587478875 0
1701008953382 0.24587321404966048 0
1701008998398 0.24793721727756637 0
1701009042989 0.24998427672707355 0
1701009087908 0.2523168702199669 0
1701009132610 0.2541659482093673 0
1701009177130 0.25681504190276944 0
1701009221774 0.25925875574813606 0
1701009266468 0.2612154032899926 0
1701009311028 0.2631758124099494 0
1701009355827 0.2648265182663122 0
1701009402757 0.26743830732731005 0
1701009450635 0.2690551589807698 0
1701009499603 0.27064191800942694 0
1701009546551 0.2722042267804319 0
1701009591496 0.2744122731253273 0
1701009636258 0.2756366667969857 0
1701009680947 0.27813560851497354 0
1701009725656 0.27932238640562856 0
1701009770610 0.2815247903833735 0
1701009815432 0.283565784365402 0
1701009860293 0.2853734042360375 0
1701009904847 0.286850713540853 0
1701009949566 0.2883242621940652 0
1701009994233 0.2901412836937089 0
1701010039003 0.2913070856907207 0
1701010083749 0.2929417101830398 0
1701010128429 0.2948813307161776 0
1701010173157 0.29664295433098786 0
1701010217692 0.2983425577687476 0
1701010262314 0.3000214878141571 0
1701010307109 0.30172672944983053 0
1701010351837 0.3037546012994539 0
1701010396372 0.3048221001044456 0
1701010441028 0.3060606884832827 0
1701010485837 0.30744671698061293 0
1701010530475 0.3088308665418872 0
1701010575066 0.31052065636827536 0
1701010619663 0.3115672237514832 0
1701010664421 0.3131170070541955 0
1701010709156 0.3141464101527021 0
1701010754072 0.3159838463975976 0
1701010798888 0.3176540228986987 0
1701010844286 0.3189980517397273 0
1701010889437 0.3203214224756073 0
1701010934199 0.3213092555036199 0
1701010978961 0.3226138461439103 0
1701011023774 0.3248705876305931 0
1701011068382 0.3261845683186783 0
1701011113625 0.327830330695513 0
1701011158312 0.3288219197426435 0
1701011203166 0.3304489020238886 0
1701011247983 0.3318939208984375 0
1701011292520 0.3338165283203125 0
1701011337407 0.3353980481624603 0
1701011382350 0.33634620904922485 0
1701011427301 0.33760353922843933 0
1701011472072 0.33885523676872253 0
1701011518501 0.3398052752017975 0
1701011567347 0.34074217081069946 0
1701011616003 0.34248220549963915 0
1701011662057 0.34342637827976996 0
1701011706763 0.34433864064784864 0
1701011751464 0.34558064394046606 0
1701011796923 0.3474483415870469 0
1701011841652 0.3485476958319313 0
1701011886181 0.35013594173396806 0
1701011930759 0.3510704984010192 0
1701011975463 0.3524683263017724 0
1701012020183 0.35336888145288653 0
1701012064893 0.3542619319777415 0
1701012109811 0.3556136891940715 0
1701012154441 0.356809756298757 0
1701012199353 0.35784246513880597 0
1701012244228 0.3590194845446651 0
1701012288977 0.3598820903758311 0
1701012333578 0.36107411162223224 0
1701012378421 0.3626086748943428 0
1701012422927 0.36351628624713483 0
1701012467613 0.36454903647071957 0
1701012512465 0.36575201184638423 0
1701012557458 0.3671001646802833 0
1701012602193 0.3682709796441034 0
1701012647177 0.3689659870967964 0
1701012692087 0.3701202185351614 0
1701012736831 0.3709413664019787 0
1701012781566 0.3720843492394284 0
1701012827009 0.37322733207687814 0
1701012872331 0.3743740644479663 0
1701012917286 0.37550392391768145 0
1701012962097 0.3768834045513924 0
1701013006761 0.3781029514080502 0
1701013051329 0.3791279937936852 0
1701013096886 0.38029664554126524 0
1701013141925 0.3814484327259459 0
1701013186697 0.3822504363838255 0
1701013231450 0.38338161132496257 0
1701013278984 0.3845240293080325 0
1701013326703 0.3856533304088474 0
1701013375547 0.3870799475074432 0
1701013421814 0.38786508660242347 0
1701013466477 0.38896253241776185 0
1701013511149 0.3900749689556774 0
1701013555694 0.39087509877323484 0
1701013600407 0.3920137690756605 0
1701013645201 0.3931393224958311 0
1701013689939 0.39424238983213594 0
1701013734492 0.39565776388879886 0
1701013779173 0.3964204168999133 0
1701013824069 0.39748038590880874 0
1701013868615 0.39820743595380237 0
1701013913167 0.3988027600426748 0
1701013957783 0.3998517452744005 0
1701014002411 0.40088386177399 0
1701014047371 0.40160172004156164 0
1701014092468 0.40232520121984533 0
1701014178282 0.4033610663265762 0
1701014223228 0.40439880573687775 0
1701014267926 0.40525994631292905 0
1701014312707 0.4059626364337348 0
1701014357270 0.4066615788738962 0
1701014402358 0.40768781875699295 0
1701014447357 0.40841674264230876 0
1701014492120 0.4094411086850833 0
1701014536710 0.41011569120105684 0
1701014581322 0.41111007579867703 0
1701014626304 0.41180714439851634 0
1701014671052 0.4125229514015771 0
1701014715610 0.4135379482427409 0
1701014760334 0.41408458182231134 0
1701014804917 0.41473309085776766 0
1701014849560 0.4156939838216712 0
1701014894199 0.4166623739998575 0
1701014939090 0.41797126266005125 0
1701014983909 0.41861602308836626 0
1701015028484 0.41924953769525714 0
1701015073215 0.42020480774844865 0
1701015117882 0.42084956817676367 0
1701015165555 0.4218104611406672 0
1701015213562 0.4224570958725529 0
1701015262216 0.4230999819972972 0
1701015307836 0.424047754836206 0
1701015353600 0.4246550291931073 0
1701015399139 0.425260429246438 0
1701015444080 0.4258470862640618 0
1701015488641 0.42675549872798624 0
1701015533366 0.4273515272634635 0
1701015578271 0.4279325613703752 0
1701015623025 0.42852109269156974 0
1701015667803 0.4294444995840596 0
1701015712547 0.43004240242310754 0
1701015757210 0.4309470662798906 0
1701015801720 0.43154309481536784 0
1701015846306 0.43180049917240837 0
1701015890946 0.43268641999348456 0
1701015935607 0.43389971917157344 0
1701015980665 0.43460740882497995 0
1701016025286 0.4348778664448101 0
1701016069894 0.4354924860704748 0
1701016114439 0.43609024113324024 0
1701016159163 0.4370003029163637 0
1701016203774 0.437558707332364 0
1701016248417 0.43845377839291033 0
1701016292947 0.4393319848905573 0
1701016337616 0.4399016323484905 0
1701016382264 0.4402767691587537 0
1701016426788 0.44083503552669073 0
1701016471432 0.4417223918005592 0
1701016516055 0.4429369646032857 0
1701016560704 0.4433857261208055 0
1701016605435 0.44364306685838056 0
1701016650294 0.44433325498215276 0
1701016695006 0.4448933947271634 0
1701016742171 0.44625804430462535 0
1701016791115 0.4469953238037584 0
1701016839737 0.44753110964681203 0
1701016885832 0.4480631487357184 0
1701016931109 0.44858207418510954 0
1701016975814 0.44944320317994746 0
1701017020415 0.45010563360594713 0
1701017064973 0.4508295945552964 0
1701017109545 0.45142503383863775 0
1701017154060 0.4523100788111514 0
1701017198661 0.4528306200714309 0
1701017243570 0.4536651088783778 0
1701017287999 0.4541650531823153 0
1701017332792 0.4549976695386857 0
1701017377693 0.455643556896269 0
1701017422792 0.45648158322344173 0
1701017467594 0.4573345854492385 0
1701017512214 0.45786248587573747 0
1701017556856 0.4583978742515485 0
1701017601562 0.45892203070339144 0
1701017646074 0.4594461871552344 0
1701017691278 0.46009275209100753 0
1701017736417 0.46090624122421975 0
1701017781313 0.461394709008963 0
1701017826146 0.46222317033481103 0
1701017870935 0.462734096408508 0
1701017915781 0.46290315741702065 0
1701017960452 0.46340285434624073 0
1701018005403 0.46387073536610973 0
1701018050268 0.4643629461990119 0
1701018095115 0.4648776153208678 0
1701018139947 0.46634301867509753 0
1701018184915 0.46716399390462765 0
1701018229768 0.46794192408032986 0
1701018274807 0.46843787796139097 0
1701018319697 0.46926446776315955 0
1701018364375 0.4704179504374766 0
1701018409250 0.47091764736669667 0
1701018454064 0.4717180358313526 0
1701018499113 0.47220276056793686 0
1701018544098 0.47267251311188535 0
1701018589216 0.47314788022807225 0
1701018634225 0.4736269903924181 0
1701018679281 0.47442925038115347 0
1701018724292 0.4755191012367683 0
1701018769267 0.4760923646583458 0
1701018814212 0.47655825880525027 0
1701018859107 0.47702228189132373 0
1701018904516 0.4774732075515806 0
1701018953201 0.47824720304864676 0
1701019002403 0.47799959933201885 0
1701019050116 0.47864512427483197 0
1701019095184 0.4795031050326293 0
1701019140085 0.48002687235570324 0
1701019184918 0.48023326162229546 0
1701019229616 0.48114361911240017 0
1701019274657 0.48280749280835683 0
1701019319561 0.48333300055617495 0
1701019364308 0.48415897655363527 0
1701019409148 0.48466017255511307 0
1701019454138 0.48515949842225703 0
1701019499035 0.4859817341510496 0
1701019543777 0.4864960210928645 0
1701019588664 0.48763181601163635 0
1701019633763 0.48811431066977545 0
1701019678781 0.4892183133048715 0
1701019723578 0.489680236485338 0
1701019768486 0.4901159777851302 0
1701019813277 0.4908671484092357 0
1701019858210 0.49127109742535213 0
1701019902971 0.4916956179191411 0
1701019947894 0.49212387868159796 0
1701019992934 0.4928638284997001 0
1701020037906 0.4932696476501504 0
1701020084247 0.49399276625924776 0
1701020133804 0.49440793608136746 0
1701020221975 0.49482123576915327 0
1701020267771 0.49524762639727615 0
1701020312761 0.4956478351447249 0
1701020357555 0.4963840446941593 0
1701020402195 0.4966783085017624 0
1701020447218 0.49709171056747437 0
1701020491934 0.49749575964527426 0
1701020537008 0.4978885851375797 0
1701020581896 0.49796216197582105 0
1701020626698 0.4983475050777969 0
1701020671608 0.4987459423628496 0
1701020716443 0.4992628048121003 0
1701020761453 0.4996293511415393 0
1701020806460 0.49995662464996693 0
1701020851452 0.5004319879057494 0
1701020896509 0.5008358368601824 0
1701020941257 0.5012340768013593 0
1701020986230 0.5018261356057281 0
1701021031213 0.5022207339501752 0
1701021076108 0.5025947608169496 0
1701021121073 0.502955696743387 0
1701021165837 0.5033203729384922 0
1701021210643 0.5036943998052666 0
1701021255507 0.5040609461347056 0
1701021300279 0.5046277246944645 0
1701021345042 0.5049924912230338 0
1701021389761 0.5053422929709439 0
1701021434390 0.5057033183043484 0
1701021479053 0.5060437670643465 0
1701021523740 0.5063729922388501 0
1701021568532 0.5067284057795075 0
1701021613422 0.5070856899177473 0
1701021658405 0.5074373622632398 0
1701021703262 0.5077609756449961 0
1701021747890 0.5080920714170821 0
1701021792523 0.5084437437625746 0
1701021837315 0.5087729689370782 0
1701021882371 0.5094064779849867 0
1701021927352 0.5097413149522376 0
1701021971953 0.5104122359517942 0
1701022016668 0.5107620376997043 0
1701022061392 0.5110987452645376 0
1701022106262 0.5114092644632171 0
1701022151075 0.5117366190401383 0
1701022195745 0.5121604979347071 0
1701022240798 0.5124840311744671 0
1701022285527 0.513139824947545 0
1701022330107 0.5133428388308985 0
1701022374604 0.514004406842543 0
1701022419134 0.5143467262001236 0
1701022466475 0.5146778219722096 0
1701022514143 0.5151234140976723 0
1701022561996 0.515420765456758 0
1701022606850 0.5157274674875131 0
1701022651934 0.5160322993839342 0
1701022696619 0.5163259104743523 0
1701022741261 0.5166176514304364 0
1701022785755 0.5168794702371785 0
1701022830377 0.5171693410589288 0
1701022874971 0.5177896022796631 0
1701022919478 0.5180888237730826 0
1701022965212 0.5188133475694015 0
1701023010522 0.519093798232202 0
1701023056034 0.5193929456058561 0
1701023101273 0.5198353986048327 0
1701023146602 0.5201699868076206 0
1701023192272 0.5208198480655493 0
1701023237304 0.5211413518134794 0
1701023282321 0.5211214135965535 0
1701023327134 0.5217357599055829 0
1701023372180 0.5220348331594714 0
1701023417536 0.522666002339032 0
1701023462501 0.5229575987615733 0
1701023507158 0.5232491951841147 0
1701023551936 0.5235538760615136 0
1701023597275 0.5238473416918917 0
1701023642225 0.5241426765301067 0
1701023687341 0.5243875427567279 0
1701023732607 0.5246884852184532 0
1701023777976 0.5251314439304134 0
1701023823053 0.5254453930212426 0
1701023867646 0.5257443921553656 0
1701023912542 0.5260190976098411 0
1701023957551 0.5266351604091071 0
1701024002187 0.5272717793988441 0
1701024046984 0.5274611435097116 0
1701024091544 0.5277620859714369 0
1701024137862 0.5280705052645095 0
1701024185786 0.5283639708948876 0
1701024233673 0.528646221278245 0
1701024281389 0.5292530907559271 0
1701024325818 0.5295278643079372 0
1701024370185 0.5298175915226417 0
1701024414880 0.530099841905999 0
1701024459609 0.5303708770423355 0
1701024504303 0.5306269585159776 0
1701024549049 0.530869955534762 0
1701024593822 0.5310979988908521 0
1701024638495 0.5314646193400566 0
1701024683072 0.5317374560499438 0
1701024727621 0.5319054966763511 0
1701024772274 0.5321784010205244 0
1701024816683 0.5325540974350174 0
1701024861431 0.5328101154436101 0
1701024906726 0.5334000158186404 0
1701024951655 0.5337046211865282 0
1701024996363 0.5340073578098278 0
1701025040949 0.5343026194547742 0
1701025085557 0.5345810623984263 0
1701025130296 0.5348426866407839 0
1701025175174 0.5351392191308768 0
1701025220198 0.5357439195245041 0
1701025264917 0.5362325974696659 0
1701025309545 0.536626707086909 0
1701025354143 0.5372686139042513 0
1701025398866 0.5375730682531169 0
1701025443766 0.5385225424494768 0
1701025488486 0.5388475427973456 0
1701025533217 0.53883882631292 0
1701025577909 0.5391096599361439 0
1701025622644 0.539472326250274 0
1701025667259 0.5400655226386273 0
1701025711834 0.5401727767188315 0
1701025756363 0.5404901482898337 0
1701025801046 0.5411112008934812 0
1701025845633 0.5414099035485421 0
1701025890313 0.5413451846399455 0
1701025934920 0.5414872021255098 0
1701025979496 0.5417579685776962 0
1701026025200 0.5420250003201974 0
1701026073624 0.5422621543852159 0
1701026121393 0.542506777869605 0
1701026168602 0.5427551360636795 0
1701026265177 0.5430552573401694 0
1701026310404 0.5428822587191132 0
1701026355024 0.5433372438262781 0
1701026399764 0.544160898485332 0
1701026444794 0.5445191637839678 0
1701026489423 0.5451548358937002 0
1701026534075 0.5456460156897807 0
1701026578730 0.5456306569934509 0
1701026623314 0.545580897924196 0
1701026668049 0.5459596888388994 0
1701026712642 0.5466140205996024 0
1701026757230 0.5469275027359087 0
1701026801958 0.5471248490822748 0
1701026846505 0.5475152817414832 0
1701026891117 0.5478082382617219 0
1701026935711 0.5480974628517665 0
1701026980494 0.5483736256861316 0
1701027025272 0.548657252380885 0
1701027069978 0.5489259513548619 0
1701027114790 0.549174124712771 0
1701027159770 0.5494372257914568 0
1701027204370 0.549715254590919 0
1701027249006 0.5499764897045076 0
1701027293849 0.5498931432635056 0
1701027338454 0.5501599762723853 0
1701027383562 0.5507079480225558 0
1701027429323 0.5509206680436208 0
1701027474419 0.5511707073666271 0
1701027518952 0.551409550899051 0
1701027563587 0.5516446625012807 0
1701027608249 0.5518779081384135 0
1701027652930 0.552075700438702 0
1701027697425 0.5523108120409318 0
1701027742137 0.5528718455467817 0
1701027789437 0.5531106890792056 0
1701027837751 0.5533122133096883 0
1701027885982 0.5538489892692764 0
1701027931097 0.5540673071856326 0
1701027975441 0.55429122299728 0
1701028020165 0.5545170047740244 0
1701028065304 0.5547483844460601 0
1701028109916 0.554987227978484 0
1701028154776 0.5552018139646461 0
1701028199387 0.5553585550327993 0
1701028244140 0.5555750069840585 0
1701028288997 0.5558231803419676 0
1701028333602 0.556075085630071 0
1701028378286 0.5563139291624949 0
1701028423083 0.5568339114362094 0
1701028467631 0.5570373016317891 0
1701028512238 0.55721456831601 0
1701028557029 0.5573825051747455 0
1701028601768 0.5575579058938693 0
1701028646292 0.5577724918800314 0
1701028691150 0.5579852119010965 0
1701028735845 0.558181138236288 0
1701028780430 0.5580642044235388 0
1701028825197 0.5585804547670592 0
1701028869819 0.5587931747881242 0
1701028914663 0.5589853691931216 0
1701028959262 0.5588684353803723 0
1701029006509 0.5590960831222139 0
1701029054925 0.5593237308640554 0
1701029103018 0.5595327189549263 0
1701029148479 0.5597305112552149 0
1701029193054 0.5602560914242206 0
1701029238452 0.5604576156547032 0
1701029283667 0.5606498100597006 0
1701029329063 0.5608382725345038 0
1701029374070 0.5610453946602777 0
1701029418798 0.5612506508209545 0
1701029463403 0.5614521750514372 0
1701029508096 0.5616667610375993 0
1701029552718 0.5618813470237614 0
1701029597356 0.5620604796730793 0
1701029642230 0.5618645533378878 0
1701029686854 0.5611965378331397 0
1701029731556 0.559988273240124 0
1701029776196 0.5586239141194932 0
1701029820956 0.5566965157812741 0
1701029865541 0.5551166216326501 0
1701029910203 0.5531097131689595 0
1701029954695 0.550722516725718 0
1701029999245 0.5482333327204453 0
1701030043908 0.5479233518165628 0
1701030088693 0.5463846514262066 0
1701030133503 0.5444752787061305 0
1701030178368 0.5435047602097605 0
1701030223096 0.5423744499992212 0
1701030267783 0.541214482771918 0
1701030312615 0.5397125547413999 0
1701030357670 0.538471069360644 0
1701030402796 0.5375324944758044 0
1701030447969 0.5368786868036102 0
1701030493242 0.536061438099708 0
1701030538366 0.5350149588881379 0
1701030583293 0.5339643065793527 0
1701030627920 0.5329358163892914 0
1701030672337 0.5327162785851276 0
1701030716886 0.5315843480856307 0
1701030761449 0.5304695435756229 0
1701030805957 0.5295768265897128 0
1701030850709 0.5290972196685217 0
1701030895265 0.5281219142706283 0
1701030939990 0.5273853605275327 0
1701030984929 0.5266588497038333 0
1701031029785 0.5260390685629969 0
1701031074677 0.5253368995967924 0
1701031119289 0.52438070150237 0
1701031164054 0.5234077348919113 0
1701031208814 0.5232010900665441 0
1701031253586 0.5225380785724659 0
1701031298166 0.5218881774751634 0
1701031343701 0.5213365462159864 0
1701031391289 0.5207370655524298 0
1701031439812 0.5203548966294126 0
1701031487152 0.5200226722294803 0
1701031531850 0.5199939400112074 0
1701031576650 0.5191900625130056 0
1701031621647 0.5191507118662404 0
1701031666232 0.5181582011089424 0
1701031711040 0.5181163520084144 0
1701031755559 0.5171850533683066 0
1701031800098 0.5166777116029374 0
1701031844711 0.5160235796567689 0
1701031889365 0.5156805821033339 0
1701031933966 0.5150808049607153 0
1701031978615 0.5149665777547372 0
1701032023264 0.5145223128363259 0
1701032068059 0.5141903971143337 0
1701032113126 0.5135715711919755 0
1701032158056 0.5127261379839843 0
1701032202711 0.5129731042706287 0
