1701002067859 21306832.0 0
1701002108185 21687016.0 0
1701002152789 23793084.0 0
1701002202242 24209958.0 0
1701002250377 24528744.0 0
1701002298623 26560826.0 0
1701002343691 28482391.0 0
1701002388270 28923571.0 0
1701002433064 27664046.0 0
1701002477655 28019528.0 0
1701002522387 28411784.0 0
1701002569185 28804040.0 0
1701002614323 29147264.0 0
1701002659179 29343392.0 0
1701002704057 29576294.0 0
1701002749303 28256088.0 0
1701002794811 28513569.0 0
1701002839828 28758789.0 0
1701002885747 28881399.0 0
1701002930688 29126619.0 0
1701002975612 29494449.0 0
1701003020156 31451768.0 0
1701003064949 31794992.0 0
1701003109621 30352719.0 0
1701003154329 30499851.0 0
1701003199117 30683766.0 0
1701003243615 30781854.0 0
1701003288176 32837615.0 0
1701003332884 34966942.0 0
1701003377443 35065030.0 0
1701003422214 35138596.0 0
1701003467394 35457382.0 0
1701003512381 38371413.0 0
1701003556998 38886375.0 0
1701003602263 41187356.0 0
1701003647532 43218595.0 0
1701003692460 46242975.0 0
1701003737240 46794720.0 0
1701003782602 49169267.0 0
1701003827427 49316399.0 0
1701003872226 49291877.0 0
1701003916918 49500314.0 0
1701003961597 54776631.0 0
1701004006140 55340637.0 0
1701004050790 59611552.0 0
1701004095431 59464420.0 0
1701004141014 63404288.0 0
1701004188357 69510266.0 0
1701004236850 71492461.0 0
1701004284343 78285055.0 0
1701004328847 83156012.0 0
1701004373343 90952100.0 0
1701004418177 95663258.0 0
1701004462892 100018934.0 0
1701004507534 100465204.0 0
1701004552201 100269028.0 0
1701004597111 104613509.0 0
1701004641773 104809685.0 0
1701004686319 115088490.0 0
1701004731007 114843270.0 0
1701004775634 121255773.0 0
1701004820167 123262490.0 0
1701004865269 127275924.0 0
1701004910186 131301619.0 0
1701004954961 137934820.0 0
1701004999634 141547728.0 0
1701005044403 148377105.0 0
1701005089032 152513149.0 0
1701005133730 154348212.0 0
1701005178323 157237721.0 0
1701005223098 164312318.0 0
1701005267595 170675777.0 0
1701005312090 172756060.0 0
1701005356395 172682494.0 0
1701005400912 178947865.0 0
1701005446187 185176453.0 0
1701005491488 195479780.0 0
1701005536418 201598019.0 0
1701005581148 203191949.0 0
1701005625964 219241598.0 0
1701005671241 228331086.0 0
1701005718766 238597630.0 0
1701005767005 253534040.0 0
1701005814965 263704094.0 0
1701005859790 277167464.0 0
1701005904182 295758764.0 0
1701005948652 312981254.0 0
1701005993171 333582866.0 0
1701006037787 352909006.0 0
1701006082792 371430396.0 0
1701006127474 394612771.0 0
1701006172238 412439711.0 0
1701006217768 434743811.0 0
1701006262719 457280756.0 0
1701006307485 475904271.0 0
1701006352063 493999048.0 0
1701006396662 523134304.0 0
1701006441562 550105040.0 0
1701006486243 571476612.0 0
1701006531254 592774672.0 0
1701006575728 615502132.0 0
1701006620466 638217340.0 0
1701006665108 665408612.0 0
1701006709667 690300467.0 0
1701006754229 719281601.0 0
1701006799104 735425783.0 0
1701006843580 755322242.0 0
1701006888279 774794354.0 0
1701006932902 798048861.0 0
1701006977891 821197938.0 0
1701007022885 842113802.0 0
1701007067515 869505728.0 0
1701007111850 888044316.0 0
1701007156620 908095400.0 0
1701007201279 924725483.0 0
1701007245929 953159884.0 0
1701007290590 974955051.0 0
1701007335299 988488126.0 0
1701007380006 1008292626.0 0
1701007424656 1025546176.0 0
1701007470026 1045998920.0 0
1701007515021 1066711136.0 0
1701007559795 1083720876.0 0
1701007604388 1098219452.0 0
1701007649047 1119310550.0 0
1701007693834 1142145320.0 0
1701007739035 1166919314.0 0
1701007784005 1182343568.0 0
1701007828837 1200623192.0 0
1701007876079 1219937000.0 0
1701007923822 1239893872.0 0
1701007972161 1256730974.0 0
1701008017361 1271964656.0 0
1701008102410 1291037291.0 0
1701008147463 1310109926.0 0
1701008192806 1323051635.0 0
1701008237571 1340064344.0 0
1701008282214 1358965997.0 0
1701008326994 1377158216.0 0
1701008371851 1394948186.0 0
1701008416663 1413371852.0 0
1701008461262 1434274305.0 0
1701008505951 1448548357.0 0
1701008550782 1465259740.0 0
1701008595617 1483295171.0 0
1701008640385 1499554788.0 0
1701008685064 1513091591.0 0
1701008729776 1531184906.0 0
1701008774407 1543034381.0 0
1701008819081 1554786296.0 0
1701008863877 1567526496.0 0
1701008908584 1578946336.0 0
1701008953380 1592276256.0 0
1701008998396 1605642752.0 0
1701009042988 1618899520.0 0
1701009087906 1634005408.0 0
1701009132608 1645980047.0 0
1701009177129 1663135592.0 0
1701009221772 1678961096.0 0
1701009266467 1691632356.0 0
1701009311027 1704327976.0 0
1701009355825 1715017956.0 0
1701009402756 1731931916.0 0
1701009450633 1742402656.0 0
1701009499602 1752678516.0 0
1701009546549 1762796036.0 0
1701009591495 1777095356.0 0
1701009636257 1785024536.0 0
1701009680945 1801207696.0 0
1701009725655 1808893276.0 0
1701009770608 1823156056.0 0
1701009815431 1836373544.0 0
1701009860292 1848079700.0 0
1701009904846 1857646763.0 0
1701009949565 1867189472.0 0
1701009994232 1878956513.0 0
1701010039001 1886506253.0 0
1701010083747 1897092090.0 0
1701010128428 1909653083.0 0
1701010173156 1921061367.0 0
1701010217691 1932068008.0 0
1701010262313 1942940768.0 0
1701010307108 1953983922.0 0
1701010351835 1967116431.0 0
1701010396371 1974029559.0 0
1701010441027 1982050664.0 0
1701010485836 1991026592.0 0
1701010530474 1999990352.0 0
1701010575064 2010933440.0 0
1701010619662 2017711016.0 0
1701010664420 2027747421.0 0
1701010709154 2034413841.0 0
1701010754070 2046313088.0 0
1701010798887 2057129160.0 0
1701010844284 2065833098.0 0
1701010889435 2074403254.0 0
1701010934197 2080800466.0 0
1701010978960 2089249002.0 0
1701011023773 2103863672.0 0
1701011068381 2112373018.0 0
1701011113624 2123030984.0 0
1701011158310 2129452520.0 0
1701011203165 2139988866.0 0
1701011247982 2149346816.0 0
1701011292519 2161797632.0 0
1701011337406 2172039563.0 0
1701011382349 2178179858.0 0
1701011427299 2186322335.0 0
1701011472070 2194428335.0 0
1701011518500 2200580789.0 0
1701011567345 2206648130.0 0
1701011616002 2217916604.0 0
1701011662056 2224031072.0 0
1701011706762 2229938888.0 0
1701011751463 2237982108.0 0
1701011796921 2250077328.0 0
1701011841651 2257196752.0 0
1701011886179 2267482241.0 0
1701011930758 2273534435.0 0
1701011975462 2282586776.0 0
1701012020182 2288418776.0 0
1701012064892 2294202176.0 0
1701012109810 2302956163.0 0
1701012154440 2310701900.0 0
1701012199351 2317389728.0 0
1701012244226 2325012112.0 0
1701012288976 2330598352.0 0
1701012333577 2338317888.0 0
1701012378420 2348255728.0 0
1701012422926 2354133424.0 0
1701012467611 2360821520.0 0
1701012512464 2368611995.0 0
1701012557456 2377342640.0 0
1701012602192 2384924844.0 0
1701012647176 2389425716.0 0
1701012692085 2396900525.0 0
1701012736829 2402218283.0 0
1701012781565 2409620246.0 0
1701012827007 2417022209.0 0
1701012872330 2424448454.0 0
1701012917284 2431765430.0 0
1701012962096 2440698954.0 0
1701013006760 2448596746.0 0
1701013051327 2455234926.0 0
1701013096884 2462803121.0 0
1701013141924 2470262101.0 0
1701013186695 2475455881.0 0
1701013231449 2482781376.0 0
1701013278983 2490179681.0 0
1701013326702 2497493041.0 0
1701013375546 2506731821.0 0
1701013421812 2511816386.0 0
1701013466475 2518923451.0 0
1701013511148 2526127596.0 0
1701013555693 2531309241.0 0
1701013600406 2538683276.0 0
1701013645200 2545972366.0 0
1701013689937 2553115836.0 0
1701013734490 2562281806.0 0
1701013779171 2567220751.0 0
1701013824068 2574085116.0 0
1701013868613 2578793496.0 0
1701013913166 2582648818.0 0
1701013957781 2589442052.0 0
1701014002410 2596126044.0 0
1701014047370 2600774898.0 0
1701014092466 2605460166.0 0
1701014178281 2612168434.0 0
1701014223227 2618888840.0 0
1701014267925 2624465591.0 0
1701014312705 2629016216.0 0
1701014357268 2633542571.0 0
1701014402357 2640188506.0 0
1701014447356 2644909021.0 0
1701014492119 2651542821.0 0
1701014536709 2655911421.0 0
1701014581320 2662351061.0 0
1701014626303 2666865281.0 0
1701014671051 2671500851.0 0
1701014715609 2678073976.0 0
1701014760333 2681613978.0 0
1701014804915 2685813726.0 0
1701014849559 2692036474.0 0
1701014894197 2698307774.0 0
1701014939089 2706784144.0 0
1701014983908 2710959616.0 0
1701015028482 2715062260.0 0
1701015073213 2721248594.0 0
1701015117881 2725424066.0 0
1701015165554 2731646814.0 0
1701015213560 2735834424.0 0
1701015262214 2739997758.0 0
1701015307834 2746135540.0 0
1701015353599 2750068252.0 0
1701015399138 2753988826.0 0
1701015444079 2757788020.0 0
1701015488640 2763670904.0 0
1701015533364 2767530788.0 0
1701015578269 2771293568.0 0
1701015623024 2775104900.0 0
1701015667801 2781084888.0 0
1701015712546 2784956910.0 0
1701015757208 2790815518.0 0
1701015801719 2794675402.0 0
1701015846305 2796342354.0 0
1701015890945 2802079582.0 0
1701015935606 2809936914.0 0
1701015980664 2814519916.0 0
1701016025284 2816271401.0 0
1701016069892 2820251681.0 0
1701016114438 2824122746.0 0
1701016159162 2830016311.0 0
1701016203773 2833632541.0 0
1701016248416 2839429026.0 0
1701016292945 2845116296.0 0
1701016337615 2848805336.0 0
1701016382262 2851234724.0 0
1701016426786 2854850060.0 0
1701016471430 2860596584.0 0
1701016516054 2868462164.0 0
1701016560703 2871368346.0 0
1701016605434 2873034886.0 0
1701016650293 2877504548.0 0
1701016695005 2881132016.0 0
1701016742169 2889969494.0 0
1701016791114 2894744120.0 0
1701016839735 2898213872.0 0
1701016885831 2901659360.0 0
1701016931108 2905019924.0 0
1701016975813 2910596600.0 0
1701017020413 2914886503.0 0
1701017064972 2919574878.0 0
1701017109544 2923430946.0 0
1701017154059 2929162502.0 0
1701017198660 2932533530.0 0
1701017243569 2937937684.0 0
1701017287998 2941175326.0 0
1701017332790 2946567354.0 0
1701017377691 2950750124.0 0
1701017422791 2956177187.0 0
1701017467593 2961701234.0 0
1701017512213 2965119920.0 0
1701017556855 2968587098.0 0
1701017601561 2971981538.0 0
1701017646073 2975375978.0 0
1701017691276 2979563136.0 0
1701017736416 2984831296.0 0
1701017781311 2987994616.0 0
1701017826145 2993359736.0 0
1701017870933 2996668496.0 0
1701017915780 2997763336.0 0
1701017960451 3000999376.0 0
1701018005402 3004029376.0 0
1701018050267 3007216936.0 0
1701018095114 3010549936.0 0
1701018139946 3020039896.0 0
1701018184914 3025356536.0 0
1701018229766 3030394416.0 0
1701018274806 3033606216.0 0
1701018319695 3038959216.0 0
1701018364373 3046429176.0 0
1701018409248 3049665216.0 0
1701018454062 3054848536.0 0
1701018499111 3057987616.0 0
1701018544097 3061029736.0 0
1701018589214 3064108216.0 0
1701018634224 3067210936.0 0
1701018679280 3072406376.0 0
1701018724291 3079464256.0 0
1701018769265 3083176713.0 0
1701018814211 3086193846.0 0
1701018859106 3089198862.0 0
1701018904515 3092119059.0 0
1701018953199 3097131458.0 0
1701019002402 3095527975.0 0
1701019050115 3099708398.0 0
1701019095183 3105264686.0 0
1701019140084 3108656606.0 0
1701019184917 3109993184.0 0
1701019229615 3115888664.0 0
1701019274656 3126663919.0 0
1701019319559 3130067110.0 0
1701019364307 3135416135.0 0
1701019409147 3138661883.0 0
1701019454136 3141895520.0 0
1701019499034 3147220323.0 0
1701019543776 3150550848.0 0
1701019588662 3157906262.0 0
1701019633762 3161030900.0 0
1701019678780 3168180427.0 0
1701019723577 3171171844.0 0
1701019768485 3173993707.0 0
1701019813276 3178858292.0 0
1701019858209 3181474268.0 0
1701019902970 3184223465.0 0
1701019947893 3186996884.0 0
1701019992933 3191788803.0 0
1701020037905 3194416890.0 0
1701020084246 3199099810.0 0
1701020133803 3201788452.0 0
1701020221974 3204464983.0 0
1701020267770 3207226291.0 0
1701020312760 3209818045.0 0
1701020357554 3214585742.0 0
1701020402194 3216491396.0 0
1701020447217 3219168590.0 0
1701020491933 3221785214.0 0
1701020537007 3224329154.0 0
1701020581895 3224805638.0 0
1701020626697 3227301122.0 0
1701020671607 3229881404.0 0
1701020716441 3233228608.0 0
1701020761452 3235602364.0 0
1701020806458 3237721789.0 0
1701020851451 3240800244.0 0
1701020896508 3243415572.0 0
1701020941256 3245994576.0 0
1701020986229 3249828752.0 0
1701021031212 3252384173.0 0
1701021076107 3254806373.0 0
1701021121072 3257143796.0 0
1701021165836 3259505441.0 0
1701021210642 3261927641.0 0
1701021255506 3264301397.0 0
1701021300278 3267971858.0 0
1701021345041 3270334088.0 0
1701021389759 3272599406.0 0
1701021434389 3274937408.0 0
1701021479052 3277142156.0 0
1701021523738 3279274220.0 0
1701021568531 3281575880.0 0
1701021613421 3283889654.0 0
1701021658404 3286167086.0 0
1701021703261 3288262808.0 0
1701021747889 3290406986.0 0
1701021792521 3292684418.0 0
1701021837314 3294816482.0 0
1701021882370 3298919090.0 0
1701021927351 3301087496.0 0
1701021971952 3305432384.0 0
1701022016667 3307697702.0 0
1701022061390 3309878222.0 0
1701022106261 3311889146.0 0
1701022151073 3314009096.0 0
1701022195744 3316754138.0 0
1701022240797 3318849341.0 0
1701022285526 3323096265.0 0
1701022330106 3324410984.0 0
1701022374603 3328695302.0 0
1701022419133 3330912164.0 0
1701022466474 3333056342.0 0
1701022514142 3335941999.0 0
1701022561995 3337867648.0 0
1701022606849 3339853852.0 0
1701022651933 3341827945.0 0
1701022696618 3343729372.0 0
1701022741260 3345618688.0 0
1701022785754 3347314228.0 0
1701022830376 3349191433.0 0
1701022874970 3353208248.0 0
1701022919476 3355146008.0 0
1701022965211 3359838028.0 0
1701023010521 3361654228.0 0
1701023056033 3363591508.0 0
1701023101272 3366456836.0 0
1701023146601 3368623631.0 0
1701023192271 3372832136.0 0
1701023237303 3374914196.0 0
1701023282320 3374785076.0 0
1701023327132 3378763586.0 0
1701023372179 3380700386.0 0
1701023417535 3384787841.0 0
1701023462499 3386676221.0 0
1701023507157 3388564601.0 0
1701023551934 3390537716.0 0
1701023597274 3392438201.0 0
1701023642223 3394350791.0 0
1701023687340 3395936546.0 0
1701023732606 3397885451.0 0
1701023777974 3400754054.0 0
1701023823052 3402787190.0 0
1701023867645 3404723510.0 0
1701023912541 3406502504.0 0
1701023957549 3410492130.0 0
1701024002185 3414614878.0 0
1701024046983 3415841201.0 0
1701024091543 3417790106.0 0
1701024137860 3419787431.0 0
1701024185785 3421687916.0 0
1701024233672 3423515771.0 0
1701024281388 3427445861.0 0
1701024325817 3429225296.0 0
1701024370183 3431101571.0 0
1701024414878 3432929426.0 0
1701024459607 3434684651.0 0
1701024504302 3436343036.0 0
1701024549047 3437916686.0 0
1701024593821 3439393496.0 0
1701024638493 3441767732.0 0
1701024683070 3443534624.0 0
1701024727619 3444622856.0 0
1701024772273 3446390186.0 0
1701024816682 3448823198.0 0
1701024861429 3450481172.0 0
1701024906725 3454301370.0 0
1701024951653 3456273996.0 0
1701024996362 3458234520.0 0
1701025040948 3460146636.0 0
1701025085556 3461949834.0 0
1701025130294 3463644114.0 0
1701025175173 3465564460.0 0
1701025220196 3469480503.0 0
1701025264916 3472645184.0 0
1701025309544 3475197440.0 0
1701025354142 3479354432.0 0
1701025398865 3481326080.0 0
1701025443765 3487474880.0 0
1701025488485 3489579584.0 0
1701025533216 3489523136.0 0
1701025577908 3491277056.0 0
1701025622643 3493625685.0 0
1701025667258 3497467228.0 0
1701025711833 3498161806.0 0
1701025756362 3500217106.0 0
1701025801045 3504239046.0 0
1701025845631 3506173446.0 0
1701025890312 3505754326.0 0
1701025934919 3506674032.0 0
1701025979495 3508427517.0 0
1701026025198 3510156816.0 0
1701026073622 3511692627.0 0
1701026121391 3513276810.0 0
1701026168601 3514885179.0 0
1701026265176 3516828766.0 0
1701026310403 3515708426.0 0
1701026355023 3518654912.0 0
1701026399762 3523988904.0 0
1701026444792 3526309032.0 0
1701026489422 3530425648.0 0
1701026534073 3533606531.0 0
1701026578729 3533507068.0 0
1701026623313 3533184828.0 0
1701026668048 3535637880.0 0
1701026712641 3539875336.0 0
1701026757229 3541905448.0 0
1701026801957 3543183464.0 0
1701026846503 3545711908.0 0
1701026891116 3547609096.0 0
1701026935710 3549482116.0 0
1701026980493 3551270548.0 0
1701027025271 3553107316.0 0
1701027069977 3554847412.0 0
1701027114789 3556454584.0 0
1701027159769 3558158428.0 0
1701027204369 3559958944.0 0
1701027249004 3561650704.0 0
1701027293848 3561110952.0 0
1701027338452 3562838964.0 0
1701027383560 3566387632.0 0
1701027429322 3567765208.0 0
1701027474418 3569384464.0 0
1701027518950 3570931216.0 0
1701027563586 3572453800.0 0
1701027608247 3573964300.0 0
1701027652929 3575245204.0 0
1701027697423 3576767788.0 0
1701027742135 3580401044.0 0
1701027789436 3581947796.0 0
1701027837750 3583252868.0 0
1701027885980 3586729032.0 0
1701027931096 3588142860.0 0
1701027975439 3589592940.0 0
1701028020163 3591055104.0 0
1701028065303 3592553520.0 0
1701028109914 3594100272.0 0
1701028154774 3595489932.0 0
1701028199385 3596504988.0 0
1701028244139 3597906732.0 0
1701028288996 3599513904.0 0
1701028333601 3601145244.0 0
1701028378284 3602691996.0 0
1701028423082 3606059404.0 0
1701028467629 3607376560.0 0
1701028512237 3608524540.0 0
1701028557028 3609612100.0 0
1701028601767 3610747996.0 0
1701028646291 3612137656.0 0
1701028691149 3613515232.0 0
1701028735844 3614784052.0 0
1701028780429 3614026788.0 0
1701028825196 3617370028.0 0
1701028869818 3618747604.0 0
1701028914662 3619992256.0 0
1701028959260 3619234992.0 0
1701029006507 3620709240.0 0
1701029054924 3622183488.0 0
1701029103017 3623536896.0 0
1701029148477 3624817800.0 0
1701029193053 3628221460.0 0
1701029238450 3629526532.0 0
1701029283666 3630771184.0 0
1701029329062 3631991668.0 0
1701029374069 3633332992.0 0
1701029418796 3634662232.0 0
1701029463402 3635967304.0 0
1701029508095 3637356964.0 0
1701029552717 3638746624.0 0
1701029597355 3639906688.0 0
1701029642229 3638637868.0 0
1701029686853 3634311796.0 0
1701029731555 3626487068.0 0
1701029776194 3617651471.0 0
1701029820955 3605169629.0 0
1701029865540 3594938226.0 0
1701029910202 3581941476.0 0
1701029954694 3566481979.0 0
1701029999244 3550362010.0 0
1701030043907 3548354572.0 0
1701030088692 3538389940.0 0
1701030133501 3526024832.0 0
1701030178367 3519739749.0 0
1701030223095 3512419854.0 0
1701030267781 3504907900.0 0
1701030312614 3495181406.0 0
1701030357668 3487141540.0 0
1701030402795 3481063324.0 0
1701030447968 3476829262.0 0
1701030493241 3471536755.0 0
1701030538365 3464759750.0 0
1701030583292 3457955720.0 0
1701030627919 3451295212.0 0
1701030672336 3449873484.0 0
1701030716884 3442543096.0 0
1701030761447 3435323616.0 0
1701030805955 3429542376.0 0
1701030850708 3426436439.0 0
1701030895263 3420120356.0 0
1701030939989 3415350430.0 0
1701030984928 3410645542.0 0
1701031029784 3406631836.0 0
1701031074675 3402084586.0 0
1701031119288 3395892242.0 0
1701031164053 3389591305.0 0
1701031208813 3388253072.0 0
1701031253585 3383959406.0 0
1701031298165 3379750643.0 0
1701031343699 3376178276.0 0
1701031391287 3372296036.0 0
1701031439811 3369821108.0 0
1701031487151 3367669621.0 0
1701031531848 3367483551.0 0
1701031576649 3362277636.0 0
1701031621645 3362022801.0 0
1701031666230 3355595296.0 0
1701031711039 3355324281.0 0
1701031755558 3349293186.0 0
1701031800097 3346007638.0 0
1701031844709 3341771476.0 0
1701031889364 3339550222.0 0
1701031933965 3335666062.0 0
1701031978614 3334926326.0 0
1701032023263 3332049264.0 0
1701032068057 3329899776.0 0
1701032113124 3325892256.0 0
1701032158055 3320417226.0 0
1701032202710 3322016581.0 0
