1701002067860 6454698544.0 0
1701002108186 6454318360.0 0
1701002152789 6452212292.0 0
1701002202243 6451795418.0 0
1701002250378 6451476632.0 0
1701002298624 6449444550.0 0
1701002343691 6447522985.0 0
1701002388270 6447081805.0 0
1701002433064 6448341330.0 0
1701002477656 6447985848.0 0
1701002522388 6447593592.0 0
1701002569186 6447201336.0 0
1701002614324 6446858112.0 0
1701002659180 6446661984.0 0
1701002704058 6446429082.0 0
1701002749304 6447749288.0 0
1701002794811 6447491807.0 0
1701002839829 6447246587.0 0
1701002885748 6447123977.0 0
1701002930689 6446878757.0 0
1701002975612 6446510927.0 0
1701003020157 6444553608.0 0
1701003064950 6444210384.0 0
1701003109622 6445652657.0 0
1701003154330 6445505525.0 0
1701003199118 6445321610.0 0
1701003243616 6445223522.0 0
1701003288177 6443167761.0 0
1701003332885 6441038434.0 0
1701003377444 6440940346.0 0
1701003422215 6440866780.0 0
1701003467395 6440547994.0 0
1701003512381 6437633963.0 0
1701003556998 6437119001.0 0
1701003602264 6434818020.0 0
1701003647533 6432786781.0 0
1701003692461 6429762401.0 0
1701003737241 6429210656.0 0
1701003782603 6426836109.0 0
1701003827428 6426688977.0 0
1701003872226 6426713499.0 0
1701003916919 6426505062.0 0
1701003961598 6421228745.0 0
1701004006141 6420664739.0 0
1701004050791 6416393824.0 0
1701004095432 6416540956.0 0
1701004141015 6412601088.0 0
1701004188357 6406495110.0 0
1701004236851 6404512915.0 0
1701004284344 6397720321.0 0
1701004328848 6392849364.0 0
1701004373344 6385053276.0 0
1701004418178 6380342118.0 0
1701004462892 6375986442.0 0
1701004507535 6375540172.0 0
1701004552201 6375736348.0 0
1701004597111 6371391867.0 0
1701004641774 6371195691.0 0
1701004686320 6360916886.0 0
1701004731008 6361162106.0 0
1701004775635 6354749603.0 0
1701004820167 6352742886.0 0
1701004865270 6348729452.0 0
1701004910186 6344703757.0 0
1701004954961 6338070556.0 0
1701004999635 6334457648.0 0
1701005044404 6327628271.0 0
1701005089033 6323492227.0 0
1701005133731 6321657164.0 0
1701005178323 6318767655.0 0
1701005223098 6311693058.0 0
1701005267595 6305329599.0 0
1701005312091 6303249316.0 0
1701005356395 6303322882.0 0
1701005400912 6297057511.0 0
1701005446188 6290828923.0 0
1701005491489 6280525596.0 0
1701005536419 6274407357.0 0
1701005581149 6272813427.0 0
1701005625965 6256763778.0 0
1701005671242 6247674290.0 0
1701005718767 6237407746.0 0
1701005767006 6222471336.0 0
1701005814966 6212301282.0 0
1701005859791 6198837912.0 0
1701005904182 6180246612.0 0
1701005948652 6163024122.0 0
1701005993172 6142422510.0 0
1701006037788 6123096370.0 0
1701006082793 6104574980.0 0
1701006127474 6081392605.0 0
1701006172238 6063565665.0 0
1701006217769 6041261565.0 0
1701006262720 6018724620.0 0
1701006307486 6000101105.0 0
1701006352063 5982006328.0 0
1701006396662 5952871072.0 0
1701006441562 5925900336.0 0
1701006486244 5904528764.0 0
1701006531254 5883230704.0 0
1701006575728 5860503244.0 0
1701006620467 5837788036.0 0
1701006665108 5810596764.0 0
1701006709667 5785704909.0 0
1701006754230 5756723775.0 0
1701006799105 5740579593.0 0
1701006843581 5720683134.0 0
1701006888279 5701211022.0 0
1701006932903 5677956515.0 0
1701006977892 5654807438.0 0
1701007022885 5633891574.0 0
1701007067515 5606499648.0 0
1701007111850 5587961060.0 0
1701007156621 5567909976.0 0
1701007201279 5551279893.0 0
1701007245930 5522845492.0 0
1701007290590 5501050325.0 0
1701007335300 5487517250.0 0
1701007380007 5467712750.0 0
1701007424657 5450459200.0 0
1701007470027 5430006456.0 0
1701007515022 5409294240.0 0
1701007559795 5392284500.0 0
1701007604388 5377785924.0 0
1701007649048 5356694826.0 0
1701007693835 5333860056.0 0
1701007739036 5309086062.0 0
1701007784006 5293661808.0 0
1701007828837 5275382184.0 0
1701007876079 5256068376.0 0
1701007923823 5236111504.0 0
1701007972162 5219274402.0 0
1701008017361 5204040720.0 0
1701008102410 5184968085.0 0
1701008147464 5165895450.0 0
1701008192807 5152953741.0 0
1701008237571 5135941032.0 0
1701008282214 5117039379.0 0
1701008326995 5098847160.0 0
1701008371851 5081057190.0 0
1701008416664 5062633524.0 0
1701008461263 5041731071.0 0
1701008505952 5027457019.0 0
1701008550782 5010745636.0 0
1701008595618 4992710205.0 0
1701008640386 4976450588.0 0
1701008685065 4962913785.0 0
1701008729776 4944820470.0 0
1701008774408 4932970995.0 0
1701008819081 4921219080.0 0
1701008863878 4908478880.0 0
1701008908584 4897059040.0 0
1701008953381 4883729120.0 0
1701008998397 4870362624.0 0
1701009042989 4857105856.0 0
1701009087907 4841999968.0 0
1701009132609 4830025329.0 0
1701009177130 4812869784.0 0
1701009221773 4797044280.0 0
1701009266467 4784373020.0 0
1701009311027 4771677400.0 0
1701009355826 4760987420.0 0
1701009402757 4744073460.0 0
1701009450634 4733602720.0 0
1701009499603 4723326860.0 0
1701009546550 4713209340.0 0
1701009591495 4698910020.0 0
1701009636258 4690980840.0 0
1701009680946 4674797680.0 0
1701009725655 4667112100.0 0
1701009770609 4652849320.0 0
1701009815431 4639631832.0 0
1701009860292 4627925676.0 0
1701009904847 4618358613.0 0
1701009949566 4608815904.0 0
1701009994232 4597048863.0 0
1701010039002 4589499123.0 0
1701010083748 4578913286.0 0
1701010128428 4566352293.0 0
1701010173157 4554944009.0 0
1701010217692 4543937368.0 0
1701010262313 4533064608.0 0
1701010307109 4522021454.0 0
1701010351836 4508888945.0 0
1701010396372 4501975817.0 0
1701010441027 4493954712.0 0
1701010485836 4484978784.0 0
1701010530474 4476015024.0 0
1701010575065 4465071936.0 0
1701010619663 4458294360.0 0
1701010664420 4448257955.0 0
1701010709155 4441591535.0 0
1701010754071 4429692288.0 0
1701010798887 4418876216.0 0
1701010844285 4410172278.0 0
1701010889436 4401602122.0 0
1701010934198 4395204910.0 0
1701010978961 4386756374.0 0
1701011023774 4372141704.0 0
1701011068381 4363632358.0 0
1701011113625 4352974392.0 0
1701011158311 4346552856.0 0
1701011203165 4336016510.0 0
1701011247982 4326658560.0 0
1701011292519 4314207744.0 0
1701011337407 4303965813.0 0
1701011382349 4297825518.0 0
1701011427300 4289683041.0 0
1701011472071 4281577041.0 0
1701011518500 4275424587.0 0
1701011567346 4269357246.0 0
1701011616002 4258088772.0 0
1701011662056 4251974304.0 0
1701011706763 4246066488.0 0
1701011751464 4238023268.0 0
1701011796922 4225928048.0 0
1701011841651 4218808624.0 0
1701011886180 4208523135.0 0
1701011930759 4202470941.0 0
1701011975463 4193418600.0 0
1701012020183 4187586600.0 0
1701012064892 4181803200.0 0
1701012109810 4173049213.0 0
1701012154440 4165303476.0 0
1701012199352 4158615648.0 0
1701012244227 4150993264.0 0
1701012288977 4145407024.0 0
1701012333577 4137687488.0 0
1701012378421 4127749648.0 0
1701012422927 4121871952.0 0
1701012467612 4115183856.0 0
1701012512465 4107393381.0 0
1701012557457 4098662736.0 0
1701012602193 4091080532.0 0
1701012647177 4086579660.0 0
1701012692086 4079104851.0 0
1701012736830 4073787093.0 0
1701012781566 4066385130.0 0
1701012827008 4058983167.0 0
1701012872330 4051556922.0 0
1701012917285 4044239946.0 0
1701012962096 4035306422.0 0
1701013006760 4027408630.0 0
1701013051328 4020770450.0 0
1701013096885 4013202255.0 0
1701013141924 4005743275.0 0
1701013186696 4000549495.0 0
1701013231449 3993224000.0 0
1701013278984 3985825695.0 0
1701013326703 3978512335.0 0
1701013375547 3969273555.0 0
1701013421813 3964188990.0 0
1701013466476 3957081925.0 0
1701013511149 3949877780.0 0
1701013555694 3944696135.0 0
1701013600406 3937322100.0 0
1701013645200 3930033010.0 0
1701013689938 3922889540.0 0
1701013734491 3913723570.0 0
1701013779172 3908784625.0 0
1701013824068 3901920260.0 0
1701013868614 3897211880.0 0
1701013913167 3893356558.0 0
1701013957782 3886563324.0 0
1701014002411 3879879332.0 0
1701014047370 3875230478.0 0
1701014092467 3870545210.0 0
1701014178281 3863836942.0 0
1701014223227 3857116536.0 0
1701014267925 3851539785.0 0
1701014312706 3846989160.0 0
1701014357269 3842462805.0 0
1701014402358 3835816870.0 0
1701014447356 3831096355.0 0
1701014492119 3824462555.0 0
1701014536709 3820093955.0 0
1701014581321 3813654315.0 0
1701014626304 3809140095.0 0
1701014671051 3804504525.0 0
1701014715610 3797931400.0 0
1701014760333 3794391398.0 0
1701014804916 3790191650.0 0
1701014849559 3783968902.0 0
1701014894198 3777697602.0 0
1701014939089 3769221232.0 0
1701014983908 3765045760.0 0
1701015028483 3760943116.0 0
1701015073214 3754756782.0 0
1701015117881 3750581310.0 0
1701015165555 3744358562.0 0
1701015213561 3740170952.0 0
1701015262215 3736007618.0 0
1701015307835 3729869836.0 0
1701015353599 3725937124.0 0
1701015399139 3722016550.0 0
1701015444080 3718217356.0 0
1701015488640 3712334472.0 0
1701015533365 3708474588.0 0
1701015578270 3704711808.0 0
1701015623025 3700900476.0 0
1701015667802 3694920488.0 0
1701015712547 3691048466.0 0
1701015757209 3685189858.0 0
1701015801720 3681329974.0 0
1701015846305 3679663022.0 0
1701015890945 3673925794.0 0
1701015935606 3666068462.0 0
1701015980665 3661485460.0 0
1701016025285 3659733975.0 0
1701016069893 3655753695.0 0
1701016114438 3651882630.0 0
1701016159162 3645989065.0 0
1701016203773 3642372835.0 0
1701016248417 3636576350.0 0
1701016292946 3630889080.0 0
1701016337616 3627200040.0 0
1701016382263 3624770652.0 0
1701016426787 3621155316.0 0
1701016471431 3615408792.0 0
1701016516054 3607543212.0 0
1701016560704 3604637030.0 0
1701016605435 3602970490.0 0
1701016650293 3598500828.0 0
1701016695006 3594873360.0 0
1701016742170 3586035882.0 0
1701016791115 3581261256.0 0
1701016839736 3577791504.0 0
1701016885831 3574346016.0 0
1701016931108 3570985452.0 0
1701016975814 3565408776.0 0
1701017020414 3561118873.0 0
1701017064973 3556430498.0 0
1701017109545 3552574430.0 0
1701017154059 3546842874.0 0
1701017198660 3543471846.0 0
1701017243569 3538067692.0 0
1701017287999 3534830050.0 0
1701017332791 3529438022.0 0
1701017377692 3525255252.0 0
1701017422792 3519828189.0 0
1701017467593 3514304142.0 0
1701017512213 3510885456.0 0
1701017556856 3507418278.0 0
1701017601562 3504023838.0 0
1701017646074 3500629398.0 0
1701017691277 3496442240.0 0
1701017736416 3491174080.0 0
1701017781312 3488010760.0 0
1701017826146 3482645640.0 0
1701017870934 3479336880.0 0
1701017915781 3478242040.0 0
1701017960452 3475006000.0 0
1701018005402 3471976000.0 0
1701018050268 3468788440.0 0
1701018095114 3465455440.0 0
1701018139947 3455965480.0 0
1701018184915 3450648840.0 0
1701018229767 3445610960.0 0
1701018274806 3442399160.0 0
1701018319696 3437046160.0 0
1701018364374 3429576200.0 0
1701018409249 3426340160.0 0
1701018454063 3421156840.0 0
1701018499112 3418017760.0 0
1701018544098 3414975640.0 0
1701018589215 3411897160.0 0
1701018634225 3408794440.0 0
1701018679281 3403599000.0 0
1701018724291 3396541120.0 0
1701018769266 3392828663.0 0
1701018814211 3389811530.0 0
1701018859106 3386806514.0 0
1701018904515 3383886317.0 0
1701018953200 3378873918.0 0
1701019002402 3380477401.0 0
1701019050116 3376296978.0 0
1701019095184 3370740690.0 0
1701019140084 3367348770.0 0
1701019184917 3366012192.0 0
1701019229616 3360116712.0 0
1701019274656 3349341457.0 0
1701019319560 3345938266.0 0
1701019364307 3340589241.0 0
1701019409147 3337343493.0 0
1701019454137 3334109856.0 0
1701019499035 3328785053.0 0
1701019543776 3325454528.0 0
1701019588663 3318099114.0 0
1701019633763 3314974476.0 0
1701019678781 3307824949.0 0
1701019723577 3304833532.0 0
1701019768486 3302011669.0 0
1701019813276 3297147084.0 0
1701019858210 3294531108.0 0
1701019902971 3291781911.0 0
1701019947893 3289008492.0 0
1701019992933 3284216573.0 0
1701020037906 3281588486.0 0
1701020084246 3276905566.0 0
1701020133804 3274216924.0 0
1701020221975 3271540393.0 0
1701020267770 3268779085.0 0
1701020312760 3266187331.0 0
1701020357555 3261419634.0 0
1701020402195 3259513980.0 0
1701020447218 3256836786.0 0
1701020491934 3254220162.0 0
1701020537008 3251676222.0 0
1701020581896 3251199738.0 0
1701020626698 3248704254.0 0
1701020671607 3246123972.0 0
1701020716442 3242776768.0 0
1701020761452 3240403012.0 0
1701020806459 3238283587.0 0
1701020851451 3235205132.0 0
1701020896508 3232589804.0 0
1701020941256 3230010800.0 0
1701020986229 3226176624.0 0
1701021031212 3223621203.0 0
1701021076107 3221199003.0 0
1701021121072 3218861580.0 0
1701021165836 3216499935.0 0
1701021210643 3214077735.0 0
1701021255507 3211703979.0 0
1701021300279 3208033518.0 0
1701021345042 3205671288.0 0
1701021389760 3203405970.0 0
1701021434390 3201067968.0 0
1701021479052 3198863220.0 0
1701021523739 3196731156.0 0
1701021568531 3194429496.0 0
1701021613421 3192115722.0 0
1701021658404 3189838290.0 0
1701021703261 3187742568.0 0
1701021747889 3185598390.0 0
1701021792522 3183320958.0 0
1701021837315 3181188894.0 0
1701021882371 3177086286.0 0
1701021927351 3174917880.0 0
1701021971953 3170572992.0 0
1701022016667 3168307674.0 0
1701022061391 3166127154.0 0
1701022106262 3164116230.0 0
1701022151074 3161996280.0 0
1701022195745 3159251238.0 0
1701022240797 3157156035.0 0
1701022285527 3152909111.0 0
1701022330106 3151594392.0 0
1701022374604 3147310074.0 0
1701022419134 3145093212.0 0
1701022466474 3142949034.0 0
1701022514143 3140063377.0 0
1701022561995 3138137728.0 0
1701022606850 3136151524.0 0
1701022651934 3134177431.0 0
1701022696619 3132276004.0 0
1701022741261 3130386688.0 0
1701022785755 3128691148.0 0
1701022830376 3126813943.0 0
1701022874970 3122797128.0 0
1701022919477 3120859368.0 0
1701022965211 3116167348.0 0
1701023010522 3114351148.0 0
1701023056033 3112413868.0 0
1701023101272 3109548540.0 0
1701023146601 3107381745.0 0
1701023192271 3103173240.0 0
1701023237304 3101091180.0 0
1701023282320 3101220300.0 0
1701023327133 3097241790.0 0
1701023372180 3095304990.0 0
1701023417535 3091217535.0 0
1701023462500 3089329155.0 0
1701023507158 3087440775.0 0
1701023551935 3085467660.0 0
1701023597275 3083567175.0 0
1701023642224 3081654585.0 0
1701023687341 3080068830.0 0
1701023732607 3078119925.0 0
1701023777975 3075251322.0 0
1701023823052 3073218186.0 0
1701023867646 3071281866.0 0
1701023912541 3069502872.0 0
1701023957550 3065513246.0 0
1701024002186 3061390498.0 0
1701024046983 3060164175.0 0
1701024091544 3058215270.0 0
1701024137861 3056217945.0 0
1701024185786 3054317460.0 0
1701024233672 3052489605.0 0
1701024281388 3048559515.0 0
1701024325818 3046780080.0 0
1701024370184 3044903805.0 0
1701024414879 3043075950.0 0
1701024459608 3041320725.0 0
1701024504303 3039662340.0 0
1701024549048 3038088690.0 0
1701024593821 3036611880.0 0
1701024638494 3034237644.0 0
1701024683071 3032470752.0 0
1701024727620 3031382520.0 0
1701024772274 3029615190.0 0
1701024816683 3027182178.0 0
1701024861430 3025524204.0 0
1701024906726 3021704006.0 0
1701024951654 3019731380.0 0
1701024996363 3017770856.0 0
1701025040948 3015858740.0 0
1701025085556 3014055542.0 0
1701025130295 3012361262.0 0
1701025175173 3010440916.0 0
1701025220197 3006524873.0 0
1701025264916 3003360192.0 0
1701025309545 3000807936.0 0
1701025354142 2996650944.0 0
1701025398865 2994679296.0 0
1701025443765 2988530496.0 0
1701025488485 2986425792.0 0
1701025533216 2986482240.0 0
1701025577908 2984728320.0 0
1701025622643 2982379691.0 0
1701025667258 2978538148.0 0
1701025711834 2977843570.0 0
1701025756363 2975788270.0 0
1701025801046 2971766330.0 0
1701025845632 2969831930.0 0
1701025890313 2970251050.0 0
1701025934920 2969331344.0 0
1701025979495 2967577859.0 0
1701026025199 2965848560.0 0
1701026073623 2964312749.0 0
1701026121392 2962728566.0 0
1701026168602 2961120197.0 0
1701026265177 2959176610.0 0
1701026310404 2960296950.0 0
1701026355023 2957350464.0 0
1701026399763 2952016472.0 0
1701026444793 2949696344.0 0
1701026489423 2945579728.0 0
1701026534074 2942398845.0 0
1701026578730 2942498308.0 0
1701026623313 2942820548.0 0
1701026668048 2940367496.0 0
1701026712642 2936130040.0 0
1701026757230 2934099928.0 0
1701026801957 2932821912.0 0
1701026846504 2930293468.0 0
1701026891117 2928396280.0 0
1701026935710 2926523260.0 0
1701026980493 2924734828.0 0
1701027025272 2922898060.0 0
1701027069978 2921157964.0 0
1701027114790 2919550792.0 0
1701027159770 2917846948.0 0
1701027204370 2916046432.0 0
1701027249005 2914354672.0 0
1701027293849 2914894424.0 0
1701027338453 2913166412.0 0
1701027383561 2909617744.0 0
1701027429322 2908240168.0 0
1701027474418 2906620912.0 0
1701027518951 2905074160.0 0
1701027563586 2903551576.0 0
1701027608248 2902041076.0 0
1701027652929 2900760172.0 0
1701027697424 2899237588.0 0
1701027742136 2895604332.0 0
1701027789437 2894057580.0 0
1701027837751 2892752508.0 0
1701027885981 2889276344.0 0
1701027931096 2887862516.0 0
1701027975440 2886412436.0 0
1701028020164 2884950272.0 0
1701028065304 2883451856.0 0
1701028109915 2881905104.0 0
1701028154775 2880515444.0 0
1701028199386 2879500388.0 0
1701028244140 2878098644.0 0
1701028288997 2876491472.0 0
1701028333601 2874860132.0 0
1701028378285 2873313380.0 0
1701028423083 2869945972.0 0
1701028467630 2868628816.0 0
1701028512237 2867480836.0 0
1701028557029 2866393276.0 0
1701028601768 2865257380.0 0
1701028646292 2863867720.0 0
1701028691150 2862490144.0 0
1701028735844 2861221324.0 0
1701028780430 2861978588.0 0
1701028825197 2858635348.0 0
1701028869818 2857257772.0 0
1701028914662 2856013120.0 0
1701028959261 2856770384.0 0
1701029006508 2855296136.0 0
1701029054924 2853821888.0 0
1701029103017 2852468480.0 0
1701029148478 2851187576.0 0
1701029193053 2847783916.0 0
1701029238451 2846478844.0 0
1701029283666 2845234192.0 0
1701029329063 2844013708.0 0
1701029374070 2842672384.0 0
1701029418797 2841343144.0 0
1701029463403 2840038072.0 0
1701029508095 2838648412.0 0
1701029552718 2837258752.0 0
1701029597355 2836098688.0 0
1701029642229 2837367508.0 0
1701029686853 2841693580.0 0
1701029731555 2849518308.0 0
1701029776195 2858353905.0 0
1701029820956 2870835747.0 0
1701029865540 2881067150.0 0
1701029910203 2894063900.0 0
1701029954694 2909523397.0 0
1701029999245 2925643366.0 0
1701030043908 2927650804.0 0
1701030088693 2937615436.0 0
1701030133502 2949980544.0 0
1701030178367 2956265627.0 0
1701030223096 2963585522.0 0
1701030267782 2971097476.0 0
1701030312614 2980823970.0 0
1701030357669 2988863836.0 0
1701030402796 2994942052.0 0
1701030447968 2999176114.0 0
1701030493242 3004468621.0 0
1701030538365 3011245626.0 0
1701030583293 3018049656.0 0
1701030627919 3024710164.0 0
1701030672337 3026131892.0 0
1701030716885 3033462280.0 0
1701030761448 3040681760.0 0
1701030805956 3046463000.0 0
1701030850709 3049568937.0 0
1701030895264 3055885020.0 0
1701030939989 3060654946.0 0
1701030984928 3065359834.0 0
1701031029784 3069373540.0 0
1701031074676 3073920790.0 0
1701031119289 3080113134.0 0
1701031164054 3086414071.0 0
1701031208814 3087752304.0 0
1701031253585 3092045970.0 0
1701031298165 3096254733.0 0
1701031343700 3099827100.0 0
1701031391288 3103709340.0 0
1701031439812 3106184268.0 0
1701031487151 3108335755.0 0
1701031531849 3108521825.0 0
1701031576649 3113727740.0 0
1701031621646 3113982575.0 0
1701031666231 3120410080.0 0
1701031711040 3120681095.0 0
1701031755558 3126712190.0 0
1701031800098 3129997738.0 0
1701031844710 3134233900.0 0
1701031889364 3136455154.0 0
1701031933965 3140339314.0 0
1701031978614 3141079050.0 0
1701032023263 3143956112.0 0
1701032068058 3146105600.0 0
1701032113125 3150113120.0 0
1701032158055 3155588150.0 0
1701032202711 3153988795.0 0
