1701002065434 0.0 0
1701002105695 0.0033809166040570998 0
1701002150311 0.007137490608564989 0
1701002199679 0.010894064613072877 0
1701002247880 0.014650638617580767 0
1701002296145 0.018407212622088654 0
1701002341236 0.022163786626596543 0
1701002385870 0.025920360631104433 0
1701002430642 0.029676934635612322 0
1701002475227 0.03343350864012021 0
1701002519962 0.0371900826446281 0
1701002566797 0.040946656649135986 0
1701002611902 0.04470323065364388 0
1701002656798 0.048459804658151764 0
1701002701628 0.05221637866265966 0
1701002746842 0.05597295266716754 0
1701002792358 0.05972952667167543 0
1701002837374 0.06348610067618332 0
1701002883303 0.06724267468069121 0
1701002928282 0.07099924868519909 0
1701002973166 0.07475582268970699 0
1701003017727 0.07851239669421488 0
1701003062498 0.08226897069872277 0
1701003107265 0.08602554470323065 0
1701003151905 0.08978211870773854 0
1701003196710 0.09353869271224644 0
1701003241205 0.09729526671675431 0
1701003285778 0.1010518407212622 0
1701003330471 0.1048084147257701 0
1701003375025 0.10856498873027799 0
1701003419786 0.11232156273478587 0
1701003464986 0.11607813673929376 0
1701003509993 0.11983471074380166 0
1701003554607 0.12359128474830954 0
1701003599811 0.12734785875281743 0
1701003645100 0.1311044327573253 0
1701003690062 0.1348610067618332 0
1701003734849 0.1386175807663411 0
1701003780154 0.142374154770849 0
1701003825061 0.14613072877535688 0
1701003869801 0.14988730277986476 0
1701003914514 0.15364387678437266 0
1701003959191 0.15740045078888054 0
1701004003745 0.16115702479338842 0
1701004048409 0.16491359879789633 0
1701004093055 0.1686701728024042 0
1701004138496 0.17242674680691208 0
1701004185862 0.17618332081142 0
1701004234322 0.17993989481592787 0
1701004281941 0.18369646882043575 0
1701004326448 0.18745304282494366 0
1701004370921 0.19120961682945153 0
1701004415666 0.19496619083395944 0
1701004460409 0.19872276483846732 0
1701004505062 0.2024793388429752 0
1701004549758 0.2062359128474831 0
1701004594689 0.20999248685199098 0
1701004639349 0.21374906085649886 0
1701004683869 0.21750563486100677 0
1701004728599 0.22126220886551465 0
1701004773213 0.22501878287002253 0
1701004817750 0.22877535687453043 0
1701004862861 0.2325319308790383 0
1701004907804 0.23628850488354622 0
1701004952534 0.2400450788880541 0
1701004997228 0.24380165289256198 0
1701005042001 0.24755822689706988 0
1701005086597 0.25131480090157776 0
1701005131265 0.25507137490608567 0
1701005175886 0.2588279489105935 0
1701005220690 0.2625845229151014 0
1701005265169 0.26634109691960933 0
1701005309656 0.2700976709241172 0
1701005353990 0.2738542449286251 0
1701005398485 0.277610818933133 0
1701005443751 0.28136739293764085 0
1701005489086 0.28512396694214875 0
1701005534000 0.28888054094665666 0
1701005578788 0.2926371149511645 0
1701005623531 0.2963936889556724 0
1701005668889 0.3001502629601803 0
1701005716252 0.30390683696468823 0
1701005764482 0.3076634109691961 0
1701005812469 0.311419984973704 0
1701005857379 0.3151765589782119 0
1701005901785 0.31893313298271975 0
1701005946244 0.32268970698722765 0
1701005990774 0.32644628099173556 0
1701006035393 0.3302028549962434 0
1701006080340 0.3339594290007513 0
1701006125048 0.3377160030052592 0
1701006169818 0.3414725770097671 0
1701006215259 0.345229151014275 0
1701006260234 0.3489857250187829 0
1701006305029 0.35274229902329074 0
1701006349670 0.35649887302779865 0
1701006394274 0.36025544703230655 0
1701006439186 0.3640120210368144 0
1701006483848 0.3677685950413223 0
1701006528813 0.3715251690458302 0
1701006573352 0.37528174305033807 0
1701006618034 0.379038317054846 0
1701006662681 0.3827948910593539 0
1701006707274 0.38655146506386173 0
1701006751834 0.39030803906836964 0
1701006796670 0.39406461307287755 0
1701006841206 0.39782118707738545 0
1701006885864 0.4015777610818933 0
1701006930525 0.4053343350864012 0
1701006975419 0.4090909090909091 0
1701007020537 0.41284748309541697 0
1701007065094 0.4166040570999249 0
1701007109493 0.4203606311044328 0
1701007154221 0.42411720510894063 0
1701007198839 0.42787377911344854 0
1701007243531 0.43163035311795644 0
1701007288185 0.4353869271224643 0
1701007332907 0.4391435011269722 0
1701007377605 0.4429000751314801 0
1701007422263 0.44665664913598796 0
1701007467575 0.45041322314049587 0
1701007512633 0.4541697971450038 0
1701007557369 0.4579263711495116 0
1701007602002 0.46168294515401953 0
1701007646669 0.46543951915852744 0
1701007691409 0.4691960931630353 0
1701007736644 0.4729526671675432 0
1701007781660 0.4767092411720511 0
1701007826315 0.48046581517655895 0
1701007873495 0.48422238918106686 0
1701007921229 0.48797896318557477 0
1701007969582 0.49173553719008267 0
1701008015010 0.4954921111945905 0
1701008100009 0.49924868519909843 0
1701008145086 0.5 0
1701008190422 0.5 0
1701008235163 0.5 0
1701008279809 0.5 0
1701008324632 0.5 0
1701008369461 0.5 0
1701008414254 0.5 0
1701008458888 0.5 0
1701008503558 0.5 0
1701008548414 0.5 0
1701008593218 0.5 0
1701008638042 0.5 0
1701008682613 0.5 0
1701008727389 0.5 0
1701008772054 0.5 0
1701008816699 0.5 0
1701008861477 0.5 0
1701008906152 0.5 0
1701008951001 0.5 0
1701008995994 0.5 0
1701009040629 0.5 0
1701009085505 0.5 0
1701009130267 0.5 0
1701009174767 0.5 0
1701009219396 0.5 0
1701009264074 0.5 0
1701009308650 0.5 0
1701009353445 0.5 0
1701009400214 0.5 0
1701009448214 0.5 0
1701009497063 0.5 0
1701009544140 0.5 0
1701009589112 0.5 0
1701009633886 0.5 0
1701009678570 0.5 0
1701009723162 0.5 0
1701009768138 0.5 0
1701009813030 0.5 0
1701009857926 0.5 0
1701009902472 0.5 0
1701009947164 0.5 0
1701009991849 0.5 0
1701010036633 0.5 0
1701010081293 0.5 0
1701010126072 0.5 0
1701010170777 0.5 0
1701010215341 0.5 0
1701010259925 0.5 0
1701010304726 0.5 0
1701010349492 0.5 0
1701010393992 0.5 0
1701010438667 0.5 0
1701010483456 0.5 0
1701010527992 0.5 0
1701010572705 0.5 0
1701010617280 0.5 0
1701010662014 0.5 0
1701010706746 0.5 0
1701010751674 0.5 0
1701010796485 0.5 0
1701010841918 0.5 0
1701010887030 0.5 0
1701010931850 0.5 0
1701010976479 0.5 0
1701011021291 0.5 0
1701011065949 0.5 0
1701011110930 0.5 0
1701011155873 0.5 0
1701011200775 0.5 0
1701011245593 0.5 0
1701011290141 0.5 0
1701011334946 0.5 0
1701011379942 0.5 0
1701011424894 0.5 0
1701011469703 0.5 0
1701011515712 0.5 0
1701011564799 0.5 0
1701011613480 0.5 0
1701011659642 0.5 0
1701011704350 0.5 0
1701011749037 0.5 0
1701011794232 0.5 0
1701011839278 0.5 0
1701011883829 0.5 0
1701011928361 0.5 0
1701011973057 0.5 0
1701012017790 0.5 0
1701012062489 0.5 0
1701012107423 0.5 0
1701012152052 0.5 0
1701012196973 0.5 0
1701012241832 0.5 0
1701012286550 0.5 0
1701012331134 0.5 0
1701012375924 0.5 0
1701012420554 0.5 0
1701012465225 0.5 0
1701012510068 0.5 0
1701012555118 0.5 0
1701012599802 0.5 0
1701012644476 0.5 0
1701012689713 0.5 0
1701012734425 0.5 0
1701012779216 0.5 0
1701012824572 0.5 0
1701012869950 0.5 0
1701012914878 0.5 0
1701012959709 0.5 0
1701013004375 0.5 0
1701013048969 0.5 0
1701013094411 0.5 0
1701013139485 0.5 0
1701013184267 0.5 0
1701013229040 0.5 0
1701013275850 0.5 0
1701013324032 0.5 0
1701013373105 0.5 0
1701013419414 0.5 0
1701013464093 0.5 0
1701013508786 0.5 0
1701013553319 0.5 0
1701013598005 0.5 0
1701013642806 0.5 0
1701013687562 0.5 0
1701013732114 0.5 0
1701013776790 0.5 0
1701013821682 0.5 0
1701013866209 0.5 0
1701013910780 0.5 0
1701013955429 0.5 0
1701014000069 0.5 0
1701014045008 0.5 0
1701014090093 0.5 0
1701014175875 0.5 0
1701014220842 0.5 0
1701014265581 0.5 0
1701014310321 0.5 0
1701014354886 0.5 0
1701014399901 0.5 0
1701014444970 0.5 0
1701014489715 0.5 0
1701014534296 0.5 0
1701014578934 0.5 0
1701014623922 0.5 0
1701014668620 0.5 0
1701014713214 0.5 0
1701014757974 0.5 0
1701014802585 0.5 0
1701014847185 0.5 0
1701014891870 0.5 0
1701014936721 0.5 0
1701014981509 0.5 0
1701015026145 0.5 0
1701015070777 0.5 0
1701015115501 0.5 0
1701015162603 0.5 0
1701015210769 0.5 0
1701015259708 0.5 0
1701015305450 0.5 0
1701015351197 0.5 0
1701015396571 0.5 0
1701015441734 0.5 0
1701015486277 0.5 0
1701015531026 0.5 0
1701015575886 0.5 0
1701015620612 0.5 0
1701015665434 0.5 0
1701015710178 0.5 0
1701015754873 0.5 0
1701015799321 0.5 0
1701015843971 0.5 0
1701015888550 0.5 0
1701015933226 0.5 0
1701015978274 0.5 0
1701016022919 0.5 0
1701016067570 0.5 0
1701016112109 0.5 0
1701016156791 0.5 0
1701016201370 0.5 0
1701016246081 0.5 0
1701016290573 0.5 0
1701016335247 0.5 0
1701016379882 0.5 0
1701016424406 0.5 0
1701016469101 0.5 0
1701016513648 0.5 0
1701016558212 0.5 0
1701016603070 0.5 0
1701016647945 0.5 0
1701016692637 0.5 0
1701016739378 0.5 0
1701016788366 0.5 0
1701016837065 0.5 0
1701016883403 0.5 0
1701016928622 0.5 0
1701016973339 0.5 0
1701017018022 0.5 0
1701017062589 0.5 0
1701017107197 0.5 0
1701017151677 0.5 0
1701017196305 0.5 0
1701017241159 0.5 0
1701017285665 0.5 0
1701017330428 0.5 0
1701017375286 0.5 0
1701017420385 0.5 0
1701017465153 0.5 0
1701017509798 0.5 0
1701017554456 0.5 0
1701017599134 0.5 0
1701017643717 0.5 0
1701017688860 0.5 0
1701017734086 0.5 0
1701017778909 0.5 0
1701017823674 0.5 0
1701017868489 0.5 0
1701017913353 0.5 0
1701017958082 0.5 0
1701018002997 0.5 0
1701018047863 0.5 0
1701018092725 0.5 0
1701018137538 0.5 0
1701018182517 0.5 0
1701018227406 0.5 0
1701018272388 0.5 0
1701018317327 0.5 0
1701018361938 0.5 0
1701018406853 0.5 0
1701018451646 0.5 0
1701018496690 0.5 0
1701018541685 0.5 0
1701018586825 0.5 0
1701018631786 0.5 0
1701018676794 0.5 0
1701018721774 0.5 0
1701018766822 0.5 0
1701018811754 0.5 0
1701018856734 0.5 0
1701018902004 0.5 0
1701018950281 0.5 0
1701018999806 0.5 0
1701019047681 0.5 0
1701019092750 0.5 0
1701019137637 0.5 0
1701019182498 0.5 0
1701019227206 0.5 0
1701019272234 0.5 0
1701019317190 0.5 0
1701019361881 0.5 0
1701019406702 0.5 0
1701019451725 0.5 0
1701019496606 0.5 0
1701019541337 0.5 0
1701019586229 0.5 0
1701019631354 0.5 0
1701019676385 0.5 0
1701019721182 0.5 0
1701019766092 0.5 0
1701019810881 0.5 0
1701019855830 0.5 0
1701019900582 0.5 0
1701019945490 0.5 0
1701019990565 0.5 0
1701020035490 0.5 0
1701020081785 0.5 0
1701020131281 0.5 0
1701020219486 0.5 0
1701020265318 0.5 0
1701020310387 0.5 0
1701020355217 0.5 0
1701020399759 0.5 0
1701020444798 0.5 0
1701020489538 0.5 0
1701020534586 0.5 0
1701020579494 0.5 0
1701020624329 0.5 0
1701020669150 0.5 0
1701020714034 0.5 0
1701020759060 0.5 0
1701020804057 0.5 0
1701020849053 0.5 0
1701020894118 0.5 0
1701020938889 0.5 0
1701020983785 0.5 0
1701021028814 0.5 0
1701021073686 0.5 0
1701021118734 0.5 0
1701021163436 0.5 0
1701021208252 0.5 0
1701021253120 0.5 0
1701021297939 0.5 0
1701021342614 0.5 0
1701021387346 0.5 0
1701021432018 0.5 0
1701021476640 0.5 0
1701021521350 0.5 0
1701021566144 0.5 0
1701021611044 0.5 0
1701021656026 0.5 0
1701021700825 0.5 0
1701021745447 0.5 0
1701021790061 0.5 0
1701021834854 0.5 0
1701021879929 0.5 0
1701021924927 0.5 0
1701021969542 0.5 0
1701022014298 0.5 0
1701022058954 0.5 0
1701022103913 0.5 0
1701022148676 0.5 0
1701022193363 0.5 0
1701022238382 0.5 0
1701022283146 0.5 0
1701022327691 0.5 0
1701022372217 0.5 0
1701022416757 0.5 0
1701022463973 0.5 0
1701022511673 0.5 0
1701022559564 0.5 0
1701022604422 0.5 0
1701022649583 0.5 0
1701022694221 0.5 0
1701022738890 0.5 0
1701022783380 0.5 0
1701022828013 0.5 0
1701022872607 0.5 0
1701022917106 0.5 0
1701022962816 0.5 0
1701023008134 0.5 0
1701023053658 0.5 0
1701023098917 0.5 0
1701023144181 0.5 0
1701023189866 0.5 0
1701023234951 0.5 0
1701023279936 0.5 0
1701023324720 0.5 0
1701023369833 0.5 0
1701023415064 0.5 0
1701023460142 0.5 0
1701023504795 0.5 0
1701023549541 0.5 0
1701023594848 0.5 0
1701023639898 0.5 0
1701023685002 0.5 0
1701023730173 0.5 0
1701023775601 0.5 0
1701023820653 0.5 0
1701023865238 0.5 0
1701023910086 0.5 0
1701023955141 0.5 0
1701023999748 0.5 0
1701024044526 0.5 0
1701024089136 0.5 0
1701024135176 0.5 0
1701024183024 0.5 0
1701024231134 0.5 0
1701024278892 0.5 0
1701024323427 0.5 0
1701024367806 0.5 0
1701024412539 0.5 0
1701024457171 0.5 0
1701024501895 0.5 0
1701024546698 0.5 0
1701024591438 0.5 0
1701024636140 0.5 0
1701024680670 0.5 0
1701024725257 0.5 0
1701024769905 0.5 0
1701024814301 0.5 0
1701024859070 0.5 0
1701024904328 0.5 0
1701024949288 0.5 0
1701024993989 0.5 0
1701025038580 0.5 0
1701025083238 0.5 0
1701025127917 0.5 0
1701025172814 0.5 0
1701025217811 0.5 0
1701025262557 0.5 0
1701025307187 0.5 0
1701025351783 0.5 0
1701025396506 0.5 0
1701025441363 0.5 0
1701025486141 0.5 0
1701025530792 0.5 0
1701025575500 0.5 0
1701025620195 0.5 0
1701025664820 0.5 0
1701025709454 0.5 0
1701025753994 0.5 0
1701025798642 0.5 0
1701025843253 0.5 0
1701025887934 0.5 0
1701025932594 0.5 0
1701025977110 0.5 0
1701026022718 0.5 0
1701026071042 0.5 0
1701026118825 0.5 0
1701026166255 0.5 0
1701026262827 0.5 0
1701026308017 0.5 0
1701026352661 0.5 0
1701026397303 0.5 0
1701026442425 0.5 0
1701026487085 0.5 0
1701026531748 0.5 0
1701026576330 0.5 0
1701026620923 0.5 0
1701026665661 0.5 0
1701026710274 0.5 0
1701026754858 0.5 0
1701026799555 0.5 0
1701026844149 0.5 0
1701026888777 0.5 0
1701026933366 0.5 0
1701026978149 0.5 0
1701027022862 0.5 0
1701027067531 0.5 0
1701027112455 0.5 0
1701027157365 0.5 0
1701027202020 0.5 0
1701027246653 0.5 0
1701027291454 0.5 0
1701027336094 0.5 0
1701027381131 0.5 0
1701027426868 0.5 0
1701027471970 0.5 0
1701027516583 0.5 0
1701027561180 0.5 0
1701027605856 0.5 0
1701027650490 0.5 0
1701027695087 0.5 0
1701027739754 0.5 0
1701027786903 0.5 0
1701027835363 0.5 0
1701027883534 0.5 0
1701027928770 0.5 0
1701027973083 0.5 0
1701028017798 0.5 0
1701028062947 0.5 0
1701028107549 0.5 0
1701028152408 0.5 0
1701028197012 0.5 0
1701028241778 0.5 0
1701028286647 0.5 0
1701028331263 0.5 0
1701028375927 0.5 0
1701028420566 0.5 0
1701028465264 0.5 0
1701028509855 0.5 0
1701028554676 0.5 0
1701028599409 0.5 0
1701028643960 0.5 0
1701028688786 0.5 0
1701028733474 0.5 0
1701028778099 0.5 0
1701028822762 0.5 0
1701028867408 0.5 0
1701028912221 0.5 0
1701028956906 0.5 0
1701029003607 0.5 0
1701029052021 0.5 0
1701029100383 0.5 0
1701029146057 0.5 0
1701029190688 0.5 0
1701029236085 0.5 0
1701029281295 0.5 0
1701029326689 0.5 0
1701029371698 0.5 0
1701029416452 0.5 0
1701029461069 0.5 0
1701029505750 0.5 0
1701029550333 0.5 0
1701029594982 0.5 0
1701029639848 0.5 0
1701029684461 0.5 0
1701029729166 0.5 0
1701029773809 0.5 0
1701029818447 0.5 0
1701029863142 0.5 0
1701029907841 0.5 0
1701029952326 0.5 0
1701029996893 0.5 0
1701030041572 0.5 0
1701030086301 0.5 0
1701030131137 0.5 0
1701030176005 0.5 0
1701030220693 0.5 0
1701030265432 0.5 0
1701030310275 0.5 0
1701030355273 0.5 0
1701030400457 0.5 0
1701030445543 0.5 0
1701030490901 0.5 0
1701030535919 0.5 0
1701030580886 0.5 0
1701030625513 0.5 0
1701030669920 0.5 0
1701030714506 0.5 0
1701030759089 0.5 0
1701030803533 0.5 0
1701030848299 0.5 0
1701030892850 0.5 0
1701030937582 0.5 0
1701030982559 0.5 0
1701031027418 0.5 0
1701031072280 0.5 0
1701031116889 0.5 0
1701031161579 0.5 0
1701031206457 0.5 0
1701031251161 0.5 0
1701031295825 0.5 0
1701031341005 0.5 0
1701031388534 0.5 0
1701031437335 0.5 0
1701031484655 0.5 0
1701031529493 0.5 0
1701031574257 0.5 0
1701031619213 0.5 0
1701031663831 0.5 0
1701031708613 0.5 0
1701031753133 0.5 0
1701031797720 0.5 0
1701031842337 0.5 0
1701031887029 0.5 0
1701031931557 0.5 0
1701031976217 0.5 0
1701032020896 0.5 0
1701032065600 0.5 0
1701032110757 0.5 0
1701032155718 0.5 0
1701032200332 0.5 0
