1700293425156 0.0013113617897033691 0
1700293493459 0.004042685031890869 0
1700293569309 0.004173457622528076 0
1700293645149 0.004286587238311768 0
1700293721161 0.004388988018035889 0
1700293797035 0.004496514797210693 0
1700293872830 0.004597902297973633 0
1700293948739 0.004693329334259033 0
1700294024561 0.004765987396240234 0
1700294100349 0.005265474319458008 0
1700294176361 0.005472540855407715 0
1700294252521 0.005655944347381592 0
1700294328425 0.005867660045623779 0
1700294404249 0.005995571613311768 0
1700294480225 0.006068825721740723 0
