1700293425153 0.0 0
1700293493456 0.0013316869735717773 0
1700293569306 0.002548254653811455 0
1700293645146 0.0010085664689540863 0
1700293721158 -0.0024040017277002336 0
1700293797031 -0.005547512322664261 0
1700293872826 -0.0056862905621528625 0
1700293948736 -0.00112856924533844 0
1700294024558 0.008691370766609908 0
1700294100346 0.022861543763428926 0
1700294176358 0.04184171706438065 0
1700294252518 0.0657590925693512 0
1700294328422 0.09434832334518432 0
1700294404246 0.12814900875091553 0
1700294480223 0.16774251461029052 0
