1700293425154 0.09999923408031464 0
1700293493458 0.9738249778747559 0
1700293569307 1.8727236986160278 0
1700293645147 2.497663736343384 0
1700293721159 2.6021718978881836 0
1700293797033 2.0283753871917725 0
1700293872828 0.9034363031387329 0
1700293948738 -0.5313928723335266 0
1700294024559 -2.117902994155884 0
1700294100347 -3.7641217708587646 0
1700294176359 -5.432199478149414 0
1700294252519 -7.118758678436279 0
1700294328423 -8.817864418029785 0
1700294404247 -10.525039672851562 0
1700294480224 -12.240778923034668 0
