1700293425155 0.09942184388637543 0
1700293493458 0.9278939366340637 0
1700293569308 1.7049487829208374 0
1700293645148 2.130297899246216 0
1700293721160 2.3536174297332764 0
1700293797034 2.8734285831451416 0
1700293872829 4.063122272491455 0
1700293948739 5.703007221221924 0
1700294024560 7.536007881164551 0
1700294100348 9.438260078430176 0
1700294176360 11.375541687011719 0
1700294252520 13.351434707641602 0
1700294328424 15.356830596923828 0
1700294404248 17.38463020324707 0
1700294480224 19.43603515625 0
