1700293425154 4.9993894993894995e-05 0
1700293493457 4.993894993894994e-05 0
1700293569306 4.987789987789988e-05 0
1700293645147 4.981684981684982e-05 0
1700293721158 4.975579975579976e-05 0
1700293797032 4.9694749694749696e-05 0
1700293872827 4.963369963369964e-05 0
1700293948737 4.9572649572649575e-05 0
1700294024558 4.951159951159952e-05 0
1700294100347 4.945054945054945e-05 0
1700294176358 4.9389499389499396e-05 0
1700294252519 4.932844932844933e-05 0
1700294328423 4.9267399267399275e-05 0
1700294404246 4.9206349206349204e-05 0
1700294480223 4.9145299145299147e-05 0
