1700293427605 0.0032939070864662604 0
1700293495843 0.0033469323667219882 0
1700293571720 0.0037043298464364957 0
1700293647572 0.003772488529818046 0
1700293723521 0.0038463271034813915 0
1700293799444 0.003937205347990125 0
1700293875219 0.004028083592498858 0
1700293951167 0.004100028869401606 0
1700294026970 0.004166294256022557 0
1700294102795 0.004236346236164706 0
1700294178785 0.004574629618096228 0
1700294254929 0.004690092462332138 0
1700294330853 0.005064256296256663 0
1700294406647 0.00516644429048726 0
1700294482623 0.005228892509183736 0
