1700293425156 0.0 0
1700293493460 0.0013736263736263737 0
1700293569310 0.0028998778998779 0
1700293645150 0.004426129426129426 0
1700293721161 0.005952380952380952 0
1700293797035 0.007478632478632479 0
1700293872830 0.009004884004884004 0
1700293948740 0.010531135531135532 0
1700294024562 0.012057387057387058 0
1700294100350 0.013583638583638584 0
1700294176362 0.01510989010989011 0
1700294252522 0.016636141636141636 0
1700294328426 0.018162393162393164 0
1700294404250 0.019688644688644688 0
1700294480225 0.021214896214896216 0
