1700994971775 7.2875 0
1700995044530 7.7474609375 0
1700995125606 4.48671875 0
1700995210314 4.0318359375 0
1700995291362 4.9361328125 0
1700995372493 19.1875 0
1700995453733 8.58203125 0
1700995535093 4.60625 0
1700995616145 4.5779296875 0
1700995697641 26.678125 0
1700995778890 18.9568359375 0
1700995863272 8.4912109375 0
1700995944399 5.76875 0
1700996025462 4.9962890625 0
1700996106613 14.1576171875 0
1700996187782 8.64296875 0
1700996268898 5.0537109375 0
1700996350282 4.2119140625 0
1700996431289 13.0685546875 0
1700996512447 4.851171875 0
1700996593649 13.03828125 0
1700996675082 13.7728515625 0
1700996755868 4.889453125 0
1700996839420 5.590625 0
1700996923283 6.8275390625 0
1700997004410 4.7841796875 0
1700997085522 5.1107421875 0
1700997166746 4.605078125 0
1700997247813 7.1328125 0
1700997328889 4.6564453125 0
1700997410477 5.72421875 0
1700997495453 5.7080078125 0
1700997576514 5.3564453125 0
1700997657457 9.380078125 0
1700997738613 4.4169921875 0
1700997822881 4.0869140625 0
1700997904011 10.4806640625 0
1700997985152 4.638671875 0
1700998066354 11.441796875 0
1700998147502 4.241015625 0
1700998228685 4.9708984375 0
1700998313406 10.6373046875 0
1700998394856 4.5294921875 0
1700998475824 4.696484375 0
1700998557013 4.6884765625 0
1700998638161 4.8921875 0
1700998719178 6.259375 0
1700998801469 11.419921875 0
1700998886538 16.097265625 0
1700998971213 4.5990234375 0
1700999052317 20.1099609375 0
1700999133517 5.701953125 0
1700999214477 8.483203125 0
1700999295669 6.625 0
1700999376729 4.72265625 0
1700999457645 4.546484375 0
1700999538790 9.0287109375 0
1700999619752 4.68671875 0
1700999700577 4.1779296875 0
1700999781711 12.8365234375 0
1700999862685 5.24609375 0
1700999943685 4.9142578125 0
1701000024709 5.9015625 0
1701000105745 5.632421875 0
1701000190181 7.53828125 0
1701000271296 4.544140625 0
