1700994971778 0.0013113617897033691 0
1700995044534 0.004029035568237305 0
1700995125610 0.004121720790863037 0
1700995210318 0.004189908504486084 0
1700995291366 0.004246532917022705 0
1700995372496 0.0048285722732543945 0
1700995453737 0.0051923394203186035 0
1700995535097 0.005177557468414307 0
1700995616149 0.0050466060638427734 0
1700995697644 0.004635751247406006 0
1700995778894 0.0047113895416259766 0
1700995863276 0.005181014537811279 0
1700995944403 0.005220234394073486 0
1700996025466 0.005229949951171875 0
1700996106616 0.00485914945602417 0
1700996187785 0.004869699478149414 0
1700996268901 0.004903435707092285 0
1700996350285 0.0049370527267456055 0
1700996431292 0.004933357238769531 0
1700996512451 0.00495600700378418 0
1700996593653 0.005029082298278809 0
1700996675086 0.0051535964012146 0
1700996755872 0.005306243896484375 0
1700996839423 0.005629539489746094 0
1700996923287 0.005806028842926025 0
1700997004414 0.005881965160369873 0
1700997085526 0.006046414375305176 0
1700997166750 0.006503641605377197 0
1700997247817 0.0067754387855529785 0
1700997328893 0.0068375468254089355 0
1700997410480 0.007012724876403809 0
1700997495457 0.007621467113494873 0
1700997576518 0.007998824119567871 0
1700997657461 0.00810384750366211 0
1700997738617 0.00826960802078247 0
1700997822885 0.008328557014465332 0
1700997904014 0.008335888385772705 0
1700997985156 0.008346080780029297 0
1700998066357 0.00838625431060791 0
1700998147506 0.00849306583404541 0
1700998228688 0.008861660957336426 0
1700998313410 0.009361624717712402 0
1700998394860 0.009666502475738525 0
1700998475828 0.009679913520812988 0
1700998557017 0.009776830673217773 0
1700998638164 0.009989917278289795 0
1700998719182 0.01035982370376587 0
1700998801472 0.010978102684020996 0
1700998886541 0.011573731899261475 0
1700998971216 0.012157201766967773 0
1700999052321 0.013039231300354004 0
1700999133521 0.013674736022949219 0
1700999214481 0.01458066701889038 0
1700999295673 0.015158295631408691 0
1700999376732 0.015890955924987793 0
1700999457649 0.016232848167419434 0
1700999538793 0.016517579555511475 0
1700999619756 0.017159759998321533 0
1700999700580 0.017560243606567383 0
1700999781714 0.01806926727294922 0
1700999862689 0.019498050212860107 0
1700999943688 0.020472049713134766 0
1701000024713 0.020955562591552734 0
1701000105749 0.021224558353424072 0
1701000190185 0.021436452865600586 0
1701000271299 0.0221138596534729 0
