1700994974159 4088.0 0
1700995046995 4088.0 0
1700995128000 4088.0 0
1700995212728 4087.0 0
1700995293816 4087.0 0
1700995374990 4086.0 0
1700995456196 4085.0 0
1700995537472 4086.0 0
1700995618560 4086.0 0
1700995700046 4087.0 0
1700995781289 4087.0 0
1700995865700 4087.0 0
1700995946834 4087.0 0
1700996027911 4087.0 0
1700996109003 4087.0 0
1700996190158 4087.0 0
1700996271320 4087.0 0
1700996352666 4087.0 0
1700996433691 4087.0 0
1700996514826 4087.0 0
1700996596075 4087.0 0
1700996677479 4087.0 0
1700996758247 4087.0 0
1700996841918 4087.0 0
1700996925667 4087.0 0
1700997006788 4087.0 0
1700997087949 4087.0 0
1700997169237 4087.0 0
1700997250298 4087.0 0
1700997331304 4087.0 0
1700997412906 4087.0 0
1700997497826 4087.0 0
1700997578917 4087.0 0
1700997659844 4087.0 0
1700997741008 4087.0 0
1700997825289 4087.0 0
1700997906430 4087.0 0
1700997987596 4087.0 0
1700998068733 4087.0 0
1700998149955 4087.0 0
1700998231086 4087.0 0
1700998315845 4087.0 0
1700998397259 4087.0 0
1700998478198 4087.0 0
1700998559367 4087.0 0
1700998640507 4087.0 0
1700998721554 4088.0 0
1700998804009 4088.0 0
1700998888997 4087.0 0
1700998973622 4087.0 0
1700999054703 4087.0 0
1700999135918 4087.0 0
1700999216859 4087.0 0
1700999298050 4087.0 0
1700999379138 4087.0 0
1700999460033 4087.0 0
1700999541228 4087.0 0
1700999622148 4087.0 0
1700999702975 4087.0 0
1700999784105 4087.0 0
1700999865060 4087.0 0
1700999946092 4087.0 0
1701000027125 4087.0 0
1701000108177 4087.0 0
1701000192639 4087.0 0
1701000273733 4088.0 0
