1700994971776 0.0 0
1700995044531 0.000705061899498105 0
1700995125607 -0.0016436769161373376 0
1700995210314 -0.0038206366822123527 0
1700995291363 0.0030980262905359267 0
1700995372494 0.021298059076070786 0
1700995453734 0.04983195662498474 0
1700995535094 0.09115535616874695 0
1700995616146 0.14683294296264648 0
1700995697641 0.21742756366729737 0
1700995778891 0.3021852016448975 0
1700995863273 0.39368429183959963 0
1700995944400 0.5029614448547364 0
1700996025463 0.6266239166259766 0
1700996106614 0.7696434020996094 0
1700996187783 0.9250667572021485 0
1700996268898 1.0931610107421874 0
1700996350283 1.2757450103759767 0
1700996431290 1.4735855102539062 0
1700996512448 1.6868064880371094 0
1700996593650 1.9141731262207031 0
1700996675083 2.1545120239257813 0
1700996755869 2.4089599609375 0
1700996839420 2.6744384765625 0
1700996923284 2.9532516479492186 0
1700997004411 3.253431701660156 0
1700997085523 3.5693267822265624 0
1700997166747 3.8905426025390626 0
1700997247814 4.222378540039062 0
1700997328890 4.583502197265625 0
1700997410478 4.9611663818359375 0
1700997495454 5.337893676757813 0
1700997576515 5.7220703125 0
1700997657458 6.140924072265625 0
1700997738614 6.57996826171875 0
1700997822882 7.03653564453125 0
1700997904012 7.517138671875 0
1700997985152 8.016302490234375 0
1700998066354 8.532342529296875 0
1700998147503 9.063250732421874 0
1700998228686 9.598095703125 0
1700998313407 10.13126220703125 0
1700998394857 10.6856201171875 0
1700998475825 11.28038330078125 0
1700998557014 11.89976806640625 0
1700998638161 12.528076171875 0
1700998719179 13.15850830078125 0
1700998801470 13.7954345703125 0
1700998886539 14.41512451171875 0
1700998971213 15.08125 0
1700999052318 15.7214111328125 0
1700999133518 16.3934326171875 0
1700999214478 17.06279296875 0
1700999295670 17.7637939453125 0
1700999376730 18.4775146484375 0
1700999457646 19.2236083984375 0
1700999538791 20.02744140625 0
1700999619753 20.814013671875 0
1700999700578 21.6095947265625 0
1700999781711 22.44912109375 0
1700999862686 23.22294921875 0
1700999943685 23.958837890625 0
1701000024710 24.8013671875 0
1701000105746 25.712548828125 0
1701000190182 26.658642578125 0
1701000271296 27.588525390625 0
