1700994971777 0.09999923408031464 0
1700995044533 0.9329172372817993 0
1700995125609 1.1603477001190186 0
1700995210316 0.27915555238723755 0
1700995291364 -1.0080304145812988 0
1700995372495 -2.440927743911743 0
1700995453736 -3.936037063598633 0
1700995535096 -5.473689079284668 0
1700995616147 -7.049902439117432 0
1700995697643 -8.65636157989502 0
1700995778892 -10.286466598510742 0
1700995863275 -11.921038627624512 0
1700995944401 -13.557843208312988 0
1700996025464 -15.199419975280762 0
1700996106615 -16.84829330444336 0
1700996187784 -18.50490379333496 0
1700996268900 -20.164077758789062 0
1700996350284 -21.823749542236328 0
1700996431291 -23.483301162719727 0
1700996512450 -25.142765045166016 0
1700996593652 -26.801719665527344 0
1700996675085 -28.459232330322266 0
1700996755871 -30.11464500427246 0
1700996839422 -31.76719093322754 0
1700996923286 -33.415828704833984 0
1700997004412 -35.06208419799805 0
1700997085524 -36.70721435546875 0
1700997166748 -38.35015869140625 0
1700997247815 -39.98889923095703 0
1700997328892 -41.625179290771484 0
1700997410479 -43.260772705078125 0
1700997495456 -44.894474029541016 0
1700997576516 -46.5236701965332 0
1700997657460 -48.149906158447266 0
1700997738616 -49.77529525756836 0
1700997822884 -51.40032958984375 0
1700997904013 -53.025779724121094 0
1700997985154 -54.65198516845703 0
1700998066356 -56.27880096435547 0
1700998147504 -57.905792236328125 0
1700998228687 -59.531883239746094 0
1700998313409 -61.15511703491211 0
1700998394858 -62.77470016479492 0
1700998475826 -64.3919906616211 0
1700998557015 -66.00862884521484 0
1700998638163 -67.62461853027344 0
1700998719180 -69.23905944824219 0
1700998801471 -70.8509521484375 0
1700998886540 -72.4583740234375 0
1700998971215 -74.06171417236328 0
1700999052320 -75.66046142578125 0
1700999133520 -77.25421905517578 0
1700999214480 -78.8432846069336 0
1700999295672 -80.427734375 0
1700999376731 -82.00851440429688 0
1700999457648 -83.58602142333984 0
1700999538792 -85.16224670410156 0
1700999619754 -86.73748779296875 0
1700999700579 -88.31074523925781 0
1700999781713 -89.88269805908203 0
1700999862687 -91.4521713256836 0
1700999943687 -93.01593017578125 0
1701000024711 -94.5751953125 0
1701000105748 -96.13261413574219 0
1701000190183 -97.6899185180664 0
1701000271298 -99.24726104736328 0
