1700994971778 0.09942184388637543 0
1700995044533 0.8390598893165588 0
1700995125610 1.3703919649124146 0
1700995210317 2.442711353302002 0
1700995291365 3.8108229637145996 0
1700995372496 5.339916706085205 0
1700995453737 6.969829559326172 0
1700995535096 8.684550285339355 0
1700995616148 10.476154327392578 0
1700995697644 12.328330039978027 0
1700995778893 14.228384971618652 0
1700995863276 16.142621994018555 0
1700995944402 18.07123374938965 0
1700996025465 20.019065856933594 0
1700996106616 21.98989486694336 0
1700996187785 23.982175827026367 0
1700996268901 25.984331130981445 0
1700996350285 27.992311477661133 0
1700996431292 30.005054473876953 0
1700996512450 32.0225715637207 0
1700996593652 34.04372787475586 0
1700996675085 36.06629943847656 0
1700996755871 38.088802337646484 0
1700996839423 40.10951232910156 0
1700996923287 42.12620162963867 0
1700997004413 44.14235305786133 0
1700997085525 46.160484313964844 0
1700997166749 48.17772674560547 0
1700997247816 50.1894416809082 0
1700997328892 52.19975280761719 0
1700997410480 54.212440490722656 0
1700997495456 56.224246978759766 0
1700997576517 58.229095458984375 0
1700997657460 60.230804443359375 0
1700997738616 62.234100341796875 0
1700997822885 64.23973083496094 0
1700997904014 66.24911499023438 0
1700997985155 68.2626953125 0
1700998066357 70.27978515625 0
1700998147505 72.29906463623047 0
1700998228688 74.3178939819336 0
1700998313409 76.33168029785156 0
1700998394859 78.33879089355469 0
1700998475827 80.34265899658203 0
1700998557016 82.34711456298828 0
1700998638164 84.35200500488281 0
1700998719181 86.35501861572266 0
1700998801472 88.35383605957031 0
1700998886541 90.3440170288086 0
1700998971215 92.32677459716797 0
1700999052320 94.301025390625 0
1700999133520 96.26602935791016 0
1700999214480 98.22265625 0
1700999295672 100.17127990722656 0
1700999376732 102.11409759521484 0
1700999457648 104.05213165283203 0
1700999538792 105.98998260498047 0
1700999619755 107.92813110351562 0
1700999700580 109.86408996582031 0
1700999781713 111.79937744140625 0
1700999862688 113.73106384277344 0
1700999943688 115.65149688720703 0
1701000024712 117.56376647949219 0
1701000105748 119.47432708740234 0
1701000190184 121.38709259033203 0
1701000271299 123.30216979980469 0
