1700994971776 4.998498498498499e-05 0
1700995044532 4.984984984984985e-05 0
1700995125608 4.96996996996997e-05 0
1700995210315 4.954954954954955e-05 0
1700995291364 4.93993993993994e-05 0
1700995372494 4.9249249249249253e-05 0
1700995453735 4.90990990990991e-05 0
1700995535095 4.8948948948948954e-05 0
1700995616147 4.87987987987988e-05 0
1700995697642 4.8648648648648654e-05 0
1700995778891 4.8498498498498504e-05 0
1700995863274 4.834834834834835e-05 0
1700995944400 4.8198198198198205e-05 0
1700996025463 4.804804804804805e-05 0
1700996106614 4.78978978978979e-05 0
1700996187783 4.774774774774775e-05 0
1700996268899 4.75975975975976e-05 0
1700996350283 4.744744744744745e-05 0
1700996431291 4.72972972972973e-05 0
1700996512449 4.714714714714715e-05 0
1700996593651 4.6996996996997e-05 0
1700996675084 4.684684684684685e-05 0
1700996755870 4.66966966966967e-05 0
1700996839421 4.654654654654655e-05 0
1700996923285 4.6396396396396394e-05 0
1700997004412 4.624624624624625e-05 0
1700997085524 4.6096096096096094e-05 0
1700997166748 4.594594594594595e-05 0
1700997247815 4.57957957957958e-05 0
1700997328891 4.5645645645645645e-05 0
1700997410478 4.54954954954955e-05 0
1700997495455 4.5345345345345345e-05 0
1700997576516 4.5195195195195196e-05 0
1700997657459 4.5045045045045046e-05 0
1700997738615 4.4894894894894896e-05 0
1700997822883 4.4744744744744746e-05 0
1700997904012 4.4594594594594596e-05 0
1700997985153 4.4444444444444447e-05 0
1700998066355 4.42942942942943e-05 0
1700998147503 4.414414414414415e-05 0
1700998228686 4.3993993993994e-05 0
1700998313408 4.384384384384385e-05 0
1700998394858 4.369369369369369e-05 0
1700998475826 4.354354354354355e-05 0
1700998557015 4.339339339339339e-05 0
1700998638162 4.324324324324325e-05 0
1700998719179 4.30930930930931e-05 0
1700998801470 4.294294294294294e-05 0
1700998886539 4.27927927927928e-05 0
1700998971214 4.264264264264264e-05 0
1700999052319 4.24924924924925e-05 0
1700999133519 4.234234234234234e-05 0
1700999214479 4.219219219219219e-05 0
1700999295671 4.204204204204204e-05 0
1700999376731 4.189189189189189e-05 0
1700999457647 4.1741741741741744e-05 0
1700999538791 4.1591591591591594e-05 0
1700999619754 4.1441441441441444e-05 0
1700999700578 4.1291291291291294e-05 0
1700999781712 4.1141141141141144e-05 0
1700999862687 4.099099099099099e-05 0
1700999943686 4.0840840840840845e-05 0
1701000024710 4.069069069069069e-05 0
1701000105747 4.0540540540540545e-05 0
1701000190182 4.0390390390390395e-05 0
1701000271297 4.024024024024024e-05 0
