1700994971774 7.2875 0
1700995044529 7.74765625 0
1700995125605 4.4857421875 0
1700995210312 4.0279296875 0
1700995291361 4.9390625 0
1700995372492 19.2076171875 0
1700995453732 8.6328125 0
1700995535092 4.697265625 0
1700995616144 4.7255859375 0
1700995697640 26.8998046875 0
1700995778888 19.2568359375 0
1700995863271 8.8833984375 0
1700995944397 6.27109375 0
1700996025461 5.623046875 0
1700996106612 14.926953125 0
1700996187781 9.56875 0
1700996268897 6.146484375 0
1700996350281 5.487890625 0
1700996431288 14.541796875 0
1700996512446 6.53828125 0
1700996593648 14.949609375 0
1700996675081 15.929296875 0
1700996755867 7.29921875 0
1700996839419 8.26484375 0
1700996923282 9.781640625 0
1700997004409 8.03828125 0
1700997085521 8.680078125 0
1700997166745 8.494921875 0
1700997247812 11.3546875 0
1700997328888 9.2390625 0
1700997410476 10.68671875 0
1700997495452 11.04609375 0
1700997576514 11.0796875 0
1700997657456 15.521875 0
1700997738612 10.996875 0
1700997822880 11.12421875 0
1700997904010 18.00078125 0
1700997985151 12.6546875 0
1700998066352 19.971875 0
1700998147501 13.3046875 0
1700998228684 14.5703125 0
1700998313405 20.76953125 0
1700998394855 15.2140625 0
1700998475823 15.975 0
1700998557012 16.58828125 0
1700998638160 17.41875 0
1700998719177 19.4171875 0
1700998801468 25.2109375 0
1700998886537 30.5109375 0
1700998971212 19.678125 0
1700999052316 35.8296875 0
1700999133516 22.09375 0
1700999214476 25.54375 0
1700999295668 24.390625 0
1700999376728 23.1984375 0
1700999457644 23.7703125 0
1700999538789 29.0546875 0
1700999619751 25.503125 0
1700999700576 25.7859375 0
1700999781710 35.2828125 0
1700999862684 28.4703125 0
1700999943684 28.8734375 0
1701000024708 30.703125 0
1701000105744 31.3453125 0
1701000190180 34.196875 0
1701000271294 32.134375 0
