1700994974162 0.003286332046429728 0
1700995046998 0.0033469323667219882 0
1700995128003 0.0034151077270507812 0
1700995212730 0.0037137963302394886 0
1700995293819 0.0037687019362968484 0
1700995374992 0.004057886069302732 0
1700995456198 0.004345155596115429 0
1700995537474 0.004148742077881808 0
1700995618563 0.00418659874812309 0
1700995700048 0.003982644470244491 0
1700995781291 0.004054589747147239 0
1700995865702 0.004111388649965198 0
1700995946837 0.0041606143657407614 0
1700996027913 0.004181440630107346 0
1700996109006 0.004209840081516325 0
1700996190160 0.004232559642643508 0
1700996271323 0.004259065797291889 0
1700996352668 0.004283678655179671 0
1700996433694 0.004281785358419073 0
1700996514828 0.004308291513067453 0
1700996596078 0.0043461574482794255 0
1700996677481 0.004389703273773193 0
1700996758249 0.004750691856127329 0
1700996841921 0.005081387690311886 0
1700996925670 0.005102213954678471 0
1700997006790 0.00513061340608745 0
1700997087951 0.005476455614356797 0
1700997169239 0.00579957826149896 0
1700997250301 0.006130274095683518 0
1700997331307 0.006143527173007708 0
1700997412908 0.006466649820149871 0
1700997497828 0.0071128951144341975 0
1700997578919 0.0074473775421399525 0
1700997659847 0.0074606306194641425 0
1700997741011 0.0077875398601275035 0
1700997825291 0.0077951130471698975 0
1700997906432 0.0077913264536487005 0
1700997987599 0.0077913264536487005 0
1700998068735 0.0078102594212546865 0
1700998149958 0.007815939311536483 0
1700998231088 0.008465971199342006 0
1700998315848 0.00912925616447172 0
1700998397262 0.009450485514853285 0
1700998478200 0.009439125734289693 0
1700998559370 0.009444805624571489 0
1700998640509 0.00948456485654406 0
1700998721556 0.009584346583470162 0
1700998804012 0.010232643759930072 0
1700998888999 0.01112289765338206 0
1700998973625 0.012188823729599079 0
1700999054705 0.012599038027728778 0
1700999135921 0.013322908489197647 0
1700999216861 0.014318782585272517 0
1700999298053 0.014660838200020667 0
1700999379140 0.01563967262525015 0
1700999460036 0.015960901975631714 0
1700999541230 0.015966581865913508 0
1700999622151 0.016618507050479632 0
1700999702977 0.017242032783636774 0
1700999784108 0.017544329166412354 0
1700999865063 0.019836480444577073 0
1700999946094 0.02016717627876163 0
1701000027127 0.020488405629143197 0
1701000108180 0.020817208166567156 0
1701000192642 0.020847500914736732 0
1701000273736 0.021248645733057524 0
