1700994974160 21282304.0 0
1700995046996 21674752.0 0
1700995128001 22116256.0 0
1700995212729 24050565.0 0
1700995293817 24406134.0 0
1700995374991 26278892.0 0
1700995456197 28139251.0 0
1700995537473 26867276.0 0
1700995618562 27112436.0 0
1700995700047 25791627.0 0
1700995781290 26257545.0 0
1700995865701 26625375.0 0
1700995946835 26944161.0 0
1700996027912 27079032.0 0
1700996109004 27262947.0 0
1700996190159 27410079.0 0
1700996271322 27581733.0 0
1700996352667 27741126.0 0
1700996433692 27728865.0 0
1700996514827 27900519.0 0
1700996596076 28145739.0 0
1700996677480 28427742.0 0
1700996758248 30765506.0 0
1700996841919 32907094.0 0
1700996925668 33041965.0 0
1700997006789 33225880.0 0
1700997087950 35465556.0 0
1700997169238 37558100.0 0
1700997250299 39699688.0 0
1700997331305 39785515.0 0
1700997412907 41878059.0 0
1700997497827 46063147.0 0
1700997578918 48229257.0 0
1700997659845 48315084.0 0
1700997741009 50432150.0 0
1700997825290 50481194.0 0
1700997906431 50456672.0 0
1700997987597 50456672.0 0
1700998068734 50579282.0 0
1700998149956 50616065.0 0
1700998231087 54825675.0 0
1700998315846 59121112.0 0
1700998397261 61201395.0 0
1700998478198 61127829.0 0
1700998559368 61164612.0 0
1700998640508 61422093.0 0
1700998721555 62068280.0 0
1700998804010 66266656.0 0
1700998888998 72031945.0 0
1700998973623 78934888.0 0
1700999054704 81591438.0 0
1700999135919 86279227.0 0
1700999216860 92728513.0 0
1700999298051 94943667.0 0
1700999379139 101282604.0 0
1700999460034 103362887.0 0
1700999541229 103399670.0 0
1700999622149 107621541.0 0
1700999702976 111659497.0 0
1700999784107 113617170.0 0
1700999865061 128461154.0 0
1700999946093 130602742.0 0
1701000027126 132683025.0 0
1701000108178 134812352.0 0
1701000192641 135008528.0 0
1701000273734 137606344.0 0
