1700994974161 6454723072.0 0
1700995046997 6454330624.0 0
1700995128002 6453889120.0 0
1700995212729 6451954811.0 0
1700995293818 6451599242.0 0
1700995374992 6449726484.0 0
1700995456198 6447866125.0 0
1700995537474 6449138100.0 0
1700995618562 6448892940.0 0
1700995700047 6450213749.0 0
1700995781291 6449747831.0 0
1700995865702 6449380001.0 0
1700995946836 6449061215.0 0
1700996027913 6448926344.0 0
1700996109005 6448742429.0 0
1700996190159 6448595297.0 0
1700996271322 6448423643.0 0
1700996352668 6448264250.0 0
1700996433693 6448276511.0 0
1700996514828 6448104857.0 0
1700996596077 6447859637.0 0
1700996677481 6447577634.0 0
1700996758249 6445239870.0 0
1700996841920 6443098282.0 0
1700996925669 6442963411.0 0
1700997006789 6442779496.0 0
1700997087950 6440539820.0 0
1700997169239 6438447276.0 0
1700997250300 6436305688.0 0
1700997331306 6436219861.0 0
1700997412908 6434127317.0 0
1700997497828 6429942229.0 0
1700997578919 6427776119.0 0
1700997659846 6427690292.0 0
1700997741010 6425573226.0 0
1700997825290 6425524182.0 0
1700997906432 6425548704.0 0
1700997987598 6425548704.0 0
1700998068735 6425426094.0 0
1700998149957 6425389311.0 0
1700998231088 6421179701.0 0
1700998315847 6416884264.0 0
1700998397261 6414803981.0 0
1700998478199 6414877547.0 0
1700998559369 6414840764.0 0
1700998640509 6414583283.0 0
1700998721556 6413937096.0 0
1700998804011 6409738720.0 0
1700998888999 6403973431.0 0
1700998973624 6397070488.0 0
1700999054705 6394413938.0 0
1700999135920 6389726149.0 0
1700999216860 6383276863.0 0
1700999298052 6381061709.0 0
1700999379140 6374722772.0 0
1700999460035 6372642489.0 0
1700999541229 6372605706.0 0
1700999622150 6368383835.0 0
1700999702976 6364345879.0 0
1700999784107 6362388206.0 0
1700999865062 6347544222.0 0
1700999946093 6345402634.0 0
1701000027127 6343322351.0 0
1701000108179 6341193024.0 0
1701000192641 6340996848.0 0
1701000273735 6338399032.0 0
