1700994971779 0.0 0
1700995044535 0.0033783783783783786 0
1700995125611 0.007132132132132132 0
1700995210318 0.010885885885885885 0
1700995291367 0.01463963963963964 0
1700995372497 0.01839339339339339 0
1700995453738 0.022147147147147148 0
1700995535098 0.0259009009009009 0
1700995616150 0.029654654654654656 0
1700995697645 0.03340840840840841 0
1700995778894 0.037162162162162164 0
1700995863277 0.04091591591591592 0
1700995944404 0.04466966966966967 0
1700996025466 0.04842342342342342 0
1700996106617 0.052177177177177174 0
1700996187786 0.05593093093093093 0
1700996268902 0.059684684684684686 0
1700996350286 0.06343843843843844 0
1700996431293 0.06719219219219219 0
1700996512452 0.07094594594594594 0
1700996593654 0.0746996996996997 0
1700996675087 0.07845345345345345 0
1700996755873 0.08220720720720721 0
1700996839424 0.08596096096096097 0
1700996923288 0.08971471471471472 0
1700997004414 0.09346846846846847 0
1700997085527 0.09722222222222222 0
1700997166751 0.10097597597597598 0
1700997247818 0.10472972972972973 0
1700997328894 0.10848348348348348 0
1700997410481 0.11223723723723723 0
1700997495458 0.11599099099099099 0
1700997576518 0.11974474474474474 0
1700997657462 0.1234984984984985 0
1700997738618 0.12725225225225226 0
1700997822886 0.131006006006006 0
1700997904015 0.13475975975975976 0
1700997985156 0.13851351351351351 0
1700998066358 0.14226726726726727 0
1700998147506 0.14602102102102102 0
1700998228689 0.14977477477477477 0
1700998313411 0.15352852852852852 0
1700998394860 0.15728228228228228 0
1700998475828 0.16103603603603603 0
1700998557017 0.16478978978978978 0
1700998638165 0.16854354354354353 0
1700998719182 0.17229729729729729 0
1700998801473 0.17605105105105104 0
1700998886542 0.17980480480480482 0
1700998971216 0.18355855855855857 0
1700999052322 0.18731231231231232 0
1700999133522 0.19106606606606608 0
1700999214482 0.19481981981981983 0
1700999295674 0.19857357357357358 0
1700999376733 0.20232732732732733 0
1700999457650 0.20608108108108109 0
1700999538793 0.20983483483483484 0
1700999619756 0.2135885885885886 0
1700999700581 0.21734234234234234 0
1700999781715 0.2210960960960961 0
1700999862689 0.22484984984984985 0
1700999943689 0.2286036036036036 0
1701000024713 0.23235735735735735 0
1701000105750 0.2361111111111111 0
1701000190185 0.23986486486486486 0
1701000271300 0.2436186186186186 0
