1700930660164 7.01875 0
1700930684278 7.5947265625 0
1700930710935 4.624609375 0
1700930737390 44.00390625 0
1700930764347 4.626953125 0
1700930790922 18.7517578125 0
1700930817757 8.4546875 0
1700930844434 4.830078125 0
1700930870948 4.193359375 0
1700930897425 26.35546875 0
1700930923863 15.6404296875 0
1700930950254 47.6642578125 0
1700930976675 6.303125 0
1700931003196 5.277734375 0
1700931029667 14.6421875 0
1700931056313 6.0087890625 0
1700931082655 7.61640625 0
1700931109074 4.733203125 0
1700931135152 5.337109375 0
1700931161560 13.5021484375 0
1700931187943 14.766796875 0
1700931214434 13.568359375 0
1700931241006 5.791796875 0
1700931267196 5.223828125 0
1700931293590 8.5544921875 0
1700931319903 5.44609375 0
1700931346313 5.78359375 0
1700931372475 4.7185546875 0
1700931398872 6.739453125 0
1700931425211 5.883984375 0
1700931451659 5.5119140625 0
1700931478015 32.834765625 0
1700931504704 6.70703125 0
1700931531069 6.801953125 0
1700931557647 8.5078125 0
1700931584065 4.93984375 0
1700931610686 43.767578125 0
1700931639364 5.401171875 0
1700931670074 13.101171875 0
1700931700443 4.590625 0
1700931731807 6.358984375 0
1700931763302 46.514453125 0
1700931791410 6.096484375 0
1700931817818 6.4689453125 0
1700931844395 4.7923828125 0
1700931870848 6.216015625 0
1700931897332 7.394921875 0
1700931923603 13.026953125 0
1700931949994 6.0994140625 0
1700931976342 17.26796875 0
1700932002885 40.95390625 0
1700932029487 5.86015625 0
1700932055942 6.14921875 0
1700932082476 10.234765625 0
1700932108917 7.892578125 0
1700932135370 5.334375 0
1700932161684 6.688671875 0
1700932188141 8.501953125 0
1700932214398 5.2921875 0
1700932240994 5.332421875 0
1700932267285 12.94140625 0
1700932293949 6.2328125 0
1700932320240 5.753125 0
1700932347048 6.217578125 0
1700932373415 45.725 0
1700932399905 5.89296875 0
1700932426377 5.8015625 0
1700932452918 5.898046875 0
1700932479844 6.470703125 0
1700932506840 42.2921875 0
1700932533418 7.058984375 0
1700932559991 6.92890625 0
1700932586265 12.42890625 0
1700932612866 6.0390625 0
1700932639226 11.791015625 0
1700932665613 6.158984375 0
1700932692164 6.71875 0
1700932718470 5.861328125 0
1700932744995 6.56875 0
1700932771592 5.596484375 0
1700932797858 12.6046875 0
1700932824614 6.056640625 0
1700932850971 7.616796875 0
1700932877402 8.2421875 0
1700932903858 8.414453125 0
1700932930342 7.975390625 0
1700932956968 6.418359375 0
1700932983610 20.66953125 0
1700933009898 5.34140625 0
1700933036315 5.74609375 0
1700933062735 12.93828125 0
1700933089006 6.678125 0
1700933115403 11.93515625 0
1700933141820 13.83125 0
1700933168143 9.309765625 0
1700933194616 9.6375 0
1700933220794 8.20234375 0
1700933247307 16.95546875 0
1700933273561 6.418359375 0
1700933299892 6.737109375 0
1700933326176 7.535546875 0
1700933352499 7.80234375 0
1700933378940 18.117578125 0
1700933405434 14.942578125 0
1700933431897 9.87734375 0
1700933458183 10.86328125 0
1700933484584 11.617578125 0
1700933510886 46.651953125 0
1700933537296 10.1171875 0
1700933563616 9.77578125 0
1700933590398 9.925 0
1700933616735 9.859375 0
1700933643183 11.0890625 0
1700933669557 17.6859375 0
1700933695761 14.7375 0
1700933722132 17.8609375 0
1700933748630 17.39140625 0
1700933775239 15.346875 0
1700933801471 17.2625 0
1700933827759 19.7296875 0
1700933854044 16.73359375 0
1700933880431 14.7390625 0
1700933906888 52.74609375 0
1700933933073 13.575 0
1700933961445 17.490625 0
1700933991106 14.1640625 0
1700934020769 13.78828125 0
1700934051435 21.03984375 0
1700934081849 15.80546875 0
1700934111154 22.77734375 0
1700934138219 14.47734375 0
1700934164386 16.23046875 0
1700934190536 18.40703125 0
1700934216696 15.009375 0
1700934242643 18.284375 0
1700934268946 16.0109375 0
1700934295446 15.584375 0
1700934321664 19.01015625 0
1700934348078 16.225 0
1700934374217 19.33515625 0
1700934400431 17.54921875 0
1700934426859 16.18671875 0
1700934453191 16.9796875 0
1700934479561 16.8671875 0
1700934506046 17.9296875 0
1700934532462 19.003125 0
1700934558774 17.678125 0
1700934585030 17.7734375 0
1700934611442 19.375 0
1700934637746 20.090625 0
1700934664051 18.66953125 0
1700934690268 26.5421875 0
1700934716548 19.9984375 0
1700934742918 22.503125 0
1700934769335 18.16875 0
1700934795481 18.346875 0
1700934821678 22.8578125 0
1700934848067 22.165625 0
1700934874332 25.1625 0
1700934900663 22.315625 0
1700934927069 19.684375 0
1700934953449 20.24375 0
1700934979673 19.4953125 0
1700935005769 21.6234375 0
1700935032096 20.1609375 0
1700935058472 22.271875 0
1700935084726 22.3984375 0
1700935111066 21.134375 0
1700935137261 24.2734375 0
1700935163781 22.0515625 0
1700935189793 21.30625 0
1700935216059 22.2984375 0
1700935242365 23.896875 0
1700935268613 27.5828125 0
1700935294765 21.95625 0
1700935320952 24.2359375 0
1700935347483 22.9828125 0
1700935373797 53.025 0
1700935400311 24.0765625 0
1700935426695 23.9359375 0
1700935453115 24.1625 0
1700935479322 23.334375 0
1700935505678 23.9921875 0
1700935531791 23.9859375 0
1700935560437 23.3203125 0
1700935590281 26.3765625 0
1700935620514 23.7859375 0
1700935650487 24.65625 0
1700935681676 29.7734375 0
1700935708996 26.325 0
1700935735196 25.5421875 0
1700935761367 30.1578125 0
1700935787664 26.0203125 0
1700935814008 24.2859375 0
1700935840276 26.403125 0
1700935866664 27.115625 0
1700935892966 26.9328125 0
1700935919281 27.3625 0
1700935945693 31.4171875 0
1700935971892 56.7515625 0
1700935998131 27.4828125 0
1700936024309 34.3421875 0
1700936050619 27.425 0
1700936077707 34.7234375 0
1700936104083 41.0125 0
1700936130224 27.971875 0
1700936156272 27.3953125 0
1700936182291 29.346875 0
1700936208359 28.59375 0
1700936234437 29.8421875 0
1700936260770 30.2390625 0
1700936287256 28.8125 0
1700936313474 35.1078125 0
1700936339519 36.5390625 0
1700936365898 30.5828125 0
1700936392153 30.165625 0
1700936418447 33.165625 0
1700936444549 60.040625 0
1700936470957 29.790625 0
1700936497138 31.3453125 0
1700936523264 34.903125 0
1700936549541 42.778125 0
1700936575822 64.8109375 0
1700936602089 32.290625 0
1700936628382 32.1328125 0
1700936654815 32.31875 0
1700936680947 33.884375 0
1700936707056 33.4140625 0
1700936733150 33.5578125 0
1700936759603 72.4765625 0
1700936786051 32.915625 0
1700936812244 32.00625 0
1700936838641 34.571875 0
1700936864759 33.56875 0
1700936891052 34.921875 0
1700936917078 33.25625 0
1700936943202 34.221875 0
1700936969427 34.1578125 0
1700936995452 34.978125 0
1700937021632 34.734375 0
1700937048051 34.678125 0
1700937074252 34.98125 0
1700937100474 44.4109375 0
1700937126924 34.575 0
1700937153236 35.271875 0
1700937179358 37.3125 0
1700937205710 35.4625 0
1700937231822 37.54375 0
1700937257876 36.990625 0
1700937284050 36.765625 0
1700937310275 42.140625 0
1700937336539 35.25 0
1700937362707 41.646875 0
1700937388798 37.453125 0
1700937415034 66.93125 0
1700937441396 40.421875 0
1700937467562 36.171875 0
1700937493929 40.928125 0
1700937520254 37.58125 0
1700937546382 93.41875 0
1700937572810 37.778125 0
1700937599063 40.884375 0
1700937625434 37.16875 0
1700937651829 38.8 0
1700937678104 38.825 0
1700937704230 37.95625 0
1700937730438 51.878125 0
1700937797711 40.26875 0
1700937824173 38.909375 0
1700937850854 39.7625 0
1700937877359 38.109375 0
1700937906445 38.85625 0
1700937935429 44.31875 0
1700937966386 40.13125 0
1700937997215 46.5 0
1700938028177 39.803125 0
1700938055806 38.2375 0
1700938082510 39.396875 0
1700938109097 43.58125 0
1700938135401 46.275 0
1700938161974 39.184375 0
1700938188432 38.41875 0
1700938215123 39.8875 0
1700938241479 42.46875 0
1700938268045 41.146875 0
1700938294487 42.896875 0
1700938320762 40.009375 0
1700938347292 42.128125 0
1700938373565 69.8625 0
1700938400087 43.71875 0
1700938426554 42.996875 0
1700938452959 43.99375 0
1700938479654 42.534375 0
1700938505984 43.490625 0
1700938532460 41.903125 0
1700938559167 44.171875 0
1700938585666 48.9625 0
1700938612235 73.078125 0
1700938638761 43.0 0
1700938665065 42.378125 0
1700938691471 50.4875 0
1700938717950 49.365625 0
1700938744472 48.140625 0
1700938770847 44.209375 0
1700938797227 43.265625 0
1700938823836 44.940625 0
1700938850201 44.8875 0
1700938876701 43.14375 0
1700938903413 48.784375 0
1700938929729 44.328125 0
1700938956124 46.64375 0
1700938982555 43.546875 0
1700939009326 50.421875 0
1700939035786 43.659375 0
1700939062510 44.425 0
1700939088835 46.059375 0
1700939115338 43.903125 0
1700939141744 47.896875 0
1700939168220 55.1875 0
1700939194730 43.421875 0
1700939221440 45.76875 0
1700939247901 47.44375 0
1700939274499 44.321875 0
1700939301103 47.725 0
1700939327665 46.421875 0
1700939354145 44.96875 0
1700939380629 48.04375 0
1700939407087 46.975 0
1700939433528 50.090625 0
1700939460165 45.921875 0
1700939486736 44.334375 0
1700939513292 66.725 0
1700939540241 44.759375 0
1700939566738 46.725 0
1700939593245 64.9875 0
1700939619625 46.1375 0
1700939647201 51.81875 0
1700939678630 51.4875 0
1700939709185 48.990625 0
1700939739400 47.1 0
1700939770304 45.615625 0
1700939799670 51.775 0
1700939826172 69.403125 0
1700939852477 54.25625 0
1700939879119 49.496875 0
1700939905755 47.940625 0
1700939932337 61.146875 0
1700939958826 47.925 0
1700939985269 48.0375 0
1700940011853 45.75 0
1700940038456 60.665625 0
1700940064822 48.659375 0
1700940091310 51.496875 0
1700940117842 49.134375 0
1700940144360 48.84375 0
1700940170878 48.796875 0
1700940197250 47.059375 0
1700940223749 71.084375 0
1700940250206 74.43125 0
1700940276482 52.625 0
1700940302817 51.746875 0
1700940329211 49.590625 0
1700940355792 49.915625 0
1700940382301 48.90625 0
1700940408765 59.009375 0
1700940435440 58.83125 0
1700940461873 52.06875 0
1700940488295 53.896875 0
1700940514553 50.565625 0
1700940541129 50.05625 0
1700940567670 53.559375 0
1700940593999 49.7375 0
1700940620404 49.95 0
1700940646723 50.70625 0
1700940673365 50.509375 0
1700940699877 53.725 0
1700940726368 52.215625 0
1700940752680 51.875 0
1700940779017 51.05 0
1700940805490 56.896875 0
1700940831928 55.14375 0
1700940858761 50.16875 0
1700940885242 52.603125 0
1700940911744 52.453125 0
1700940938057 53.478125 0
1700940964634 51.784375 0
1700940991086 49.440625 0
1700941017396 52.253125 0
1700941046145 62.94375 0
1700941077299 53.98125 0
1700941108427 51.465625 0
1700941139082 52.209375 0
1700941169631 52.06875 0
1700941197945 56.775 0
1700941224607 51.06875 0
1700941251045 55.325 0
1700941277440 54.915625 0
1700941303894 52.928125 0
1700941330233 54.55 0
1700941356736 54.184375 0
1700941383123 60.01875 0
1700941409567 52.615625 0
1700941436167 55.08125 0
1700941462671 53.584375 0
1700941489139 55.890625 0
1700941515784 53.2375 0
1700941542141 55.646875 0
1700941568453 53.46875 0
1700941594820 52.203125 0
1700941621299 56.296875 0
1700941647896 51.93125 0
1700941674224 52.378125 0
1700941700682 53.284375 0
1700941727012 52.7625 0
1700941753429 54.071875 0
1700941779703 54.671875 0
1700941806105 61.540625 0
1700941832609 54.384375 0
1700941858758 54.9 0
1700941885246 53.734375 0
1700941911605 59.796875 0
1700941938222 63.384375 0
1700941964761 60.71875 0
1700941991374 61.50625 0
1700942017886 53.628125 0
1700942044309 70.040625 0
1700942070671 54.63125 0
1700942097085 53.96875 0
1700942123686 54.675 0
1700942150260 61.65 0
1700942176661 54.49375 0
1700942202977 59.875 0
1700942229489 57.26875 0
1700942255901 56.25 0
1700942282341 54.321875 0
1700942308691 54.378125 0
1700942335162 52.590625 0
1700942361593 62.4625 0
1700942388008 56.365625 0
1700942414581 55.08125 0
1700942440999 65.928125 0
1700942467308 63.284375 0
1700942493743 55.94375 0
1700942519976 55.325 0
1700942546533 56.96875 0
1700942572894 55.41875 0
1700942599289 56.084375 0
1700942626177 53.60625 0
1700942652903 56.296875 0
1700942682824 55.4875 0
1700942712661 58.875 0
1700942742059 64.409375 0
1700942772277 58.16875 0
1700942803324 81.903125 0
1700942831753 56.7375 0
1700942858177 57.3875 0
1700942884631 56.6875 0
1700942910919 57.30625 0
1700942937529 59.953125 0
1700942963770 57.015625 0
1700942990102 58.29375 0
1700943016636 57.19375 0
1700943043017 56.703125 0
1700943069669 56.15 0
1700943095998 57.646875 0
1700943122501 58.68125 0
1700943149050 61.790625 0
1700943175434 56.5 0
1700943201742 56.66875 0
1700943228189 57.528125 0
1700943254545 58.140625 0
1700943282135 56.4625 0
1700943308581 66.003125 0
1700943335042 57.196875 0
1700943361386 57.865625 0
1700943387794 66.915625 0
1700943414226 58.884375 0
1700943441030 58.084375 0
1700943467354 62.915625 0
1700943494138 57.596875 0
1700943520389 65.3 0
1700943546858 76.734375 0
1700943573219 56.69375 0
1700943599819 58.421875 0
1700943626073 55.146875 0
1700943652325 56.915625 0
1700943678991 80.896875 0
1700943705335 57.140625 0
1700943731815 58.315625 0
1700943758195 59.90625 0
1700943784455 63.103125 0
1700943810895 59.68125 0
1700943837509 57.75625 0
1700943863959 59.59375 0
1700943890355 59.49375 0
1700943916912 66.890625 0
1700943943230 58.71875 0
1700943969545 57.990625 0
1700943995970 60.853125 0
1700944022326 64.565625 0
1700944048729 58.071875 0
1700944074984 80.8875 0
1700944101444 58.225 0
1700944127883 66.396875 0
1700944154383 65.596875 0
1700944180837 57.553125 0
1700944207454 58.909375 0
1700944233714 58.590625 0
1700944260091 60.271875 0
1700944286524 61.89375 0
1700944312965 85.125 0
1700944339677 80.434375 0
1700944366102 57.815625 0
1700944392873 59.675 0
1700944420430 60.475 0
1700944450493 67.0125 0
1700944480209 59.25625 0
1700944510788 59.321875 0
1700944542216 61.396875 0
1700944571314 57.671875 0
1700944597956 61.69375 0
1700944624320 60.125 0
1700944650566 57.5875 0
1700944676876 61.678125 0
1700944703349 60.121875 0
1700944729974 69.853125 0
1700944756364 67.75 0
1700944782857 67.69375 0
1700944809501 61.525 0
1700944836073 60.25 0
1700944862454 81.59375 0
1700944888705 60.709375 0
1700944915042 68.075 0
