1700930660167 0.0013113617897033691 0
1700930684282 0.004037320613861084 0
1700930710939 0.004158616065979004 0
1700930737394 0.004262030124664307 0
1700930764351 0.00435185432434082 0
1700930790926 0.004428505897521973 0
1700930817761 0.004504978656768799 0
1700930844438 0.004587769508361816 0
1700930870951 0.005109071731567383 0
1700930897429 0.005242526531219482 0
1700930923867 0.005322694778442383 0
1700930950258 0.005445539951324463 0
1700930976678 0.005609691143035889 0
1700931003199 0.005693674087524414 0
1700931029671 0.0057440996170043945 0
1700931056317 0.00578230619430542 0
1700931082658 0.0058307647705078125 0
1700931109078 0.005871236324310303 0
1700931135156 0.005900979042053223 0
1700931161564 0.00604248046875 0
1700931187946 0.006228446960449219 0
1700931214437 0.00636976957321167 0
1700931241010 0.006485402584075928 0
1700931267199 0.006524443626403809 0
1700931293594 0.0065656304359436035 0
1700931319906 0.006673872470855713 0
1700931346317 0.006709933280944824 0
1700931372479 0.006723284721374512 0
1700931398875 0.006824374198913574 0
1700931425214 0.0067719221115112305 0
1700931451663 0.006970345973968506 0
1700931478019 0.007019698619842529 0
1700931504708 0.007336974143981934 0
1700931531073 0.007890164852142334 0
1700931557651 0.0076746344566345215 0
1700931584068 0.008035540580749512 0
1700931610690 0.008372902870178223 0
1700931639367 0.009160876274108887 0
1700931670078 0.009409189224243164 0
1700931700447 0.009213626384735107 0
1700931731811 0.009269535541534424 0
1700931763305 0.009443223476409912 0
1700931791413 0.010120213031768799 0
1700931817822 0.010337531566619873 0
1700931844398 0.010441124439239502 0
1700931870852 0.010260522365570068 0
1700931897336 0.010440647602081299 0
1700931923606 0.01064997911453247 0
1700931949998 0.010936141014099121 0
1700931976346 0.01108241081237793 0
1700932002889 0.011715114116668701 0
1700932029491 0.012121260166168213 0
1700932055945 0.012346029281616211 0
1700932082480 0.012543439865112305 0
1700932108921 0.01288682222366333 0
1700932135373 0.013055384159088135 0
1700932161687 0.012758851051330566 0
1700932188145 0.0129508376121521 0
1700932214401 0.013433516025543213 0
1700932240998 0.01407390832901001 0
1700932267289 0.014365136623382568 0
1700932293952 0.014465630054473877 0
1700932320244 0.01456916332244873 0
1700932347051 0.014997124671936035 0
1700932373419 0.015588760375976562 0
1700932399910 0.016740858554840088 0
1700932426380 0.01758664846420288 0
1700932452922 0.01788806915283203 0
1700932479848 0.018300175666809082 0
1700932506844 0.019219517707824707 0
1700932533422 0.020191490650177002 0
1700932559994 0.021135389804840088 0
1700932586269 0.0224912166595459 0
1700932612869 0.023157596588134766 0
1700932639230 0.023626089096069336 0
1700932665617 0.024160563945770264 0
1700932692168 0.024269521236419678 0
1700932718473 0.0248490571975708 0
1700932744999 0.025129735469818115 0
1700932771595 0.025336146354675293 0
1700932797862 0.02547013759613037 0
1700932824618 0.025785982608795166 0
1700932850974 0.026872873306274414 0
1700932877405 0.027883529663085938 0
1700932903862 0.028455018997192383 0
1700932930346 0.02918422222137451 0
1700932956972 0.029742956161499023 0
1700932983614 0.030356943607330322 0
1700933009902 0.031075775623321533 0
1700933036319 0.03161042928695679 0
1700933062739 0.03231734037399292 0
1700933089009 0.03315460681915283 0
1700933115407 0.03388035297393799 0
1700933141824 0.03494387865066528 0
1700933168147 0.03521639108657837 0
1700933194619 0.03550863265991211 0
1700933220797 0.036369383335113525 0
1700933247310 0.03842639923095703 0
1700933273565 0.040658533573150635 0
1700933299895 0.043435513973236084 0
1700933326179 0.0455440878868103 0
1700933352501 0.04788708686828613 0
1700933378944 0.05082923173904419 0
1700933405437 0.05375945568084717 0
1700933431901 0.05691426992416382 0
1700933458187 0.05932539701461792 0
1700933484587 0.061540842056274414 0
1700933510889 0.0640723705291748 0
1700933537301 0.06751018762588501 0
1700933563620 0.07077270746231079 0
1700933590402 0.07378441095352173 0
1700933616739 0.07653635740280151 0
1700933643186 0.07911396026611328 0
1700933669561 0.081886887550354 0
1700933695765 0.08520513772964478 0
1700933722136 0.08841079473495483 0
1700933748634 0.09221971035003662 0
1700933775243 0.09549486637115479 0
1700933801475 0.09822207689285278 0
1700933827762 0.10100150108337402 0
1700933854048 0.10414093732833862 0
1700933880434 0.106708824634552 0
1700933906891 0.10920029878616333 0
1700933933077 0.1127314567565918 0
1700933961449 0.11614280939102173 0
1700933991109 0.11918354034423828 0
1700934020773 0.12253421545028687 0
1700934051437 0.12608659267425537 0
1700934081853 0.12930548191070557 0
1700934111158 0.132068932056427 0
1700934138223 0.13449817895889282 0
1700934164389 0.13676142692565918 0
1700934190540 0.13921302556991577 0
1700934216699 0.14212900400161743 0
1700934242647 0.1448797583580017 0
1700934268950 0.1477118730545044 0
1700934295449 0.14989793300628662 0
1700934321668 0.15229403972625732 0
1700934348081 0.15437358617782593 0
1700934374220 0.1563701629638672 0
1700934400435 0.15840810537338257 0
1700934426862 0.16069191694259644 0
1700934453194 0.16251027584075928 0
1700934479565 0.1643931269645691 0
1700934506050 0.16646498441696167 0
1700934532465 0.16884666681289673 0
1700934558777 0.17126905918121338 0
1700934585033 0.17353498935699463 0
1700934611445 0.17554092407226562 0
1700934637750 0.17738914489746094 0
1700934664055 0.17951703071594238 0
1700934690271 0.18225771188735962 0
1700934716552 0.18408429622650146 0
1700934742922 0.18602734804153442 0
1700934769340 0.18792438507080078 0
1700934795484 0.19004392623901367 0
1700934821681 0.1923699975013733 0
1700934848071 0.19460266828536987 0
1700934874336 0.19692212343215942 0
1700934900667 0.1986762285232544 0
1700934927073 0.20035111904144287 0
1700934953453 0.20217281579971313 0
1700934979676 0.20375382900238037 0
1700935005772 0.2054450511932373 0
1700935032100 0.20756042003631592 0
1700935058475 0.20971286296844482 0
1700935084730 0.21155178546905518 0
1700935111069 0.21310722827911377 0
1700935137265 0.21449637413024902 0
1700935163785 0.21596449613571167 0
1700935189796 0.21764099597930908 0
1700935216062 0.2195790410041809 0
1700935242369 0.22148221731185913 0
1700935268616 0.2232094407081604 0
1700935294769 0.2247523069381714 0
1700935320956 0.2267833948135376 0
1700935347487 0.2289237380027771 0
1700935373800 0.23085439205169678 0
1700935400314 0.23341327905654907 0
1700935426699 0.23551172018051147 0
1700935453119 0.23726588487625122 0
1700935479326 0.2390347123146057 0
1700935505682 0.2406853437423706 0
1700935531795 0.2425253987312317 0
1700935560441 0.2443474531173706 0
1700935590285 0.2461087703704834 0
1700935620517 0.2477860450744629 0
1700935650490 0.249616801738739 0
1700935681679 0.25166434049606323 0
1700935708999 0.2535442113876343 0
1700935735200 0.2550676465034485 0
1700935761370 0.2564772963523865 0
1700935787668 0.2579524517059326 0
1700935814012 0.25962692499160767 0
1700935840280 0.26150035858154297 0
1700935866668 0.2633119821548462 0
1700935892970 0.2652103304862976 0
1700935919284 0.2672359347343445 0
1700935945697 0.2687705159187317 0
1700935971896 0.27093935012817383 0
1700935998134 0.2732880115509033 0
1700936024313 0.2753196358680725 0
1700936050623 0.277050256729126 0
1700936077711 0.2786819338798523 0
1700936104086 0.280536949634552 0
1700936130228 0.2824745178222656 0
1700936156276 0.28463679552078247 0
1700936182294 0.28671014308929443 0
1700936208363 0.2893390655517578 0
1700936234440 0.2909368872642517 0
1700936260773 0.2923430800437927 0
1700936287259 0.2940000295639038 0
1700936313478 0.2956315279006958 0
1700936339522 0.2974644899368286 0
1700936365902 0.29939359426498413 0
1700936392157 0.3009081482887268 0
1700936418450 0.3023291230201721 0
1700936444552 0.3037005662918091 0
1700936470960 0.3058628439903259 0
1700936497141 0.3077161908149719 0
1700936523268 0.3094938397407532 0
1700936549544 0.3113483786582947 0
1700936575826 0.3133859634399414 0
1700936602092 0.31572437286376953 0
1700936628384 0.31787925958633423 0
1700936654818 0.31958895921707153 0
1700936680950 0.3210887312889099 0
1700936707060 0.3226013779640198 0
1700936733153 0.3241899013519287 0
1700936759607 0.3257468342781067 0
1700936786054 0.3279162049293518 0
1700936812248 0.3304295539855957 0
1700936838645 0.3327898383140564 0
1700936864762 0.3349229693412781 0
1700936891055 0.3373129963874817 0
1700936917082 0.3393697738647461 0
1700936943206 0.3414417505264282 0
1700936969430 0.3431081771850586 0
1700936995456 0.3447943329811096 0
1700937021635 0.34630221128463745 0
1700937048055 0.34760820865631104 0
1700937074256 0.34902453422546387 0
1700937100477 0.3504406809806824 0
1700937126928 0.3517473340034485 0
1700937153239 0.3530527949333191 0
1700937179362 0.3546997308731079 0
1700937205713 0.35582268238067627 0
1700937231826 0.3568742871284485 0
1700937257880 0.3581172823905945 0
1700937284053 0.3592192530632019 0
1700937310278 0.3604660630226135 0
1700937336543 0.3616865277290344 0
1700937362710 0.3629798889160156 0
1700937388802 0.3642861247062683 0
1700937415038 0.36547327041625977 0
1700937441400 0.36682671308517456 0
1700937467565 0.36819231510162354 0
1700937493932 0.36928707361221313 0
1700937520258 0.3704823851585388 0
1700937546386 0.3719821572303772 0
1700937572813 0.3741210103034973 0
1700937599066 0.37598204612731934 0
1700937625437 0.37791508436203003 0
1700937651833 0.3798316717147827 0
1700937678107 0.3814347982406616 0
1700937704233 0.3829551935195923 0
1700937730441 0.38429778814315796 0
1700937797715 0.3858916163444519 0
1700937824177 0.3880801796913147 0
1700937850858 0.38989460468292236 0
1700937877362 0.3914620876312256 0
1700937906448 0.3926733136177063 0
1700937935433 0.3937367796897888 0
1700937966390 0.3947107791900635 0
1700937997219 0.39578521251678467 0
1700938028181 0.3967741131782532 0
1700938055809 0.39787155389785767 0
1700938082513 0.3990270495414734 0
1700938109101 0.4003845453262329 0
1700938135405 0.4016455411911011 0
1700938161977 0.4028996229171753 0
1700938188435 0.4040628671646118 0
1700938215126 0.40531259775161743 0
1700938241483 0.4063015580177307 0
1700938268049 0.4072146415710449 0
1700938294490 0.40832704305648804 0
1700938320766 0.4096095561981201 0
1700938347296 0.4107268452644348 0
1700938373569 0.41216278076171875 0
1700938400091 0.414028525352478 0
1700938426557 0.4156242609024048 0
1700938452962 0.41698354482650757 0
1700938479657 0.41841810941696167 0
1700938505987 0.4196432828903198 0
1700938532464 0.42078161239624023 0
1700938559171 0.42186421155929565 0
1700938585670 0.42307883501052856 0
1700938612239 0.42436420917510986 0
1700938638765 0.4257926940917969 0
1700938665069 0.4267396330833435 0
1700938691475 0.4277149438858032 0
1700938717954 0.4287133812904358 0
1700938744476 0.429760217666626 0
1700938770850 0.430833637714386 0
1700938797230 0.4320937395095825 0
1700938823839 0.43368667364120483 0
1700938850204 0.43528515100479126 0
1700938876704 0.4366561770439148 0
1700938903417 0.4378681182861328 0
1700938929732 0.4389772415161133 0
1700938956127 0.43993139266967773 0
1700938982558 0.4406857490539551 0
1700939009329 0.44168776273727417 0
1700939035790 0.44273561239242554 0
1700939062513 0.4437347650527954 0
1700939088838 0.4445813298225403 0
1700939115341 0.4454367160797119 0
1700939141748 0.44628089666366577 0
1700939168224 0.4472334384918213 0
1700939194733 0.4482837915420532 0
1700939221444 0.4490322470664978 0
1700939247904 0.4498419761657715 0
1700939274503 0.4506869912147522 0
1700939301106 0.45143312215805054 0
1700939327669 0.45237118005752563 0
1700939354149 0.45319855213165283 0
1700939380632 0.4541572332382202 0
1700939407091 0.45495516061782837 0
1700939433532 0.45583921670913696 0
1700939460169 0.4565507769584656 0
1700939486740 0.4574715495109558 0
1700939513296 0.45835137367248535 0
1700939540245 0.4591367840766907 0
1700939566741 0.45988738536834717 0
1700939593249 0.46059054136276245 0
1700939619628 0.461408793926239 0
1700939647204 0.4624025821685791 0
1700939678634 0.46323490142822266 0
1700939709189 0.4639981985092163 0
1700939739404 0.4649159908294678 0
1700939770307 0.465840220451355 0
1700939799674 0.4667466878890991 0
1700939826176 0.4676739573478699 0
1700939852481 0.4685875177383423 0
1700939879122 0.4697244167327881 0
1700939905758 0.47083091735839844 0
1700939932340 0.4717506170272827 0
1700939958830 0.4725028872489929 0
1700939985272 0.47350209951400757 0
1700940011858 0.474324107170105 0
1700940038460 0.4751662611961365 0
1700940064826 0.4762033224105835 0
1700940091314 0.4771900177001953 0
1700940117846 0.47829562425613403 0
1700940144364 0.47916531562805176 0
1700940170882 0.4801585078239441 0
1700940197254 0.48111647367477417 0
1700940223753 0.4818344712257385 0
1700940250210 0.48244035243988037 0
1700940276485 0.48340272903442383 0
1700940302821 0.484374463558197 0
1700940329215 0.48535794019699097 0
1700940355796 0.4861769676208496 0
1700940382305 0.4871441125869751 0
1700940408768 0.48814916610717773 0
1700940435444 0.4892696738243103 0
1700940461876 0.49049288034439087 0
1700940488298 0.4916341304779053 0
1700940514556 0.49267643690109253 0
1700940541133 0.4935309886932373 0
1700940567673 0.49441879987716675 0
1700940594003 0.4952407479286194 0
1700940620408 0.4958534240722656 0
1700940646726 0.4965934753417969 0
1700940673369 0.49733245372772217 0
1700940699880 0.49799859523773193 0
1700940726371 0.4985964894294739 0
1700940752684 0.4992513656616211 0
1700940779021 0.4998849034309387 0
1700940805493 0.5007426738739014 0
1700940831932 0.5016860961914062 0
1700940858765 0.5023967623710632 0
1700940885246 0.5031704902648926 0
1700940911747 0.5038742423057556 0
1700940938061 0.5045592784881592 0
1700940964637 0.505095362663269 0
1700940991090 0.5057882070541382 0
1700941017400 0.5063179731369019 0
1700941046149 0.5068187117576599 0
1700941077303 0.5074136257171631 0
1700941108431 0.5080386996269226 0
1700941139085 0.5086628198623657 0
1700941169634 0.5093277096748352 0
1700941197949 0.5100967288017273 0
1700941224611 0.5106790661811829 0
1700941251049 0.5111824870109558 0
1700941277444 0.5118036270141602 0
1700941303897 0.5124646425247192 0
1700941330236 0.5131444931030273 0
1700941356740 0.5136253833770752 0
1700941383127 0.5140858292579651 0
1700941409571 0.5146360397338867 0
1700941436171 0.515251874923706 0
1700941462674 0.5158628225326538 0
1700941489143 0.5164333581924438 0
1700941515787 0.5169917345046997 0
1700941542145 0.5175290107727051 0
1700941568457 0.5180764198303223 0
1700941594824 0.518727719783783 0
1700941621303 0.5193200707435608 0
1700941647899 0.5199182033538818 0
1700941674227 0.5204576253890991 0
1700941700686 0.5210633873939514 0
1700941727015 0.5216065645217896 0
1700941753432 0.522164523601532 0
1700941779707 0.5227468013763428 0
1700941806109 0.5232860445976257 0
1700941832612 0.5240077972412109 0
1700941858761 0.5247501134872437 0
1700941885250 0.5254505276679993 0
1700941911609 0.5262951850891113 0
1700941938225 0.5273491144180298 0
1700941964765 0.528128981590271 0
1700941991377 0.5289953351020813 0
1700942017889 0.5296707153320312 0
1700942044313 0.5304730534553528 0
1700942070675 0.5310909748077393 0
1700942097089 0.5316305160522461 0
1700942123690 0.5321544408798218 0
1700942150264 0.5326147079467773 0
1700942176665 0.5331386923789978 0
1700942202981 0.5337844491004944 0
1700942229493 0.5344879627227783 0
1700942255905 0.5351406335830688 0
1700942282345 0.5356147289276123 0
1700942308694 0.5360833406448364 0
1700942335165 0.5365346074104309 0
1700942361597 0.537117600440979 0
1700942388011 0.5376482009887695 0
1700942414585 0.5382030010223389 0
1700942441002 0.5387285351753235 0
1700942467311 0.5392804145812988 0
1700942493746 0.5397624373435974 0
1700942519980 0.5401793718338013 0
1700942546537 0.5405786633491516 0
1700942572898 0.5409894585609436 0
1700942599293 0.5413996577262878 0
1700942626181 0.5418192148208618 0
1700942652906 0.542232871055603 0
1700942682827 0.542626142501831 0
1700942712664 0.5430282950401306 0
1700942742063 0.5434238910675049 0
1700942772281 0.5438073873519897 0
1700942803327 0.5442501306533813 0
1700942831757 0.5444985628128052 0
1700942858180 0.545120120048523 0
1700942884635 0.5456357002258301 0
1700942910923 0.5461093783378601 0
1700942937533 0.5465230941772461 0
1700942963773 0.5470693111419678 0
1700942990105 0.5475801229476929 0
1700943016639 0.5480492115020752 0
1700943043020 0.5485146045684814 0
1700943069672 0.5489631295204163 0
1700943096002 0.5493906140327454 0
1700943122505 0.5499093532562256 0
1700943149054 0.5503631830215454 0
1700943175438 0.5507934093475342 0
1700943201745 0.55122971534729 0
1700943228193 0.5516306161880493 0
1700943254549 0.5519912242889404 0
1700943282138 0.5523402690887451 0
1700943308585 0.5526635646820068 0
1700943335045 0.5530155301094055 0
1700943361389 0.5533832311630249 0
1700943387797 0.5537150502204895 0
1700943414229 0.5540765523910522 0
1700943441033 0.5544438362121582 0
1700943467357 0.5547676682472229 0
1700943494142 0.5551442503929138 0
1700943520393 0.5554856061935425 0
1700943546862 0.555636465549469 0
1700943573223 0.55621337890625 0
1700943599823 0.5568240880966187 0
1700943626077 0.5573316812515259 0
1700943652328 0.557756781578064 0
1700943678994 0.5580988526344299 0
1700943705339 0.5584897994995117 0
1700943731819 0.5590617060661316 0
1700943758198 0.5595672726631165 0
1700943784459 0.5599784255027771 0
1700943810899 0.5603851079940796 0
1700943837512 0.5607961416244507 0
1700943863963 0.5612168312072754 0
1700943890359 0.5616630911827087 0
1700943916915 0.562092661857605 0
1700943943234 0.5624130368232727 0
1700943969548 0.5626963376998901 0
1700943995974 0.5630127191543579 0
1700944022329 0.5633213520050049 0
1700944048733 0.5636506080627441 0
1700944074988 0.5639865398406982 0
1700944101448 0.5642419457435608 0
1700944127886 0.5646343231201172 0
1700944154387 0.565028190612793 0
1700944180840 0.5654006004333496 0
1700944207457 0.5657718181610107 0
1700944233717 0.5661255121231079 0
1700944260095 0.5664670467376709 0
1700944286528 0.5667674541473389 0
1700944312970 0.5670261979103088 0
1700944339681 0.5673342943191528 0
1700944366106 0.5677856206893921 0
1700944392876 0.5683268308639526 0
1700944420433 0.5688684582710266 0
1700944450497 0.5694093704223633 0
1700944480213 0.5699903964996338 0
1700944510791 0.5704285502433777 0
1700944542220 0.5708128213882446 0
1700944571317 0.571181058883667 0
1700944597959 0.5715039968490601 0
1700944624323 0.571819543838501 0
1700944650569 0.572175920009613 0
1700944676880 0.5724887251853943 0
1700944703353 0.5728211998939514 0
1700944729978 0.5731673240661621 0
1700944756368 0.5733979940414429 0
1700944782860 0.5736547708511353 0
1700944809504 0.5739617943763733 0
1700944836077 0.574275016784668 0
1700944862457 0.5745487213134766 0
1700944888708 0.5748566389083862 0
1700944915045 0.5751335620880127 0
