1700930662573 4088.0 0
1700930686667 4088.0 0
1700930713355 4087.0 0
1700930739819 4087.0 0
1700930766804 4087.0 0
1700930793398 4087.0 0
1700930820191 4087.0 0
1700930846863 4087.0 0
1700930873407 4087.0 0
1700930899872 4086.0 0
1700930926272 4086.0 0
1700930952688 4086.0 0
1700930979115 4086.0 0
1700931005632 4086.0 0
1700931032115 4086.0 0
1700931058759 4086.0 0
1700931085112 4086.0 0
1700931111486 4087.0 0
1700931137595 4087.0 0
1700931163991 4087.0 0
1700931190350 4087.0 0
1700931216872 4086.0 0
1700931243415 4086.0 0
1700931269658 4087.0 0
1700931296001 4087.0 0
1700931322320 4086.0 0
1700931348729 4086.0 0
1700931374901 4087.0 0
1700931401271 4087.0 0
1700931427603 4087.0 0
1700931454040 4087.0 0
1700931480465 4087.0 0
1700931507151 4087.0 0
1700931533492 4087.0 0
1700931560070 4087.0 0
1700931586517 4087.0 0
1700931613134 4087.0 0
1700931641832 4087.0 0
1700931672622 4087.0 0
1700931702970 4087.0 0
1700931734329 4087.0 0
1700931765838 4087.0 0
1700931793851 4087.0 0
1700931820221 4087.0 0
1700931846836 4087.0 0
1700931873269 4087.0 0
1700931899776 4087.0 0
1700931926012 4087.0 0
1700931952429 4087.0 0
1700931978763 4087.0 0
1700932005298 4087.0 0
1700932031936 4086.0 0
1700932058352 4086.0 0
1700932084896 4087.0 0
1700932111367 4087.0 0
1700932137752 4087.0 0
1700932164097 4087.0 0
1700932190542 4087.0 0
1700932216911 4087.0 0
1700932243406 4087.0 0
1700932269690 4087.0 0
1700932296372 4087.0 0
1700932322666 4087.0 0
1700932349486 4087.0 0
1700932375821 4087.0 0
1700932402338 4086.0 0
1700932428868 4086.0 0
1700932455446 4086.0 0
1700932482346 4086.0 0
1700932509350 4086.0 0
1700932535832 4086.0 0
1700932562430 4086.0 0
1700932588669 4086.0 0
1700932615294 4086.0 0
1700932641616 4087.0 0
1700932668039 4087.0 0
1700932694568 4087.0 0
1700932720865 4087.0 0
1700932747405 4087.0 0
1700932773975 4087.0 0
1700932800279 4087.0 0
1700932827008 4087.0 0
1700932853389 4087.0 0
1700932879907 4087.0 0
1700932906254 4087.0 0
1700932932776 4087.0 0
1700932959401 4087.0 0
1700932986078 4087.0 0
1700933012286 4087.0 0
1700933038716 4087.0 0
1700933065145 4087.0 0
1700933091416 4087.0 0
1700933117796 4087.0 0
1700933144263 4087.0 0
1700933170548 4087.0 0
1700933197010 4087.0 0
1700933223173 4087.0 0
1700933249728 4087.0 0
1700933275946 4086.0 0
1700933302283 4086.0 0
1700933328595 4085.0 0
1700933354908 4085.0 0
1700933381364 4085.0 0
1700933407814 4085.0 0
1700933434307 4085.0 0
1700933460602 4085.0 0
1700933487059 4085.0 0
1700933513396 4084.0 0
1700933539723 4083.0 0
1700933566061 4083.0 0
1700933592864 4082.0 0
1700933619213 4082.0 0
1700933645587 4082.0 0
1700933671949 4081.0 0
1700933698134 4080.0 0
1700933724547 4079.0 0
1700933750977 4078.0 0
1700933777622 4077.0 0
1700933803890 4077.0 0
1700933830159 4077.0 0
1700933856443 4077.0 0
1700933882797 4077.0 0
1700933909311 4077.0 0
1700933935480 4076.0 0
1700933963942 4075.0 0
1700933993623 4074.0 0
1700934023255 4074.0 0
1700934053936 4073.0 0
1700934084373 4073.0 0
1700934113528 4072.0 0
1700934140632 4073.0 0
1700934166790 4073.0 0
1700934192922 4073.0 0
1700934219109 4073.0 0
1700934245004 4073.0 0
1700934271344 4073.0 0
1700934297857 4073.0 0
1700934324125 4073.0 0
1700934350494 4072.0 0
1700934376668 4072.0 0
1700934402814 4071.0 0
1700934429265 4070.0 0
1700934455569 4070.0 0
1700934481932 4070.0 0
1700934508461 4070.0 0
1700934534926 4070.0 0
1700934561209 4070.0 0
1700934587467 4070.0 0
1700934613812 4070.0 0
1700934640121 4069.0 0
1700934666490 4069.0 0
1700934692635 4068.0 0
1700934718955 4068.0 0
1700934745331 4068.0 0
1700934771743 4067.0 0
1700934797846 4067.0 0
1700934824075 4066.0 0
1700934850431 4066.0 0
1700934876742 4066.0 0
1700934903060 4066.0 0
1700934929445 4066.0 0
1700934955802 4066.0 0
1700934982036 4066.0 0
1700935008174 4066.0 0
1700935034459 4066.0 0
1700935060867 4066.0 0
1700935087191 4066.0 0
1700935113455 4066.0 0
1700935139643 4066.0 0
1700935166165 4065.0 0
1700935192184 4065.0 0
1700935218445 4064.0 0
1700935244751 4064.0 0
1700935270978 4064.0 0
1700935297147 4064.0 0
1700935323441 4064.0 0
1700935349984 4064.0 0
1700935376287 4063.0 0
1700935402772 4063.0 0
1700935429099 4063.0 0
1700935455479 4063.0 0
1700935481708 4063.0 0
1700935508057 4063.0 0
1700935534210 4063.0 0
1700935562993 4063.0 0
1700935592825 4063.0 0
1700935623055 4063.0 0
1700935652988 4063.0 0
1700935684154 4063.0 0
1700935711371 4063.0 0
1700935737588 4062.0 0
1700935763767 4062.0 0
1700935790070 4062.0 0
1700935816410 4062.0 0
1700935842686 4062.0 0
1700935869076 4062.0 0
1700935895331 4062.0 0
1700935921712 4062.0 0
1700935948064 4061.0 0
1700935974372 4060.0 0
1700936000492 4059.0 0
1700936026712 4058.0 0
1700936053033 4058.0 0
1700936080086 4058.0 0
1700936106478 4058.0 0
1700936132601 4057.0 0
1700936158649 4056.0 0
1700936184698 4056.0 0
1700936210721 4055.0 0
1700936236868 4054.0 0
1700936263183 4054.0 0
1700936289636 4054.0 0
1700936315864 4053.0 0
1700936341939 4051.0 0
1700936368343 4049.0 0
1700936394565 4047.0 0
1700936420838 4047.0 0
1700936446966 4047.0 0
1700936473366 4046.0 0
1700936499553 4045.0 0
1700936525723 4044.0 0
1700936551937 4042.0 0
1700936578226 4040.0 0
1700936604547 4038.0 0
1700936630764 4036.0 0
1700936657229 4035.0 0
1700936683364 4034.0 0
1700936709418 4033.0 0
1700936735582 4031.0 0
1700936762002 4030.0 0
1700936788451 4029.0 0
1700936814586 4028.0 0
1700936841062 4027.0 0
1700936867191 4027.0 0
1700936893429 4026.0 0
1700936919449 4026.0 0
1700936945614 4025.0 0
1700936971818 4025.0 0
1700936997860 4025.0 0
1700937024050 4025.0 0
1700937050453 4025.0 0
1700937076649 4025.0 0
1700937102888 4024.0 0
1700937129312 4023.0 0
1700937155609 4023.0 0
1700937181728 4023.0 0
1700937208096 4023.0 0
1700937234193 4023.0 0
1700937260268 4022.0 0
1700937286433 4021.0 0
1700937312654 4021.0 0
1700937338934 4021.0 0
1700937365140 4021.0 0
1700937391243 4021.0 0
1700937417443 4021.0 0
1700937443864 4020.0 0
1700937470068 4020.0 0
1700937496413 4020.0 0
1700937522623 4020.0 0
1700937548824 4019.0 0
1700937575253 4018.0 0
1700937601494 4017.0 0
1700937627884 4016.0 0
1700937654193 4015.0 0
1700937680482 4015.0 0
1700937706667 4014.0 0
1700937732813 4013.0 0
1700937800065 4013.0 0
1700937826545 4013.0 0
1700937853272 4013.0 0
1700937879749 4013.0 0
1700937909006 4013.0 0
1700937937898 4013.0 0
1700937968894 4014.0 0
1700937999761 4014.0 0
1700938030799 4014.0 0
1700938058188 4014.0 0
1700938084943 4014.0 0
1700938111509 4014.0 0
1700938137781 4014.0 0
1700938164346 4014.0 0
1700938190780 4014.0 0
1700938217503 4014.0 0
1700938243866 4014.0 0
1700938270445 4014.0 0
1700938296837 4014.0 0
1700938323140 4014.0 0
1700938349669 4014.0 0
1700938375977 4014.0 0
1700938402449 4013.0 0
1700938428943 4013.0 0
1700938455304 4013.0 0
1700938482019 4013.0 0
1700938508465 4012.0 0
1700938534818 4012.0 0
1700938561535 4011.0 0
1700938588012 4011.0 0
1700938614596 4011.0 0
1700938641124 4011.0 0
1700938667465 4011.0 0
1700938693828 4011.0 0
1700938720322 4011.0 0
1700938746884 4010.0 0
1700938773236 4009.0 0
1700938799586 4008.0 0
1700938826230 4008.0 0
1700938852609 4008.0 0
1700938879110 4008.0 0
1700938905796 4009.0 0
1700938932081 4009.0 0
1700938958482 4009.0 0
1700938984951 4009.0 0
1700939011670 4008.0 0
1700939038207 4008.0 0
1700939064873 4007.0 0
1700939091251 4007.0 0
1700939117753 4007.0 0
1700939144085 4007.0 0
1700939170659 4007.0 0
1700939197104 4007.0 0
1700939223830 4007.0 0
1700939250317 4007.0 0
1700939276902 4007.0 0
1700939303521 4007.0 0
1700939330043 4007.0 0
1700939356521 4007.0 0
1700939383031 4006.0 0
1700939409500 4006.0 0
1700939435926 4006.0 0
1700939462596 4006.0 0
1700939489229 4006.0 0
1700939515743 4006.0 0
1700939542710 4006.0 0
1700939569203 4005.0 0
1700939595628 4005.0 0
1700939622059 4005.0 0
1700939649905 4005.0 0
1700939681145 4004.0 0
1700939711694 4004.0 0
1700939742147 4004.0 0
1700939772820 4004.0 0
1700939802094 4004.0 0
1700939828559 4004.0 0
1700939854883 4003.0 0
1700939881516 4002.0 0
1700939908150 4002.0 0
1700939934716 4001.0 0
1700939961209 4001.0 0
1700939987643 4000.0 0
1700940014301 4000.0 0
1700940040829 4000.0 0
1700940067252 3999.0 0
1700940093688 3999.0 0
1700940120273 3998.0 0
1700940146724 3998.0 0
1700940173257 3998.0 0
1700940199635 3997.0 0
1700940226164 3997.0 0
1700940252601 3996.0 0
1700940278888 3994.0 0
1700940305224 3993.0 0
1700940331595 3992.0 0
1700940358199 3991.0 0
1700940384711 3990.0 0
1700940411134 3990.0 0
1700940437893 3990.0 0
1700940464261 3990.0 0
1700940490700 3990.0 0
1700940516968 3990.0 0
1700940543606 3989.0 0
1700940570067 3989.0 0
1700940596351 3989.0 0
1700940622777 3988.0 0
1700940649152 3988.0 0
1700940675741 3987.0 0
1700940702244 3987.0 0
1700940728715 3987.0 0
1700940755094 3987.0 0
1700940781395 3987.0 0
1700940807878 3986.0 0
1700940834388 3986.0 0
1700940861185 3985.0 0
1700940887656 3985.0 0
1700940914192 3985.0 0
1700940940456 3985.0 0
1700940967034 3985.0 0
1700940993429 3984.0 0
1700941019777 3984.0 0
1700941049010 3983.0 0
1700941079857 3983.0 0
1700941111096 3983.0 0
1700941141778 3983.0 0
1700941172122 3983.0 0
1700941200334 3983.0 0
1700941226960 3983.0 0
1700941253433 3983.0 0
1700941279826 3982.0 0
1700941306260 3982.0 0
1700941332641 3982.0 0
1700941359061 3982.0 0
1700941385514 3982.0 0
1700941412012 3982.0 0
1700941438680 3982.0 0
1700941465112 3982.0 0
1700941491603 3981.0 0
1700941518221 3981.0 0
1700941544519 3981.0 0
1700941570842 3981.0 0
1700941597227 3981.0 0
1700941623669 3981.0 0
1700941650306 3980.0 0
1700941676551 3980.0 0
1700941703089 3980.0 0
1700941729367 3980.0 0
1700941755767 3980.0 0
1700941782165 3980.0 0
1700941808488 3981.0 0
1700941834989 3980.0 0
1700941861159 3980.0 0
1700941887630 3980.0 0
1700941913979 3979.0 0
1700941940579 3978.0 0
1700941967137 3977.0 0
1700941993906 3976.0 0
1700942020274 3975.0 0
1700942046722 3975.0 0
1700942073068 3974.0 0
1700942099451 3973.0 0
1700942126096 3973.0 0
1700942152637 3973.0 0
1700942179017 3973.0 0
1700942205335 3973.0 0
1700942231820 3973.0 0
1700942258302 3974.0 0
1700942284718 3974.0 0
1700942311084 3973.0 0
1700942337572 3973.0 0
1700942364039 3972.0 0
1700942390366 3972.0 0
1700942416999 3972.0 0
1700942443409 3972.0 0
1700942469666 3972.0 0
1700942496107 3972.0 0
1700942522422 3972.0 0
1700942548953 3972.0 0
1700942575287 3972.0 0
1700942601673 3972.0 0
1700942628583 3972.0 0
1700942655420 3972.0 0
1700942685790 3972.0 0
1700942715169 3972.0 0
1700942744624 3972.0 0
1700942774891 3972.0 0
1700942806257 3971.0 0
1700942834098 3970.0 0
1700942860560 3970.0 0
1700942887016 3969.0 0
1700942913290 3969.0 0
1700942939905 3969.0 0
1700942966192 3968.0 0
1700942992462 3968.0 0
1700943019054 3968.0 0
1700943045377 3967.0 0
1700943072114 3967.0 0
1700943098373 3967.0 0
1700943124914 3966.0 0
1700943151459 3966.0 0
1700943177862 3966.0 0
1700943204191 3965.0 0
1700943230568 3966.0 0
1700943256934 3966.0 0
1700943284500 3966.0 0
1700943310988 3966.0 0
1700943337421 3966.0 0
1700943363779 3966.0 0
1700943390201 3966.0 0
1700943416591 3966.0 0
1700943443570 3966.0 0
1700943469729 3966.0 0
1700943496561 3966.0 0
1700943522755 3966.0 0
1700943549228 3965.0 0
1700943575599 3964.0 0
1700943602256 3964.0 0
1700943628450 3963.0 0
1700943654724 3964.0 0
1700943681343 3963.0 0
1700943707716 3963.0 0
1700943734185 3963.0 0
1700943760543 3963.0 0
1700943786928 3963.0 0
1700943813349 3963.0 0
1700943839930 3963.0 0
1700943866371 3963.0 0
1700943892765 3963.0 0
1700943919300 3963.0 0
1700943945618 3963.0 0
1700943971988 3963.0 0
1700943998370 3963.0 0
1700944024730 3963.0 0
1700944051152 3964.0 0
1700944077343 3964.0 0
1700944103836 3964.0 0
1700944130288 3963.0 0
1700944156786 3963.0 0
1700944183230 3963.0 0
1700944209789 3964.0 0
1700944236124 3964.0 0
1700944262462 3964.0 0
1700944288949 3963.0 0
1700944315321 3963.0 0
1700944342055 3963.0 0
1700944368458 3962.0 0
1700944395274 3962.0 0
1700944422889 3961.0 0
1700944452997 3961.0 0
1700944482788 3961.0 0
1700944513689 3961.0 0
1700944544702 3961.0 0
1700944573881 3961.0 0
1700944600281 3961.0 0
1700944626734 3962.0 0
1700944652965 3962.0 0
1700944679355 3962.0 0
1700944705741 3962.0 0
1700944732324 3962.0 0
1700944758872 3962.0 0
1700944785377 3962.0 0
1700944811888 3962.0 0
1700944838423 3961.0 0
1700944864822 3961.0 0
1700944891102 3961.0 0
1700944917477 3961.0 0
