1700930660164 0.0 0
1700930684279 0.0012309705838561059 0
1700930710936 0.0017711302265524865 0
1700930737391 -0.000853738933801651 0
1700930764348 -0.004512268491089344 0
1700930790923 -0.005360678769648075 0
1700930817758 -0.0006157189607620239 0
1700930844435 0.010523010417819023 0
1700930870949 0.027780510112643243 0
1700930897426 0.04984547197818756 0
1700930923864 0.07920217514038086 0
1700930950255 0.11492846012115479 0
1700930976675 0.15645804405212402 0
1700931003196 0.20472111701965331 0
1700931029668 0.2601936340332031 0
1700931056314 0.32265415191650393 0
1700931082655 0.39192905426025393 0
1700931109075 0.4679452896118164 0
1700931135153 0.5512210845947265 0
1700931161561 0.6400854110717773 0
1700931187944 0.7334007263183594 0
1700931214434 0.8333168029785156 0
1700931241007 0.9405414581298828 0
1700931267196 1.0560165405273438 0
1700931293591 1.1798492431640626 0
1700931319904 1.3084564208984375 0
1700931346314 1.44490966796875 0
1700931372476 1.590087890625 0
1700931398872 1.7413658142089843 0
1700931425211 1.902398681640625 0
1700931451660 2.06312255859375 0
1700931478016 2.234649658203125 0
1700931504705 2.4063644409179688 0
1700931531070 2.5781936645507812 0
1700931557648 2.7636566162109375 0
1700931584065 2.958050537109375 0
1700931610687 3.1455474853515626 0
1700931639364 3.3163360595703124 0
1700931670075 3.514984130859375 0
1700931700444 3.7448089599609373 0
1700931731808 3.9813323974609376 0
1700931763303 4.2170654296875 0
1700931791411 4.446221923828125 0
1700931817819 4.659295654296875 0
1700931844395 4.911065673828125 0
1700931870849 5.174322509765625 0
1700931897333 5.459942626953125 0
1700931923604 5.7342529296875 0
1700931949995 6.0029052734375 0
1700931976343 6.28768310546875 0
1700932002886 6.5682373046875 0
1700932029488 6.82562255859375 0
1700932055943 7.1176513671875 0
1700932082477 7.42799072265625 0
1700932108918 7.73575439453125 0
1700932135370 8.0491455078125 0
1700932161684 8.42340087890625 0
1700932188142 8.77288818359375 0
1700932214399 9.1028076171875 0
1700932240994 9.41375732421875 0
1700932267286 9.7363037109375 0
1700932293950 10.10577392578125 0
1700932320241 10.48941650390625 0
1700932347049 10.86240234375 0
1700932373416 11.199853515625 0
1700932399906 11.4984130859375 0
1700932426378 11.8002685546875 0
1700932452919 12.161572265625 0
1700932479845 12.5513916015625 0
1700932506841 12.904296875 0
1700932533419 13.2064453125 0
1700932559991 13.5368896484375 0
1700932586266 13.8300537109375 0
1700932612867 14.1325439453125 0
1700932639227 14.53046875 0
1700932665614 14.924169921875 0
1700932692165 15.35615234375 0
1700932718470 15.7779296875 0
1700932744996 16.2168212890625 0
1700932771592 16.672021484375 0
1700932797859 17.15947265625 0
1700932824615 17.641796875 0
1700932850972 18.04365234375 0
1700932877402 18.398095703125 0
1700932903859 18.796142578125 0
1700932930343 19.233251953125 0
1700932956969 19.66982421875 0
1700932983611 20.1275390625 0
1700933009899 20.561962890625 0
1700933036316 21.01533203125 0
1700933062736 21.486279296875 0
1700933089007 21.9154296875 0
1700933115404 22.368359375 0
1700933141821 22.762744140625 0
1700933168144 23.253466796875 0
1700933194616 23.8126953125 0
1700933220795 24.311962890625 0
1700933247307 24.658056640625 0
1700933273562 24.82412109375 0
1700933299892 24.92900390625 0
1700933326177 25.0453125 0
1700933352499 25.2333984375 0
1700933378941 25.29033203125 0
1700933405435 25.2953125 0
1700933431898 25.270703125 0
1700933458184 25.3072265625 0
1700933484584 25.4283203125 0
1700933510886 25.54013671875 0
1700933537297 25.4943359375 0
1700933563617 25.3708984375 0
1700933590399 25.29599609375 0
1700933616736 25.27060546875 0
1700933643183 25.290625 0
1700933669558 25.3123046875 0
1700933695762 25.18359375 0
1700933722133 25.096875 0
1700933748631 24.85966796875 0
1700933775240 24.67138671875 0
1700933801472 24.578125 0
1700933827760 24.5681640625 0
1700933854045 24.44833984375 0
1700933880431 24.3943359375 0
1700933906888 24.396484375 0
1700933933074 24.25859375 0
1700933961446 24.06748046875 0
1700933991107 23.87822265625 0
1700934020770 23.71201171875 0
1700934051435 23.45615234375 0
1700934081850 23.25751953125 0
1700934111155 23.11875 0
1700934138220 23.06748046875 0
1700934164386 23.0912109375 0
1700934190537 23.1037109375 0
1700934216696 23.011328125 0
1700934242644 22.89453125 0
1700934268947 22.7958984375 0
1700934295447 22.7587890625 0
1700934321665 22.7802734375 0
1700934348079 22.80234375 0
1700934374217 22.87421875 0
1700934400432 22.9505859375 0
1700934426860 22.959765625 0
1700934453191 23.0537109375 0
1700934479562 23.16953125 0
1700934506047 23.2572265625 0
1700934532463 23.259765625 0
1700934558775 23.2591796875 0
1700934585030 23.20859375 0
1700934611442 23.2734375 0
1700934637747 23.3734375 0
1700934664052 23.444140625 0
1700934690269 23.3939453125 0
1700934716549 23.4015625 0
1700934742919 23.5158203125 0
1700934769336 23.58828125 0
1700934795482 23.6818359375 0
1700934821678 23.665625 0
1700934848068 23.676953125 0
1700934874333 23.6576171875 0
1700934900664 23.7271484375 0
1700934927070 23.88515625 0
1700934953450 23.996484375 0
1700934979673 24.169140625 0
1700935005770 24.323828125 0
1700935032097 24.432421875 0
1700935058472 24.4361328125 0
1700935084727 24.5185546875 0
1700935111066 24.665625 0
1700935137262 24.89140625 0
1700935163782 25.116796875 0
1700935189794 25.303125 0
1700935216060 25.4208984375 0
1700935242366 25.5115234375 0
1700935268613 25.6291015625 0
1700935294766 25.8158203125 0
1700935320953 25.964453125 0
1700935347484 25.9541015625 0
1700935373797 26.0640625 0
1700935400311 26.0580078125 0
1700935426696 25.9998046875 0
1700935453116 26.14296875 0
1700935479323 26.2380859375 0
1700935505679 26.4103515625 0
1700935531792 26.549609375 0
1700935560438 26.665234375 0
1700935590282 26.78828125 0
1700935620515 26.9552734375 0
1700935650487 27.07578125 0
1700935681677 27.1853515625 0
1700935708997 27.2486328125 0
1700935735197 27.4091796875 0
1700935761368 27.649609375 0
1700935787665 27.8923828125 0
1700935814009 28.085546875 0
1700935840277 28.2279296875 0
1700935866665 28.33828125 0
1700935892967 28.455078125 0
1700935919282 28.540625 0
1700935945694 28.675390625 0
1700935971893 28.80859375 0
1700935998132 28.795703125 0
1700936024310 28.78515625 0
1700936050620 28.903125 0
1700936077708 29.087109375 0
1700936104083 29.248046875 0
1700936130225 29.32734375 0
1700936156273 29.363671875 0
1700936182291 29.436328125 0
1700936208360 29.378515625 0
1700936234438 29.389453125 0
1700936260770 29.65 0
1700936287257 29.86328125 0
1700936313475 30.03515625 0
1700936339519 30.199609375 0
1700936365899 30.3171875 0
1700936392154 30.45234375 0
1700936418448 30.717578125 0
1700936444549 30.991015625 0
1700936470958 31.118359375 0
1700936497138 31.182421875 0
1700936523265 31.316015625 0
1700936549542 31.496484375 0
1700936575823 31.559765625 0
1700936602090 31.574609375 0
1700936628382 31.551171875 0
1700936654816 31.629296875 0
1700936680947 31.834765625 0
1700936707057 32.110546875 0
1700936733151 32.301953125 0
1700936759604 32.559375 0
1700936786052 32.630859375 0
1700936812245 32.576953125 0
1700936838642 32.4828125 0
1700936864759 32.4921875 0
1700936891052 32.42890625 0
1700936917079 32.451953125 0
1700936943203 32.49609375 0
1700936969427 32.601171875 0
1700936995453 32.806640625 0
1700937021632 33.0078125 0
1700937048052 33.2921875 0
1700937074253 33.58125 0
1700937100475 33.860546875 0
1700937126925 34.157421875 0
1700937153237 34.48828125 0
1700937179359 34.738671875 0
1700937205710 35.0375 0
1700937231823 35.45703125 0
1700937257877 35.82109375 0
1700937284050 36.228125 0
1700937310275 36.61796875 0
1700937336540 36.96796875 0
1700937362708 37.3375 0
1700937388799 37.673046875 0
1700937415035 38.0546875 0
1700937441398 38.414453125 0
1700937467563 38.730078125 0
1700937493930 39.1203125 0
1700937520255 39.55 0
1700937546383 39.9046875 0
1700937572810 40.020703125 0
1700937599063 40.11640625 0
1700937625435 40.232421875 0
1700937651830 40.3671875 0
1700937678105 40.565625 0
1700937704231 40.82890625 0
1700937730438 41.144921875 0
1700937797712 41.25234375 0
1700937824174 40.641015625 0
1700937850855 39.94765625 0
1700937877359 39.423828125 0
1700937906445 38.994921875 0
1700937935430 38.673046875 0
1700937966387 38.38671875 0
1700937997216 38.098828125 0
1700938028178 37.79140625 0
1700938055807 37.491015625 0
1700938082511 37.141015625 0
1700938109098 36.73515625 0
1700938135402 36.310546875 0
1700938161974 35.9046875 0
1700938188432 35.525 0
1700938215124 35.1234375 0
1700938241480 34.76875 0
1700938268046 34.48203125 0
1700938294488 34.169921875 0
1700938320763 33.7578125 0
1700938347293 33.362890625 0
1700938373566 32.950390625 0
1700938400088 32.31953125 0
1700938426555 31.69296875 0
1700938452960 31.1921875 0
1700938479654 30.698046875 0
1700938505984 30.224609375 0
1700938532461 29.82421875 0
1700938559168 29.440625 0
1700938585667 29.05859375 0
1700938612236 28.57734375 0
1700938638762 28.121875 0
1700938665066 27.6890625 0
1700938691472 27.3640625 0
1700938717951 27.01640625 0
1700938744473 26.65625 0
1700938770847 26.28046875 0
1700938797228 25.85703125 0
1700938823836 25.34609375 0
1700938850201 24.7078125 0
1700938876701 24.17109375 0
1700938903414 23.6984375 0
1700938929729 23.29453125 0
1700938956124 22.88984375 0
1700938982556 22.6109375 0
1700939009326 22.28203125 0
1700939035787 21.91640625 0
1700939062510 21.5296875 0
1700939088836 21.203125 0
1700939115339 20.89140625 0
1700939141745 20.58984375 0
1700939168221 20.2578125 0
1700939194731 19.875 0
1700939221441 19.55390625 0
1700939247901 19.27734375 0
1700939274500 18.96171875 0
1700939301104 18.678125 0
1700939327666 18.36328125 0
1700939354146 18.053125 0
1700939380629 17.6921875 0
1700939407088 17.37421875 0
1700939433529 17.0515625 0
1700939460166 16.7671875 0
1700939486737 16.4671875 0
1700939513293 16.10234375 0
1700939540242 15.8078125 0
1700939566738 15.51640625 0
1700939593246 15.25 0
1700939619625 14.9609375 0
1700939647201 14.621875 0
1700939678631 14.2609375 0
1700939709186 13.96953125 0
1700939739401 13.6515625 0
1700939770305 13.28671875 0
1700939799671 12.94375 0
1700939826173 12.5890625 0
1700939852478 12.240625 0
1700939879120 11.846875 0
1700939905755 11.40546875 0
1700939932337 11.009375 0
1700939958827 10.70546875 0
1700939985269 10.3515625 0
1700940011854 10.009375 0
1700940038457 9.7 0
1700940064823 9.3265625 0
1700940091311 8.93515625 0
1700940117843 8.5171875 0
1700940144361 8.15 0
1700940170879 7.79296875 0
1700940197251 7.4078125 0
1700940223750 7.07890625 0
1700940250207 6.83828125 0
1700940276483 6.5625 0
1700940302818 6.15546875 0
1700940329212 5.76796875 0
1700940355793 5.4375 0
1700940382302 5.109375 0
1700940408766 4.71015625 0
1700940435441 4.3015625 0
1700940461873 3.84921875 0
1700940488295 3.38046875 0
1700940514554 2.97109375 0
1700940541130 2.60859375 0
1700940567670 2.2828125 0
1700940594000 1.93125 0
1700940620405 1.684375 0
1700940646724 1.42578125 0
1700940673366 1.13828125 0
1700940699877 0.87109375 0
1700940726368 0.63515625 0
1700940752681 0.4015625 0
1700940779018 0.15703125 0
1700940805491 -0.12578125 0
1700940831929 -0.48515625 0
1700940858762 -0.78515625 0
1700940885243 -1.0671875 0
1700940911745 -1.34609375 0
1700940938058 -1.60546875 0
1700940964634 -1.83515625 0
1700940991087 -2.0703125 0
1700941017397 -2.290625 0
1700941046146 -2.4828125 0
1700941077300 -2.6859375 0
1700941108428 -2.91328125 0
1700941139083 -3.14453125 0
1700941169632 -3.38203125 0
1700941197946 -3.6546875 0
1700941224608 -3.90078125 0
1700941251046 -4.1 0
1700941277441 -4.2890625 0
1700941303894 -4.5359375 0
1700941330234 -4.78359375 0
1700941356737 -4.99453125 0
1700941383124 -5.15859375 0
1700941409568 -5.340625 0
1700941436168 -5.54921875 0
1700941462672 -5.77734375 0
1700941489140 -5.9859375 0
1700941515784 -6.18671875 0
1700941542142 -6.3796875 0
1700941568454 -6.56953125 0
1700941594821 -6.78046875 0
1700941621300 -7.00859375 0
1700941647896 -7.2171875 0
1700941674225 -7.40546875 0
1700941700683 -7.60546875 0
1700941727013 -7.80703125 0
1700941753429 -7.9921875 0
1700941779704 -8.1921875 0
1700941806106 -8.384375 0
1700941832609 -8.59296875 0
1700941858758 -8.85234375 0
1700941885247 -9.08671875 0
1700941911606 -9.35 0
1700941938223 -9.67109375 0
1700941964762 -9.99453125 0
1700941991375 -10.27265625 0
1700942017886 -10.50625 0
1700942044310 -10.74140625 0
1700942070672 -10.98203125 0
1700942097086 -11.1546875 0
1700942123687 -11.3265625 0
1700942150261 -11.4734375 0
1700942176661 -11.61875 0
1700942202978 -11.80234375 0
1700942229490 -12.01484375 0
1700942255902 -12.2265625 0
1700942282342 -12.3890625 0
1700942308692 -12.5234375 0
1700942335162 -12.653125 0
1700942361594 -12.81484375 0
1700942388008 -12.96328125 0
1700942414582 -13.11875 0
1700942440999 -13.26875 0
1700942467308 -13.421875 0
1700942493744 -13.56484375 0
1700942519977 -13.68359375 0
1700942546534 -13.78359375 0
1700942572895 -13.88515625 0
1700942599290 -13.9890625 0
1700942626178 -14.09140625 0
1700942652904 -14.19140625 0
1700942682824 -14.290625 0
1700942712661 -14.38125 0
1700942742060 -14.4765625 0
1700942772278 -14.56484375 0
1700942803324 -14.65703125 0
1700942831754 -14.7125 0
1700942858177 -14.83984375 0
1700942884632 -14.975 0
1700942910920 -15.08671875 0
1700942937530 -15.1859375 0
1700942963770 -15.28046875 0
1700942990102 -15.415625 0
1700943016636 -15.51875 0
1700943043017 -15.62109375 0
1700943069670 -15.71328125 0
1700943095999 -15.80078125 0
1700943122502 -15.903125 0
1700943149051 -15.99375 0
1700943175435 -16.0765625 0
1700943201743 -16.159375 0
1700943228189 -16.23203125 0
1700943254546 -16.290625 0
1700943282135 -16.3421875 0
1700943308582 -16.3890625 0
1700943335043 -16.4328125 0
1700943361387 -16.484375 0
1700943387795 -16.52734375 0
1700943414226 -16.5734375 0
1700943441031 -16.62109375 0
1700943467354 -16.66171875 0
1700943494139 -16.703125 0
1700943520390 -16.74609375 0
1700943546859 -16.75234375 0
1700943573220 -16.790625 0
1700943599820 -16.90625 0
1700943626073 -16.99609375 0
1700943652325 -17.05859375 0
1700943678992 -17.1015625 0
1700943705336 -17.1265625 0
1700943731816 -17.19296875 0
1700943758196 -17.28046875 0
1700943784456 -17.32421875 0
1700943810896 -17.36484375 0
1700943837510 -17.400390625 0
1700943863960 -17.43984375 0
1700943890356 -17.481640625 0
1700943916912 -17.521484375 0
1700943943231 -17.544921875 0
1700943969545 -17.54296875 0
1700943995971 -17.54453125 0
1700944022327 -17.546875 0
1700944048730 -17.550390625 0
1700944074985 -17.558203125 0
1700944101445 -17.5453125 0
1700944127884 -17.55234375 0
1700944154384 -17.57109375 0
1700944180838 -17.581640625 0
1700944207455 -17.59140625 0
1700944233715 -17.595703125 0
1700944260092 -17.596484375 0
1700944286525 -17.5859375 0
1700944312966 -17.5734375 0
1700944339678 -17.545703125 0
1700944366103 -17.54765625 0
1700944392874 -17.580859375 0
1700944420430 -17.61875 0
1700944450494 -17.651171875 0
1700944480210 -17.689453125 0
1700944510788 -17.7109375 0
1700944542217 -17.708984375 0
1700944571315 -17.69609375 0
1700944597956 -17.67734375 0
1700944624321 -17.651171875 0
1700944650566 -17.626953125 0
1700944676877 -17.605859375 0
1700944703350 -17.5734375 0
1700944729975 -17.5484375 0
1700944756365 -17.510546875 0
1700944782858 -17.456640625 0
1700944809502 -17.419921875 0
1700944836074 -17.382421875 0
1700944862455 -17.3390625 0
1700944888705 -17.29921875 0
1700944915043 -17.253515625 0
