1700930660166 0.09942184388637543 0
1700930684281 0.9179837107658386 0
1700930710938 1.6085695028305054 0
1700930737394 1.9361928701400757 0
1700930764351 2.403442144393921 0
1700930790925 3.5589683055877686 0
1700930817760 5.144791603088379 0
1700930844438 6.903053283691406 0
1700930870951 8.747804641723633 0
1700930897428 10.621231079101562 0
1700930923867 12.53946590423584 0
1700930950257 14.50063705444336 0
1700930976678 16.489240646362305 0
1700931003199 18.49724769592285 0
1700931029670 20.524682998657227 0
1700931056316 22.569385528564453 0
1700931082658 24.62757682800293 0
1700931109077 26.695112228393555 0
1700931135155 28.770132064819336 0
1700931161563 30.849220275878906 0
1700931187946 32.925086975097656 0
1700931214437 34.995765686035156 0
1700931241009 37.063934326171875 0
1700931267199 39.13299560546875 0
1700931293593 41.20664596557617 0
1700931319906 43.28316116333008 0
1700931346316 45.36040115356445 0
1700931372478 47.440093994140625 0
1700931398875 49.522090911865234 0
1700931425213 51.60533142089844 0
1700931451662 53.688331604003906 0
1700931478018 55.76689147949219 0
1700931504707 57.84056854248047 0
1700931531072 59.903167724609375 0
1700931557650 61.953346252441406 0
1700931584068 64.00285339355469 0
1700931610690 66.04316711425781 0
1700931639367 68.06356048583984 0
1700931670077 70.06643676757812 0
1700931700446 72.06825256347656 0
1700931731810 74.08124542236328 0
1700931763305 76.10147094726562 0
1700931791413 78.12226104736328 0
1700931817821 80.13059997558594 0
1700931844397 82.13213348388672 0
1700931870851 84.13455963134766 0
1700931897335 86.14492797851562 0
1700931923606 88.16056060791016 0
1700931949997 90.17475128173828 0
1700931976345 92.18569946289062 0
1700932002888 94.19388580322266 0
1700932029490 96.18880462646484 0
1700932055945 98.17344665527344 0
1700932082479 100.15467834472656 0
1700932108921 102.13411712646484 0
1700932135373 104.11014556884766 0
1700932161686 106.09164428710938 0
1700932188144 108.08113098144531 0
1700932214401 110.07054138183594 0
1700932240997 112.05132293701172 0
1700932267288 114.01959991455078 0
1700932293952 115.98260498046875 0
1700932320244 117.94633483886719 0
1700932347051 119.91092681884766 0
1700932373418 121.86897277832031 0
1700932399909 123.81183624267578 0
1700932426379 125.73368835449219 0
1700932452922 127.64057159423828 0
1700932479847 129.5426483154297 0
1700932506843 131.43971252441406 0
1700932533421 133.32284545898438 0
1700932559994 135.1905059814453 0
1700932586268 137.04127502441406 0
1700932612869 138.87188720703125 0
1700932639229 140.69383239746094 0
1700932665616 142.51382446289062 0
1700932692167 144.3350372314453 0
1700932718473 146.1611328125 0
1700932744999 147.99012756347656 0
1700932771595 149.82371520996094 0
1700932797861 151.66427612304688 0
1700932824617 153.51231384277344 0
1700932850974 155.3614501953125 0
1700932877405 157.20050048828125 0
1700932903861 159.02796936035156 0
1700932930345 160.8492431640625 0
1700932956971 162.66555786132812 0
1700932983613 164.479248046875 0
1700933009901 166.28961181640625 0
1700933036318 168.09603881835938 0
1700933062738 169.90057373046875 0
1700933089009 171.70091247558594 0
1700933115406 173.49595642089844 0
1700933141823 175.2836151123047 0
1700933168146 177.06472778320312 0
1700933194618 178.8479766845703 0
1700933220796 180.63409423828125 0
1700933247310 182.41342163085938 0
1700933273564 184.16876220703125 0
1700933299895 185.88954162597656 0
1700933326179 187.5714111328125 0
1700933352501 189.22125244140625 0
1700933378943 190.8379364013672 0
1700933405437 192.41648864746094 0
1700933431900 193.95579528808594 0
1700933458186 195.4574737548828 0
1700933484587 196.93035888671875 0
1700933510888 198.37997436523438 0
1700933537300 199.8029022216797 0
1700933563619 201.19102478027344 0
1700933590401 202.54432678222656 0
1700933616739 203.8670196533203 0
1700933643186 205.16444396972656 0
1700933669560 206.4403839111328 0
1700933695764 207.69140625 0
1700933722135 208.91546630859375 0
1700933748633 210.1090087890625 0
1700933775242 211.26959228515625 0
1700933801474 212.402099609375 0
1700933827762 213.51405334472656 0
1700933854047 214.60617065429688 0
1700933880433 215.67840576171875 0
1700933906891 216.7353515625 0
1700933933076 217.77609252929688 0
1700933961448 218.79502868652344 0
1700933991108 219.79052734375 0
1700934020772 220.76417541503906 0
1700934051437 221.71408081054688 0
1700934081852 222.64016723632812 0
1700934111157 223.5455780029297 0
1700934138222 224.43565368652344 0
1700934164389 225.3159942626953 0
1700934190539 226.18959045410156 0
1700934216698 227.05462646484375 0
1700934242646 227.90753173828125 0
1700934268949 228.74822998046875 0
1700934295449 229.57785034179688 0
1700934321667 230.40103149414062 0
1700934348080 231.2187957763672 0
1700934374220 232.0338592529297 0
1700934400434 232.8478546142578 0
1700934426862 233.65972900390625 0
1700934453193 234.46975708007812 0
1700934479564 235.2806854248047 0
1700934506049 236.09283447265625 0
1700934532465 236.90367126464844 0
1700934558777 237.71075439453125 0
1700934585033 238.51193237304688 0
1700934611444 239.30909729003906 0
1700934637749 240.1053466796875 0
1700934664054 240.90191650390625 0
1700934690271 241.6958770751953 0
1700934716551 242.48411560058594 0
1700934742921 243.2715301513672 0
1700934769339 244.05909729003906 0
1700934795484 244.84765625 0
1700934821680 245.6345977783203 0
1700934848070 246.41815185546875 0
1700934874335 247.19772338867188 0
1700934900666 247.97422790527344 0
1700934927072 248.75230407714844 0
1700934953452 249.53341674804688 0
1700934979675 250.3184356689453 0
1700935005771 251.10855102539062 0
1700935032099 251.90289306640625 0
1700935058475 252.6971435546875 0
1700935084729 253.49058532714844 0
1700935111068 254.28575134277344 0
1700935137264 255.08639526367188 0
1700935163784 255.8949432373047 0
1700935189796 256.7111511230469 0
1700935216062 257.5325927734375 0
1700935242368 258.3564758300781 0
1700935268616 259.1822814941406 0
1700935294768 260.011962890625 0
1700935320955 260.8466796875 0
1700935347486 261.6815490722656 0
1700935373800 262.5159912109375 0
1700935400313 263.3492126464844 0
1700935426698 264.17669677734375 0
1700935453118 265.0023193359375 0
1700935479325 265.8286437988281 0
1700935505681 266.6577453613281 0
1700935531794 267.4908142089844 0
1700935560440 268.3267517089844 0
1700935590284 269.16522216796875 0
1700935620517 270.0072326660156 0
1700935650489 270.8527526855469 0
1700935681679 271.7008972167969 0
1700935708999 272.54937744140625 0
1700935735199 273.39959716796875 0
1700935761370 274.25531005859375 0
1700935787667 275.1188659667969 0
1700935814011 275.9897766113281 0
1700935840279 276.8660583496094 0
1700935866667 277.7451171875 0
1700935892969 278.6263122558594 0
1700935919284 279.508544921875 0
1700935945696 280.39154052734375 0
1700935971895 281.2775573730469 0
1700935998134 282.162353515625 0
1700936024312 283.042724609375 0
1700936050622 283.9211120605469 0
1700936077710 284.801513671875 0
1700936104086 285.6857604980469 0
1700936130227 286.5718688964844 0
1700936156275 287.45751953125 0
1700936182294 288.34173583984375 0
1700936208362 289.2225646972656 0
1700936234440 290.0972900390625 0
1700936260773 290.97369384765625 0
1700936287259 291.85595703125 0
1700936313477 292.7435302734375 0
1700936339521 293.635986328125 0
1700936365902 294.53131103515625 0
1700936392156 295.4286193847656 0
1700936418450 296.3313903808594 0
1700936444551 297.2421875 0
1700936470960 298.15948486328125 0
1700936497141 299.07757568359375 0
1700936523267 299.9966735839844 0
1700936549544 300.91864013671875 0
1700936575826 301.8419189453125 0
1700936602092 302.7634582519531 0
1700936628384 303.6803894042969 0
1700936654818 304.5936584472656 0
1700936680950 305.50811767578125 0
1700936707059 306.4283752441406 0
1700936733153 307.3549499511719 0
1700936759606 308.2880859375 0
1700936786053 309.2254333496094 0
1700936812247 310.16033935546875 0
1700936838644 311.08795166015625 0
1700936864762 312.0089111328125 0
1700936891055 312.9234924316406 0
1700936917081 313.8322448730469 0
1700936943205 314.73736572265625 0
1700936969429 315.64056396484375 0
1700936995455 316.5461730957031 0
1700937021634 317.4559020996094 0
1700937048054 318.3723449707031 0
1700937074255 319.2976379394531 0
1700937100477 320.23193359375 0
1700937126927 321.1754455566406 0
1700937153239 322.1292724609375 0
1700937179361 323.0926208496094 0
1700937205712 324.06396484375 0
1700937231825 325.0471496582031 0
1700937257880 326.0433654785156 0
1700937284052 327.052734375 0
1700937310278 328.0757141113281 0
1700937336542 329.1109619140625 0
1700937362710 330.1579284667969 0
1700937388801 331.2157287597656 0
1700937415037 332.28448486328125 0
1700937441400 333.364501953125 0
1700937467565 334.4541320800781 0
1700937493932 335.5535888671875 0
1700937520257 336.6651306152344 0
1700937546385 337.7880859375 0
1700937572813 338.9164123535156 0
1700937599065 340.0434875488281 0
1700937625437 341.1683654785156 0
1700937651833 342.2911682128906 0
1700937678107 343.41302490234375 0
1700937704233 344.5372009277344 0
1700937730440 345.66595458984375 0
1700937797714 346.79864501953125 0
1700937824176 347.9153137207031 0
1700937850857 348.99951171875 0
1700937877361 350.0503845214844 0
1700937906448 351.071533203125 0
1700937935432 352.0682678222656 0
1700937966389 353.0442199707031 0
1700937997218 354.001708984375 0
1700938028180 354.9408874511719 0
1700938055809 355.8625793457031 0
1700938082512 356.7661437988281 0
1700938109100 357.650390625 0
1700938135404 358.513916015625 0
1700938161977 359.3570861816406 0
1700938188434 360.1808166503906 0
1700938215125 360.9857177734375 0
1700938241482 361.7724914550781 0
1700938268048 362.54351806640625 0
1700938294490 363.3002624511719 0
1700938320765 364.0411071777344 0
1700938347295 364.76495361328125 0
1700938373568 365.4721374511719 0
1700938400090 366.1590270996094 0
1700938426557 366.82220458984375 0
1700938452962 367.4635009765625 0
1700938479656 368.08502197265625 0
1700938505986 368.6878356933594 0
1700938532463 369.27398681640625 0
1700938559170 369.84515380859375 0
1700938585669 370.4023742675781 0
1700938612238 370.9445495605469 0
1700938638764 371.47125244140625 0
1700938665068 371.9822082519531 0
1700938691474 372.48028564453125 0
1700938717953 372.96661376953125 0
1700938744475 373.44140625 0
1700938770850 373.90447998046875 0
1700938797230 374.35528564453125 0
1700938823839 374.7922668457031 0
1700938850203 375.2123107910156 0
1700938876704 375.6152648925781 0
1700938903416 376.0027770996094 0
1700938929732 376.376953125 0
1700938956126 376.739013671875 0
1700938982558 377.0910949707031 0
1700939009328 377.4345397949219 0
1700939035789 377.7685241699219 0
1700939062512 378.0926818847656 0
1700939088838 378.4073486328125 0
1700939115341 378.71356201171875 0
1700939141747 379.0118103027344 0
1700939168223 379.3020935058594 0
1700939194733 379.5836181640625 0
1700939221443 379.8564147949219 0
1700939247904 380.1217956542969 0
1700939274502 380.37994384765625 0
1700939301106 380.6310119628906 0
1700939327668 380.8752136230469 0
1700939354148 381.1121520996094 0
1700939380632 381.34161376953125 0
1700939407090 381.5634765625 0
1700939433531 381.7781982421875 0
1700939460168 381.986083984375 0
1700939486739 382.1877136230469 0
1700939513295 382.3822937011719 0
1700939540244 382.570068359375 0
1700939566740 382.75164794921875 0
1700939593248 382.9273986816406 0
1700939619628 383.09759521484375 0
1700939647204 383.26171875 0
1700939678633 383.41912841796875 0
1700939709188 383.5702819824219 0
1700939739403 383.7155456542969 0
1700939770307 383.8545837402344 0
1700939799673 383.9873352050781 0
1700939826175 384.1137390136719 0
1700939852480 384.2339782714844 0
1700939879122 384.34796142578125 0
1700939905757 384.45501708984375 0
1700939932340 384.5552062988281 0
1700939958829 384.64959716796875 0
1700939985272 384.73876953125 0
1700940011857 384.8225402832031 0
1700940038460 384.9015197753906 0
1700940064825 384.9756164550781 0
1700940091313 385.0444641113281 0
1700940117845 385.10797119140625 0
1700940144363 385.1662902832031 0
1700940170881 385.2200012207031 0
1700940197253 385.2691650390625 0
1700940223753 385.3141174316406 0
1700940250209 385.35577392578125 0
1700940276485 385.39447021484375 0
1700940302820 385.4296569824219 0
1700940329214 385.46112060546875 0
1700940355795 385.4891052246094 0
1700940382304 385.51409912109375 0
1700940408768 385.53594970703125 0
1700940435443 385.5547180175781 0
1700940461876 385.5704345703125 0
1700940488298 385.5830993652344 0
1700940514556 385.5931396484375 0
1700940541133 385.6009826660156 0
1700940567673 385.6070861816406 0
1700940594002 385.6116943359375 0
1700940620407 385.6151428222656 0
1700940646726 385.61773681640625 0
1700940673368 385.61956787109375 0
1700940699880 385.62078857421875 0
1700940726370 385.62152099609375 0
1700940752683 385.6219177246094 0
1700940779020 385.62213134765625 0
1700940805493 385.62213134765625 0
1700940831931 385.6221923828125 0
1700940858764 385.6225280761719 0
1700940885245 385.6232604980469 0
1700940911746 385.62451171875 0
1700940938060 385.62640380859375 0
1700940964637 385.62908935546875 0
1700940991089 385.6325378417969 0
1700941017399 385.6369323730469 0
1700941046148 385.64227294921875 0
1700941077302 385.64862060546875 0
1700941108430 385.6561584472656 0
1700941139085 385.6650085449219 0
1700941169633 385.6754150390625 0
1700941197949 385.6876220703125 0
1700941224610 385.7018127441406 0
1700941251048 385.7178955078125 0
1700941277443 385.7358093261719 0
1700941303897 385.75579833984375 0
1700941330236 385.77825927734375 0
1700941356739 385.8032531738281 0
1700941383126 385.8304748535156 0
1700941409570 385.85992431640625 0
1700941436171 385.8918762207031 0
1700941462674 385.926513671875 0
1700941489142 385.9642028808594 0
1700941515787 386.00494384765625 0
1700941542144 386.0487365722656 0
1700941568456 386.09588623046875 0
1700941594823 386.1462707519531 0
1700941621302 386.200439453125 0
1700941647899 386.258544921875 0
1700941674227 386.3205871582031 0
1700941700685 386.3865051269531 0
1700941727015 386.4566650390625 0
1700941753431 386.5309753417969 0
1700941779706 386.6097106933594 0
1700941806108 386.6930236816406 0
1700941832612 386.7809753417969 0
1700941858761 386.8746643066406 0
1700941885249 386.9744567871094 0
1700941911608 387.08074951171875 0
1700941938225 387.1947021484375 0
1700941964764 387.3177490234375 0
1700941991377 387.4494323730469 0
1700942017889 387.58966064453125 0
1700942044312 387.7378845214844 0
1700942070674 387.8945617675781 0
1700942097088 388.0589599609375 0
1700942123689 388.2304992675781 0
1700942150263 388.4088439941406 0
1700942176664 388.5935974121094 0
1700942202980 388.785400390625 0
1700942229492 388.9853820800781 0
1700942255904 389.19427490234375 0
1700942282344 389.4120178222656 0
1700942308694 389.6375427246094 0
1700942335165 389.87042236328125 0
1700942361596 390.1110534667969 0
1700942388010 390.3598937988281 0
1700942414584 390.61712646484375 0
1700942441002 390.883056640625 0
1700942467311 391.1578674316406 0
1700942493746 391.44171142578125 0
1700942519979 391.734130859375 0
1700942546536 392.034423828125 0
1700942572897 392.3424377441406 0
1700942599292 392.658203125 0
1700942626180 392.9818420410156 0
1700942652906 393.3134765625 0
1700942682827 393.6532287597656 0
1700942712663 394.0010681152344 0
1700942742062 394.3570556640625 0
1700942772280 394.7212219238281 0
1700942803326 395.0937194824219 0
1700942831756 395.47406005859375 0
1700942858180 395.8628845214844 0
1700942884634 396.2623291015625 0
1700942910922 396.6725769042969 0
1700942937532 397.09326171875 0
1700942963773 397.5238952636719 0
1700942990104 397.9657287597656 0
1700943016639 398.4190673828125 0
1700943043019 398.88360595703125 0
1700943069672 399.359130859375 0
1700943096001 399.8454284667969 0
1700943122504 400.3428955078125 0
1700943149054 400.85186767578125 0
1700943175437 401.3722229003906 0
1700943201745 401.9036865234375 0
1700943228192 402.44622802734375 0
1700943254548 402.9993896484375 0
1700943282137 403.5625 0
1700943308584 404.13531494140625 0
1700943335045 404.717529296875 0
1700943361388 405.3094177246094 0
1700943387797 405.9111633300781 0
1700943414229 406.522705078125 0
1700943441033 407.14434814453125 0
1700943467356 407.7760925292969 0
1700943494142 408.4178161621094 0
1700943520392 409.0699157714844 0
1700943546861 409.73138427734375 0
1700943573222 410.4012756347656 0
1700943599822 411.0844421386719 0
1700943626076 411.7827453613281 0
1700943652327 412.4954528808594 0
1700943678994 413.2210693359375 0
1700943705338 413.9580078125 0
1700943731818 414.7070007324219 0
1700943758198 415.4707336425781 0
1700943784458 416.24884033203125 0
1700943810898 417.0400085449219 0
1700943837512 417.8435974121094 0
1700943863962 418.6596984863281 0
1700943890358 419.4885559082031 0
1700943916915 420.3304443359375 0
1700943943233 421.18487548828125 0
1700943969548 422.0500183105469 0
1700943995973 422.92486572265625 0
1700944022329 423.8094482421875 0
1700944048732 424.7037048339844 0
1700944074988 425.6080017089844 0
1700944101447 426.5218200683594 0
1700944127886 427.445068359375 0
1700944154386 428.3792724609375 0
1700944180840 429.3249206542969 0
1700944207457 430.28192138671875 0
1700944233717 431.2500305175781 0
1700944260094 432.22894287109375 0
1700944286527 433.218017578125 0
1700944312969 434.2165222167969 0
1700944339680 435.22320556640625 0
1700944366105 436.2389831542969 0
1700944392875 437.26708984375 0
1700944420433 438.3100280761719 0
1700944450496 439.3682556152344 0
1700944480212 440.44244384765625 0
1700944510790 441.5325622558594 0
1700944542219 442.6361999511719 0
1700944571317 443.7513732910156 0
1700944597959 444.8768615722656 0
1700944624322 446.01153564453125 0
1700944650568 447.1549072265625 0
1700944676879 448.30731201171875 0
1700944703352 449.4679870605469 0
1700944729977 450.6371154785156 0
1700944756367 451.81439208984375 0
1700944782860 452.9977111816406 0
1700944809504 454.1871337890625 0
1700944836076 455.38348388671875 0
1700944862457 456.5865783691406 0
1700944888707 457.79632568359375 0
1700944915044 459.0127258300781 0
