1700930660166 0.09999923408031464 0
1700930684280 0.9701099395751953 0
1700930710938 1.8144525289535522 0
1700930737393 2.210930585861206 0
1700930764350 1.835882306098938 0
1700930790924 0.781431257724762 0
1700930817759 -0.6226587295532227 0
1700930844437 -2.1794631481170654 0
1700930870950 -3.804574966430664 0
1700930897427 -5.445601940155029 0
1700930923866 -7.104225158691406 0
1700930950257 -8.780513763427734 0
1700930976677 -10.466997146606445 0
1700931003198 -12.159177780151367 0
1700931029669 -13.857094764709473 0
1700931056316 -15.56009292602539 0
1700931082657 -17.266666412353516 0
1700931109077 -18.974979400634766 0
1700931135154 -20.684179306030273 0
1700931161562 -22.392763137817383 0
1700931187945 -24.097257614135742 0
1700931214436 -25.79644012451172 0
1700931241009 -27.49140167236328 0
1700931267198 -29.18378448486328 0
1700931293593 -30.87553596496582 0
1700931319905 -32.56625747680664 0
1700931346315 -34.25518798828125 0
1700931372478 -35.94321823120117 0
1700931398874 -37.63047790527344 0
1700931425213 -39.316627502441406 0
1700931451661 -41.00119400024414 0
1700931478017 -42.68229675292969 0
1700931504707 -44.35972595214844 0
1700931531071 -46.03069305419922 0
1700931557650 -47.69435119628906 0
1700931584067 -49.355735778808594 0
1700931610689 -51.01130676269531 0
1700931639366 -52.656333923339844 0
1700931670076 -54.29149627685547 0
1700931700445 -55.9237174987793 0
1700931731809 -57.558597564697266 0
1700931763304 -59.194881439208984 0
1700931791412 -60.829978942871094 0
1700931817820 -62.45841598510742 0
1700931844397 -64.0823745727539 0
1700931870850 -65.70516204833984 0
1700931897334 -67.3299331665039 0
1700931923605 -68.955810546875 0
1700931949996 -70.58013916015625 0
1700931976344 -72.20211029052734 0
1700932002887 -73.82196807861328 0
1700932029490 -75.43526458740234 0
1700932055944 -77.04304504394531 0
1700932082478 -78.64815521240234 0
1700932108920 -80.25132751464844 0
1700932135372 -81.85194396972656 0
1700932161686 -83.4537353515625 0
1700932188144 -85.05796813964844 0
1700932214400 -86.66144561767578 0
1700932240996 -88.26055908203125 0
1700932267288 -89.85357666015625 0
1700932293951 -91.44339752197266 0
1700932320243 -93.03253936767578 0
1700932347050 -94.62115478515625 0
1700932373418 -96.2061996459961 0
1700932399908 -97.78399658203125 0
1700932426379 -99.3519058227539 0
1700932452921 -100.91224670410156 0
1700932479846 -102.4692153930664 0
1700932506842 -104.02281188964844 0
1700932533420 -105.56925964355469 0
1700932559993 -107.10781860351562 0
1700932586268 -108.6377944946289 0
1700932612868 -110.15768432617188 0
1700932639229 -111.67223358154297 0
1700932665615 -113.18437194824219 0
1700932692167 -114.69551086425781 0
1700932718472 -116.20730590820312 0
1700932744998 -117.71903991699219 0
1700932771594 -119.23152160644531 0
1700932797861 -120.74584197998047 0
1700932824617 -122.2623062133789 0
1700932850973 -123.77838134765625 0
1700932877404 -125.28936004638672 0
1700932903861 -126.79454803466797 0
1700932930345 -128.29615783691406 0
1700932956970 -129.79470825195312 0
1700932983612 -131.29119873046875 0
1700933009900 -132.7853546142578 0
1700933036317 -134.27691650390625 0
1700933062738 -135.7667999267578 0
1700933089008 -137.25399780273438 0
1700933115405 -138.7380828857422 0
1700933141822 -140.21817016601562 0
1700933168145 -141.694580078125 0
1700933194618 -143.1709747314453 0
1700933220796 -144.6477508544922 0
1700933247309 -146.1208953857422 0
1700933273563 -147.58302307128906 0
1700933299894 -149.0294952392578 0
1700933326178 -150.45806884765625 0
1700933352500 -151.87144470214844 0
1700933378943 -153.26890563964844 0
1700933405436 -154.64810180664062 0
1700933431899 -156.0082550048828 0
1700933458186 -157.34986877441406 0
1700933484586 -158.6767120361328 0
1700933510888 -159.9912567138672 0
1700933537299 -161.29183959960938 0
1700933563618 -162.5745849609375 0
1700933590401 -163.83932495117188 0
1700933616738 -165.08795166015625 0
1700933643185 -166.32290649414062 0
1700933669560 -167.54591369628906 0
1700933695763 -168.75527954101562 0
1700933722135 -169.94996643066406 0
1700933748632 -171.1280975341797 0
1700933775241 -172.28836059570312 0
1700933801474 -173.43307495117188 0
1700933827761 -174.56600952148438 0
1700933854047 -175.68748474121094 0
1700933880433 -176.79747009277344 0
1700933906890 -177.8983154296875 0
1700933933076 -178.989501953125 0
1700933961447 -180.06808471679688 0
1700933991108 -181.1331329345703 0
1700934020771 -182.1854705810547 0
1700934051436 -183.2239532470703 0
1700934081852 -184.2484893798828 0
1700934111157 -185.26075744628906 0
1700934138221 -186.26365661621094 0
1700934164388 -187.2603759765625 0
1700934190539 -188.2525634765625 0
1700934216698 -189.23924255371094 0
1700934242646 -190.21835327148438 0
1700934268949 -191.1898193359375 0
1700934295448 -192.15432739257812 0
1700934321666 -193.1145477294922 0
1700934348080 -194.0710906982422 0
1700934374219 -195.0255584716797 0
1700934400433 -195.9789276123047 0
1700934426861 -196.93055725097656 0
1700934453193 -197.8806610107422 0
1700934479563 -198.83082580566406 0
1700934506048 -199.78125 0
1700934532464 -200.73043823242188 0
1700934558776 -201.67701721191406 0
1700934585032 -202.6197052001953 0
1700934611444 -203.5596160888672 0
1700934637749 -204.4986572265625 0
1700934664053 -205.43746948242188 0
1700934690270 -206.37437438964844 0
1700934716551 -207.3075408935547 0
1700934742921 -208.23985290527344 0
1700934769338 -209.17190551757812 0
1700934795483 -210.10421752929688 0
1700934821680 -211.03521728515625 0
1700934848069 -211.96389770507812 0
1700934874334 -212.88990783691406 0
1700934900666 -213.8137969970703 0
1700934927071 -214.73831176757812 0
1700934953452 -215.66432189941406 0
1700934979675 -216.5923309326172 0
1700935005771 -217.52304077148438 0
1700935032098 -218.45591735839844 0
1700935058474 -219.38844299316406 0
1700935084729 -220.32017517089844 0
1700935111068 -221.25262451171875 0
1700935137263 -222.18795776367188 0
1700935163784 -223.12754821777344 0
1700935189795 -224.07122802734375 0
1700935216061 -225.01760864257812 0
1700935242367 -225.9650421142578 0
1700935268615 -226.91326904296875 0
1700935294768 -227.86337280273438 0
1700935320954 -228.81602478027344 0
1700935347485 -229.7683868408203 0
1700935373799 -230.7201690673828 0
1700935400313 -231.6709747314453 0
1700935426697 -232.61817932128906 0
1700935453118 -233.5640106201172 0
1700935479325 -234.50991821289062 0
1700935505681 -235.4571533203125 0
1700935531794 -236.40631103515625 0
1700935560440 -237.35682678222656 0
1700935590284 -238.3084259033203 0
1700935620516 -239.2617645263672 0
1700935650488 -240.21669006347656 0
1700935681678 -241.1728057861328 0
1700935708998 -242.12887573242188 0
1700935735199 -243.08558654785156 0
1700935761369 -244.0450897216797 0
1700935787666 -245.00863647460938 0
1700935814010 -245.97601318359375 0
1700935840279 -246.9459991455078 0
1700935866667 -247.91720581054688 0
1700935892969 -248.88926696777344 0
1700935919283 -249.86160278320312 0
1700935945696 -250.8340301513672 0
1700935971895 -251.80780029296875 0
1700935998133 -252.78053283691406 0
1700936024312 -253.7505645751953 0
1700936050621 -254.71920776367188 0
1700936077710 -255.68870544433594 0
1700936104085 -256.6600036621094 0
1700936130226 -257.6319885253906 0
1700936156275 -258.60345458984375 0
1700936182293 -259.5738525390625 0
1700936208362 -260.5421447753906 0
1700936234439 -261.5067443847656 0
1700936260772 -262.4720458984375 0
1700936287258 -263.4403991699219 0
1700936313476 -264.41131591796875 0
1700936339521 -265.3846435546875 0
1700936365901 -266.3592834472656 0
1700936392156 -267.334716796875 0
1700936418449 -268.31280517578125 0
1700936444551 -269.2948913574219 0
1700936470959 -270.2802734375 0
1700936497140 -271.2657775878906 0
1700936523266 -272.2515869140625 0
1700936549543 -273.2386474609375 0
1700936575825 -274.2261047363281 0
1700936602091 -275.21240234375 0
1700936628383 -276.19598388671875 0
1700936654817 -277.1773376464844 0
1700936680949 -278.1590576171875 0
1700936707059 -279.14361572265625 0
1700936733152 -280.1313171386719 0
1700936759606 -281.12225341796875 0
1700936786053 -282.11517333984375 0
1700936812246 -283.10650634765625 0
1700936838644 -284.09375 0
1700936864761 -285.0771789550781 0
1700936891054 -286.05694580078125 0
1700936917080 -287.033447265625 0
1700936943204 -288.00775146484375 0
1700936969429 -288.9808044433594 0
1700936995455 -289.9549560546875 0
1700937021633 -290.9311218261719 0
1700937048053 -291.91064453125 0
1700937074254 -292.8946838378906 0
1700937100476 -293.88330078125 0
1700937126927 -294.87646484375 0
1700937153238 -295.87481689453125 0
1700937179360 -296.8779296875 0
1700937205712 -297.88494873046875 0
1700937231824 -298.8978576660156 0
1700937257879 -299.9171447753906 0
1700937284052 -300.94293212890625 0
1700937310277 -301.9754333496094 0
1700937336541 -303.0137939453125 0
1700937362709 -304.0578308105469 0
1700937388801 -305.10699462890625 0
1700937415036 -306.161376953125 0
1700937441399 -307.2210388183594 0
1700937467564 -308.2851867675781 0
1700937493931 -309.3539123535156 0
1700937520256 -310.4283142089844 0
1700937546384 -311.50799560546875 0
1700937572812 -312.5900573730469 0
1700937599065 -313.6712951660156 0
1700937625436 -314.7513122558594 0
1700937651832 -315.83013916015625 0
1700937678106 -316.90838623046875 0
1700937704232 -317.98748779296875 0
1700937730440 -319.068603515625 0
1700937797713 -320.15142822265625 0
1700937824175 -321.226318359375 0
1700937850857 -322.2852478027344 0
1700937877361 -323.3275146484375 0
1700937906447 -324.3547668457031 0
1700937935431 -325.3694763183594 0
1700937966388 -326.3734436035156 0
1700937997217 -327.36773681640625 0
1700938028180 -328.3523254394531 0
1700938055808 -329.3275146484375 0
1700938082512 -330.29296875 0
1700938109100 -331.2479248046875 0
1700938135403 -332.1915588378906 0
1700938161976 -333.1239318847656 0
1700938188434 -334.0454406738281 0
1700938215125 -334.9563903808594 0
1700938241482 -335.8569641113281 0
1700938268048 -336.74853515625 0
1700938294489 -337.6318664550781 0
1700938320764 -338.5059509277344 0
1700938347294 -339.3699951171875 0
1700938373567 -340.22418212890625 0
1700938400089 -341.06610107421875 0
1700938426556 -341.8935241699219 0
1700938452961 -342.7073059082031 0
1700938479656 -343.5086975097656 0
1700938505986 -344.2982177734375 0
1700938532463 -345.0770568847656 0
1700938559169 -345.84625244140625 0
1700938585669 -346.6062927246094 0
1700938612237 -347.3562927246094 0
1700938638763 -348.0959167480469 0
1700938665067 -348.8247985839844 0
1700938691474 -349.5448303222656 0
1700938717952 -350.2568054199219 0
1700938744474 -350.96075439453125 0
1700938770849 -351.6564025878906 0
1700938797229 -352.3432312011719 0
1700938823838 -353.0198974609375 0
1700938850203 -353.6838684082031 0
1700938876703 -354.3346862792969 0
1700938903416 -354.9735412597656 0
1700938929731 -355.6019592285156 0
1700938956126 -356.220703125 0
1700938982557 -356.83148193359375 0
1700939009328 -357.4352722167969 0
1700939035788 -358.0315246582031 0
1700939062512 -358.6194763183594 0
1700939088837 -359.1994934082031 0
1700939115340 -359.7723083496094 0
1700939141747 -360.3382568359375 0
1700939168222 -360.8973083496094 0
1700939194732 -361.4486083984375 0
1700939221442 -361.9919128417969 0
1700939247903 -362.5285339355469 0
1700939274502 -363.0584716796875 0
1700939301105 -363.58184814453125 0
1700939327667 -364.0986633300781 0
1700939354147 -364.60845947265625 0
1700939380631 -365.11090087890625 0
1700939407090 -365.6056823730469 0
1700939433531 -366.0931701660156 0
1700939460167 -366.5736083984375 0
1700939486738 -367.04742431640625 0
1700939513294 -367.513671875 0
1700939540244 -367.972412109375 0
1700939566740 -368.4241638183594 0
1700939593247 -368.8694152832031 0
1700939619627 -369.308349609375 0
1700939647203 -369.7401428222656 0
1700939678632 -370.1636657714844 0
1700939709187 -370.5794677734375 0
1700939739403 -370.9878845214844 0
1700939770306 -371.3880920410156 0
1700939799672 -371.7797546386719 0
1700939826174 -372.1628112792969 0
1700939852479 -372.5370178222656 0
1700939879121 -372.90203857421875 0
1700939905757 -373.2564697265625 0
1700939932339 -373.6000671386719 0
1700939958829 -373.93426513671875 0
1700939985271 -374.2597351074219 0
1700940011856 -374.575927734375 0
1700940038459 -374.8835144042969 0
1700940064824 -375.1820373535156 0
1700940091313 -375.470458984375 0
1700940117845 -375.7480163574219 0
1700940144363 -376.0146484375 0
1700940170881 -376.27105712890625 0
1700940197252 -376.5168762207031 0
1700940223752 -376.7524108886719 0
1700940250208 -376.97955322265625 0
1700940276484 -377.19927978515625 0
1700940302820 -377.4091491699219 0
1700940329214 -377.6080322265625 0
1700940355795 -377.796142578125 0
1700940382304 -377.9742431640625 0
1700940408767 -378.1413269042969 0
1700940435443 -378.2965393066406 0
1700940461875 -378.4385070800781 0
1700940488297 -378.5660705566406 0
1700940514555 -378.6795959472656 0
1700940541132 -378.780029296875 0
1700940567672 -378.8688659667969 0
1700940594002 -378.9461669921875 0
1700940620407 -379.0131530761719 0
1700940646725 -379.0712890625 0
1700940673368 -379.12005615234375 0
1700940699879 -379.1592712402344 0
1700940726369 -379.1896667480469 0
1700940752682 -379.2117004394531 0
1700940779019 -379.2251281738281 0
1700940805492 -379.22943115234375 0
1700940831930 -379.2226867675781 0
1700940858763 -379.2040710449219 0
1700940885245 -379.1745300292969 0
1700940911746 -379.1341247558594 0
1700940938060 -379.0833740234375 0
1700940964636 -379.0227966308594 0
1700940991089 -378.9530944824219 0
1700941017399 -378.8740234375 0
1700941046147 -378.7864990234375 0
1700941077301 -378.6908264160156 0
1700941108429 -378.5863037109375 0
1700941139084 -378.47247314453125 0
1700941169633 -378.3489990234375 0
1700941197948 -378.21502685546875 0
1700941224609 -378.0700378417969 0
1700941251047 -377.9151611328125 0
1700941277442 -377.7513122558594 0
1700941303896 -377.5776672363281 0
1700941330235 -377.3933410644531 0
1700941356739 -377.1983947753906 0
1700941383125 -376.9942932128906 0
1700941409570 -376.7816162109375 0
1700941436170 -376.5597229003906 0
1700941462673 -376.3276062011719 0
1700941489141 -376.0851135253906 0
1700941515786 -375.8324279785156 0
1700941542143 -375.56976318359375 0
1700941568455 -375.2972106933594 0
1700941594823 -375.0145568847656 0
1700941621301 -374.7208251953125 0
1700941647898 -374.4160461425781 0
1700941674226 -374.1005554199219 0
1700941700684 -373.77447509765625 0
1700941727014 -373.43756103515625 0
1700941753431 -373.090087890625 0
1700941779705 -372.7318115234375 0
1700941806107 -372.36260986328125 0
1700941832611 -371.9823913574219 0
1700941858760 -371.5894470214844 0
1700941885249 -371.18316650390625 0
1700941911607 -370.7631530761719 0
1700941938224 -370.32763671875 0
1700941964764 -369.8744812011719 0
1700941991376 -369.4047546386719 0
1700942017888 -368.9194641113281 0
1700942044312 -368.4197998046875 0
1700942070674 -367.90545654296875 0
1700942097087 -367.3778381347656 0
1700942123689 -366.83837890625 0
1700942150263 -366.2877197265625 0
1700942176663 -365.72662353515625 0
1700942202980 -365.1543884277344 0
1700942229491 -364.5696105957031 0
1700942255903 -363.9713439941406 0
1700942282344 -363.36016845703125 0
1700942308693 -362.7377624511719 0
1700942335164 -362.1048278808594 0
1700942361595 -361.4611511230469 0
1700942388010 -360.8063049316406 0
1700942414583 -360.1401672363281 0
1700942441001 -359.4626159667969 0
1700942467310 -358.77362060546875 0
1700942493745 -358.0732421875 0
1700942519979 -357.3622131347656 0
1700942546536 -356.64154052734375 0
1700942572897 -355.9117126464844 0
1700942599292 -355.1727294921875 0
1700942626180 -354.4245910644531 0
1700942652905 -353.66729736328125 0
1700942682826 -352.9009094238281 0
1700942712663 -352.1257629394531 0
1700942742062 -351.34173583984375 0
1700942772279 -350.54901123046875 0
1700942803326 -349.74761962890625 0
1700942831756 -348.9381408691406 0
1700942858179 -348.1201477050781 0
1700942884633 -347.2914733886719 0
1700942910921 -346.4522399902344 0
1700942937532 -345.6029357910156 0
1700942963772 -344.7442932128906 0
1700942990103 -343.87530517578125 0
1700943016638 -342.995849609375 0
1700943043019 -342.1064453125 0
1700943069671 -341.20745849609375 0
1700943096000 -340.2992858886719 0
1700943122504 -339.3818664550781 0
1700943149053 -338.45489501953125 0
1700943175436 -337.5188293457031 0
1700943201744 -336.57403564453125 0
1700943228191 -335.6207580566406 0
1700943254548 -334.6595458984375 0
1700943282137 -333.6910705566406 0
1700943308583 -332.7157287597656 0
1700943335044 -331.73388671875 0
1700943361388 -330.7454528808594 0
1700943387796 -329.7503967285156 0
1700943414228 -328.7489318847656 0
1700943441032 -327.7408752441406 0
1700943467356 -326.7264709472656 0
1700943494141 -325.7057189941406 0
1700943520391 -324.6785583496094 0
1700943546860 -323.6458435058594 0
1700943573221 -322.6085205078125 0
1700943599821 -321.56298828125 0
1700943626075 -320.5078430175781 0
1700943652327 -319.4439392089844 0
1700943678993 -318.3725280761719 0
1700943705337 -317.2949523925781 0
1700943731818 -316.21075439453125 0
1700943758197 -315.1181640625 0
1700943784457 -314.0177001953125 0
1700943810898 -312.9103698730469 0
1700943837511 -311.7967834472656 0
1700943863962 -310.6769104003906 0
1700943890357 -309.5508117675781 0
1700943916914 -308.4183349609375 0
1700943943233 -307.2799377441406 0
1700943969547 -306.1369934082031 0
1700943995972 -304.990234375 0
1700944022328 -303.839599609375 0
1700944048732 -302.6852111816406 0
1700944074987 -301.5269470214844 0
1700944101447 -300.3651428222656 0
1700944127885 -299.1999206542969 0
1700944154385 -298.0303649902344 0
1700944180839 -296.8562927246094 0
1700944207456 -295.67779541015625 0
1700944233716 -294.4950256347656 0
1700944260093 -293.3083190917969 0
1700944286526 -292.1180114746094 0
1700944312968 -290.9246826171875 0
1700944339680 -289.7290344238281 0
1700944366104 -288.5306396484375 0
1700944392875 -287.3274841308594 0
1700944420432 -286.1183776855469 0
1700944450496 -284.9028625488281 0
1700944480211 -283.680908203125 0
1700944510790 -282.4525451660156 0
1700944542218 -281.21917724609375 0
1700944571316 -279.98193359375 0
1700944597958 -278.7415466308594 0
1700944624322 -277.4986572265625 0
1700944650568 -276.2535095214844 0
1700944676879 -275.0060119628906 0
1700944703351 -273.75640869140625 0
1700944729977 -272.5047302246094 0
1700944756367 -271.2511291503906 0
1700944782859 -269.9967041015625 0
1700944809503 -268.7413635253906 0
1700944836076 -267.4847106933594 0
1700944862456 -266.226806640625 0
1700944888707 -264.9676818847656 0
1700944915044 -263.7073669433594 0
