1700930660165 4.9990608564988734e-05 0
1700930684279 4.990608564988731e-05 0
1700930710937 4.981217129977461e-05 0
1700930737392 4.971825694966191e-05 0
1700930764349 4.962434259954921e-05 0
1700930790924 4.953042824943652e-05 0
1700930817759 4.943651389932382e-05 0
1700930844436 4.934259954921112e-05 0
1700930870949 4.924868519909843e-05 0
1700930897426 4.915477084898573e-05 0
1700930923865 4.9060856498873034e-05 0
1700930950256 4.896694214876033e-05 0
1700930976676 4.887302779864764e-05 0
1700931003197 4.8779113448534944e-05 0
1700931029668 4.8685199098422243e-05 0
1700931056315 4.859128474830954e-05 0
1700931082656 4.849737039819685e-05 0
1700931109076 4.840345604808415e-05 0
1700931135154 4.830954169797145e-05 0
1700931161562 4.821562734785875e-05 0
1700931187944 4.812171299774606e-05 0
1700931214435 4.802779864763336e-05 0
1700931241008 4.793388429752066e-05 0
1700931267197 4.783996994740796e-05 0
1700931293592 4.774605559729527e-05 0
1700931319904 4.7652141247182574e-05 0
1700931346315 4.755822689706987e-05 0
1700931372477 4.746431254695718e-05 0
1700931398873 4.737039819684448e-05 0
1700931425212 4.7276483846731784e-05 0
1700931451660 4.718256949661908e-05 0
1700931478016 4.708865514650639e-05 0
1700931504706 4.6994740796393694e-05 0
1700931531071 4.6900826446280993e-05 0
1700931557649 4.68069120961683e-05 0
1700931584066 4.67129977460556e-05 0
1700931610688 4.6619083395942904e-05 0
1700931639365 4.65251690458302e-05 0
1700931670076 4.643125469571751e-05 0
1700931700445 4.6337340345604815e-05 0
1700931731809 4.6243425995492114e-05 0
1700931763303 4.614951164537942e-05 0
1700931791411 4.605559729526672e-05 0
1700931817820 4.5961682945154025e-05 0
1700931844396 4.586776859504133e-05 0
1700931870850 4.577385424492863e-05 0
1700931897334 4.567993989481593e-05 0
1700931923604 4.5586025544703234e-05 0
1700931949996 4.5492111194590534e-05 0
1700931976343 4.539819684447784e-05 0
1700932002887 4.530428249436514e-05 0
1700932029489 4.5210368144252444e-05 0
1700932055943 4.511645379413974e-05 0
1700932082478 4.502253944402705e-05 0
1700932108919 4.492862509391435e-05 0
1700932135371 4.4834710743801654e-05 0
1700932161685 4.474079639368895e-05 0
1700932188143 4.464688204357626e-05 0
1700932214399 4.4552967693463565e-05 0
1700932240995 4.4459053343350864e-05 0
1700932267287 4.436513899323817e-05 0
1700932293950 4.427122464312547e-05 0
1700932320242 4.4177310293012775e-05 0
1700932347050 4.408339594290008e-05 0
1700932373417 4.398948159278738e-05 0
1700932399907 4.3895567242674685e-05 0
1700932426378 4.3801652892561984e-05 0
1700932452920 4.370773854244929e-05 0
1700932479845 4.361382419233659e-05 0
1700932506842 4.3519909842223895e-05 0
1700932533420 4.34259954921112e-05 0
1700932559992 4.33320811419985e-05 0
1700932586267 4.3238166791885806e-05 0
1700932612867 4.3144252441773105e-05 0
1700932639228 4.305033809166041e-05 0
1700932665614 4.2956423741547717e-05 0
1700932692166 4.2862509391435016e-05 0
1700932718471 4.2768595041322315e-05 0
1700932744997 4.267468069120962e-05 0
1700932771593 4.258076634109692e-05 0
1700932797860 4.2486851990984225e-05 0
1700932824616 4.2392937640871525e-05 0
1700932850972 4.229902329075883e-05 0
1700932877403 4.220510894064613e-05 0
1700932903860 4.2111194590533435e-05 0
1700932930344 4.2017280240420734e-05 0
1700932956970 4.192336589030804e-05 0
1700932983612 4.182945154019534e-05 0
1700933009900 4.1735537190082645e-05 0
1700933036317 4.164162283996995e-05 0
1700933062737 4.154770848985725e-05 0
1700933089007 4.1453794139744556e-05 0
1700933115405 4.1359879789631855e-05 0
1700933141822 4.126596543951916e-05 0
1700933168145 4.1172051089406467e-05 0
1700933194617 4.1078136739293766e-05 0
1700933220795 4.098422238918107e-05 0
1700933247308 4.089030803906837e-05 0
1700933273563 4.0796393688955676e-05 0
1700933299893 4.0702479338842975e-05 0
1700933326177 4.060856498873028e-05 0
1700933352500 4.051465063861759e-05 0
1700933378942 4.0420736288504886e-05 0
1700933405435 4.032682193839219e-05 0
1700933431899 4.023290758827949e-05 0
1700933458185 4.01389932381668e-05 0
1700933484585 4.0045078888054096e-05 0
1700933510887 3.99511645379414e-05 0
1700933537298 3.98572501878287e-05 0
1700933563618 3.976333583771601e-05 0
1700933590400 3.9669421487603306e-05 0
1700933616737 3.957550713749061e-05 0
1700933643184 3.948159278737791e-05 0
1700933669559 3.9387678437265216e-05 0
1700933695763 3.9293764087152516e-05 0
1700933722134 3.919984973703982e-05 0
1700933748631 3.910593538692712e-05 0
1700933775241 3.9012021036814426e-05 0
1700933801473 3.8918106686701725e-05 0
1700933827760 3.882419233658903e-05 0
1700933854046 3.873027798647634e-05 0
1700933880432 3.8636363636363636e-05 0
1700933906889 3.854244928625094e-05 0
1700933933075 3.844853493613824e-05 0
1700933961447 3.835462058602555e-05 0
1700933991107 3.826070623591285e-05 0
1700934020771 3.816679188580015e-05 0
1700934051436 3.807287753568746e-05 0
1700934081851 3.7978963185574757e-05 0
1700934111156 3.788504883546206e-05 0
1700934138221 3.779113448534936e-05 0
1700934164387 3.769722013523667e-05 0
1700934190538 3.760330578512397e-05 0
1700934216697 3.750939143501127e-05 0
1700934242645 3.741547708489858e-05 0
1700934268948 3.732156273478588e-05 0
1700934295448 3.722764838467318e-05 0
1700934321665 3.713373403456048e-05 0
1700934348079 3.703981968444779e-05 0
1700934374218 3.694590533433509e-05 0
1700934400433 3.685199098422239e-05 0
1700934426860 3.675807663410969e-05 0
1700934453192 3.6664162283997e-05 0
1700934479563 3.65702479338843e-05 0
1700934506048 3.64763335837716e-05 0
1700934532463 3.63824192336589e-05 0
1700934558775 3.628850488354621e-05 0
1700934585031 3.6194590533433507e-05 0
1700934611443 3.610067618332081e-05 0
1700934637748 3.600676183320811e-05 0
1700934664053 3.591284748309542e-05 0
1700934690270 3.581893313298272e-05 0
1700934716550 3.572501878287002e-05 0
1700934742920 3.563110443275733e-05 0
1700934769337 3.553719008264463e-05 0
1700934795482 3.544327573253193e-05 0
1700934821679 3.534936138241923e-05 0
1700934848069 3.525544703230654e-05 0
1700934874333 3.5161532682193844e-05 0
1700934900665 3.506761833208114e-05 0
1700934927071 3.497370398196845e-05 0
1700934953451 3.487978963185575e-05 0
1700934979674 3.4785875281743053e-05 0
1700935005770 3.469196093163036e-05 0
1700935032098 3.459804658151766e-05 0
1700935058473 3.4504132231404964e-05 0
1700935084728 3.441021788129226e-05 0
1700935111067 3.431630353117957e-05 0
1700935137263 3.422238918106687e-05 0
1700935163783 3.4128474830954174e-05 0
1700935189794 3.403456048084147e-05 0
1700935216060 3.394064613072878e-05 0
1700935242367 3.384673178061608e-05 0
1700935268614 3.3752817430503384e-05 0
1700935294767 3.365890308039068e-05 0
1700935320954 3.356498873027799e-05 0
1700935347485 3.347107438016529e-05 0
1700935373798 3.3377160030052594e-05 0
1700935400312 3.328324567993989e-05 0
1700935426697 3.31893313298272e-05 0
1700935453117 3.30954169797145e-05 0
1700935479324 3.30015026296018e-05 0
1700935505680 3.290758827948911e-05 0
1700935531793 3.281367392937641e-05 0
1700935560439 3.2719759579263714e-05 0
1700935590282 3.262584522915101e-05 0
1700935620515 3.253193087903832e-05 0
1700935650488 3.243801652892562e-05 0
1700935681677 3.2344102178812924e-05 0
1700935708997 3.225018782870023e-05 0
1700935735198 3.215627347858753e-05 0
1700935761368 3.2062359128474835e-05 0
1700935787666 3.1968444778362134e-05 0
1700935814010 3.187453042824944e-05 0
1700935840278 3.1780616078136745e-05 0
1700935866666 3.1686701728024044e-05 0
1700935892968 3.159278737791135e-05 0
1700935919283 3.149887302779865e-05 0
1700935945695 3.1404958677685955e-05 0
1700935971894 3.1311044327573254e-05 0
1700935998132 3.121712997746056e-05 0
1700936024311 3.1123215627347866e-05 0
1700936050620 3.1029301277235165e-05 0
1700936077709 3.0935386927122464e-05 0
1700936104084 3.084147257700977e-05 0
1700936130225 3.074755822689707e-05 0
1700936156274 3.0653643876784375e-05 0
1700936182292 3.0559729526671674e-05 0
1700936208361 3.0465815176558983e-05 0
1700936234438 3.0371900826446282e-05 0
1700936260771 3.0277986476333588e-05 0
1700936287257 3.0184072126220887e-05 0
1700936313476 3.009015777610819e-05 0
1700936339520 2.9996243425995495e-05 0
1700936365900 2.9902329075882794e-05 0
1700936392155 2.98084147257701e-05 0
1700936418448 2.97145003756574e-05 0
1700936444550 2.9620586025544705e-05 0
1700936470958 2.9526671675432004e-05 0
1700936497139 2.943275732531931e-05 0
1700936523266 2.9338842975206616e-05 0
1700936549542 2.9244928625093915e-05 0
1700936575824 2.915101427498122e-05 0
1700936602090 2.905709992486852e-05 0
1700936628383 2.8963185574755826e-05 0
1700936654816 2.8869271224643128e-05 0
1700936680948 2.877535687453043e-05 0
1700936707058 2.8681442524417733e-05 0
1700936733151 2.8587528174305035e-05 0
1700936759605 2.8493613824192338e-05 0
1700936786052 2.8399699474079637e-05 0
1700936812246 2.8305785123966943e-05 0
1700936838643 2.821187077385425e-05 0
1700936864760 2.8117956423741548e-05 0
1700936891053 2.8024042073628854e-05 0
1700936917079 2.7930127723516153e-05 0
1700936943204 2.783621337340346e-05 0
1700936969428 2.7742299023290757e-05 0
1700936995454 2.7648384673178063e-05 0
1700937021633 2.755447032306537e-05 0
1700937048053 2.7460555972952668e-05 0
1700937074254 2.7366641622839974e-05 0
1700937100475 2.7272727272727273e-05 0
1700937126926 2.7178812922614576e-05 0
1700937153237 2.708489857250188e-05 0
1700937179359 2.699098422238918e-05 0
1700937205711 2.6897069872276486e-05 0
1700937231824 2.6803155522163785e-05 0
1700937257878 2.670924117205109e-05 0
1700937284051 2.661532682193839e-05 0
1700937310276 2.6521412471825696e-05 0
1700937336540 2.6427498121713002e-05 0
1700937362708 2.63335837716003e-05 0
1700937388800 2.6239669421487607e-05 0
1700937415036 2.6145755071374906e-05 0
1700937441398 2.6051840721262212e-05 0
1700937467563 2.595792637114951e-05 0
1700937493930 2.5864012021036817e-05 0
1700937520256 2.577009767092412e-05 0
1700937546383 2.567618332081142e-05 0
1700937572811 2.5582268970698724e-05 0
1700937599064 2.5488354620586023e-05 0
1700937625435 2.539444027047333e-05 0
1700937651831 2.5300525920360635e-05 0
1700937678105 2.5206611570247934e-05 0
1700937704231 2.511269722013524e-05 0
1700937730439 2.501878287002254e-05 0
1700937797712 2.4924868519909845e-05 0
1700937824175 2.4830954169797147e-05 0
1700937850856 2.473703981968445e-05 0
1700937877360 2.4643125469571752e-05 0
1700937906446 2.4549211119459054e-05 0
1700937935430 2.445529676934636e-05 0
1700937966388 2.4361382419233663e-05 0
1700937997217 2.426746806912096e-05 0
1700938028179 2.4173553719008264e-05 0
1700938055807 2.4079639368895567e-05 0
1700938082511 2.398572501878287e-05 0
1700938109099 2.389181066867017e-05 0
1700938135403 2.3797896318557477e-05 0
1700938161975 2.370398196844478e-05 0
1700938188433 2.3610067618332082e-05 0
1700938215124 2.3516153268219385e-05 0
1700938241481 2.3422238918106687e-05 0
1700938268047 2.332832456799399e-05 0
1700938294489 2.3234410217881295e-05 0
1700938320763 2.3140495867768598e-05 0
1700938347293 2.30465815176559e-05 0
1700938373567 2.2952667167543203e-05 0
1700938400089 2.2858752817430505e-05 0
1700938426555 2.2764838467317808e-05 0
1700938452961 2.267092411720511e-05 0
1700938479655 2.2577009767092413e-05 0
1700938505985 2.2483095416979715e-05 0
1700938532462 2.2389181066867017e-05 0
1700938559168 2.229526671675432e-05 0
1700938585668 2.2201352366641622e-05 0
1700938612237 2.2107438016528928e-05 0
1700938638763 2.201352366641623e-05 0
1700938665067 2.1919609316303533e-05 0
1700938691473 2.1825694966190836e-05 0
1700938717952 2.1731780616078138e-05 0
1700938744474 2.163786626596544e-05 0
1700938770848 2.1543951915852743e-05 0
1700938797228 2.145003756574005e-05 0
1700938823837 2.1356123215627348e-05 0
1700938850202 2.126220886551465e-05 0
1700938876702 2.1168294515401953e-05 0
1700938903415 2.1074380165289255e-05 0
1700938929730 2.0980465815176558e-05 0
1700938956125 2.0886551465063863e-05 0
1700938982556 2.0792637114951166e-05 0
1700939009327 2.0698722764838468e-05 0
1700939035787 2.060480841472577e-05 0
1700939062511 2.0510894064613073e-05 0
1700939088836 2.0416979714500376e-05 0
1700939115339 2.032306536438768e-05 0
1700939141746 2.0229151014274984e-05 0
1700939168222 2.0135236664162286e-05 0
1700939194731 2.004132231404959e-05 0
1700939221442 1.994740796393689e-05 0
1700939247902 1.9853493613824194e-05 0
1700939274501 1.9759579263711496e-05 0
1700939301104 1.96656649135988e-05 0
1700939327666 1.95717505634861e-05 0
1700939354147 1.9477836213373404e-05 0
1700939380630 1.9383921863260706e-05 0
1700939407089 1.929000751314801e-05 0
1700939433530 1.919609316303531e-05 0
1700939460167 1.9102178812922617e-05 0
1700939486738 1.900826446280992e-05 0
1700939513294 1.891435011269722e-05 0
1700939540243 1.8820435762584524e-05 0
1700939566739 1.8726521412471827e-05 0
1700939593247 1.863260706235913e-05 0
1700939619626 1.8538692712246435e-05 0
1700939647202 1.8444778362133737e-05 0
1700939678632 1.8350864012021036e-05 0
1700939709187 1.825694966190834e-05 0
1700939739402 1.816303531179564e-05 0
1700939770306 1.8069120961682944e-05 0
1700939799671 1.797520661157025e-05 0
1700939826174 1.7881292261457552e-05 0
1700939852479 1.7787377911344854e-05 0
1700939879120 1.7693463561232157e-05 0
1700939905756 1.759954921111946e-05 0
1700939932338 1.7505634861006762e-05 0
1700939958828 1.7411720510894068e-05 0
1700939985270 1.731780616078137e-05 0
1700940011855 1.7223891810668672e-05 0
1700940038458 1.7129977460555975e-05 0
1700940064824 1.7036063110443277e-05 0
1700940091312 1.694214876033058e-05 0
1700940117844 1.6848234410217882e-05 0
1700940144362 1.6754320060105185e-05 0
1700940170880 1.6660405709992487e-05 0
1700940197252 1.656649135987979e-05 0
1700940223751 1.6472577009767092e-05 0
1700940250208 1.6378662659654395e-05 0
1700940276483 1.6284748309541697e-05 0
1700940302819 1.6190833959429003e-05 0
1700940329213 1.6096919609316305e-05 0
1700940355794 1.6003005259203608e-05 0
1700940382303 1.590909090909091e-05 0
1700940408767 1.5815176558978213e-05 0
1700940435442 1.5721262208865515e-05 0
1700940461874 1.562734785875282e-05 0
1700940488296 1.5533433508640123e-05 0
1700940514555 1.5439519158527422e-05 0
1700940541131 1.5345604808414725e-05 0
1700940567671 1.5251690458302029e-05 0
1700940594001 1.5157776108189331e-05 0
1700940620406 1.5063861758076636e-05 0
1700940646724 1.4969947407963938e-05 0
1700940673367 1.487603305785124e-05 0
1700940699878 1.4782118707738543e-05 0
1700940726369 1.4688204357625845e-05 0
1700940752681 1.4594290007513148e-05 0
1700940779019 1.450037565740045e-05 0
1700940805492 1.4406461307287754e-05 0
1700940831930 1.4312546957175057e-05 0
1700940858763 1.421863260706236e-05 0
1700940885244 1.4124718256949662e-05 0
1700940911745 1.4030803906836964e-05 0
1700940938059 1.3936889556724267e-05 0
1700940964635 1.3842975206611573e-05 0
1700940991088 1.3749060856498875e-05 0
1700941017398 1.3655146506386177e-05 0
1700941046146 1.3561232156273478e-05 0
1700941077300 1.346731780616078e-05 0
1700941108429 1.3373403456048083e-05 0
1700941139083 1.3279489105935389e-05 0
1700941169632 1.3185574755822691e-05 0
1700941197947 1.3091660405709994e-05 0
1700941224609 1.2997746055597296e-05 0
1700941251047 1.2903831705484599e-05 0
1700941277442 1.2809917355371901e-05 0
1700941303895 1.2716003005259205e-05 0
1700941330234 1.2622088655146508e-05 0
1700941356738 1.252817430503381e-05 0
1700941383125 1.2434259954921113e-05 0
1700941409569 1.2340345604808415e-05 0
1700941436169 1.224643125469572e-05 0
1700941462672 1.2152516904583022e-05 0
1700941489140 1.2058602554470322e-05 0
1700941515785 1.1964688204357627e-05 0
1700941542143 1.1870773854244929e-05 0
1700941568455 1.1776859504132231e-05 0
1700941594822 1.1682945154019536e-05 0
1700941621300 1.1589030803906838e-05 0
1700941647897 1.149511645379414e-05 0
1700941674225 1.1401202103681443e-05 0
1700941700683 1.1307287753568745e-05 0
1700941727013 1.1213373403456048e-05 0
1700941753430 1.1119459053343352e-05 0
1700941779705 1.1025544703230654e-05 0
1700941806106 1.0931630353117957e-05 0
1700941832610 1.083771600300526e-05 0
1700941858759 1.0743801652892564e-05 0
1700941885248 1.0649887302779866e-05 0
1700941911607 1.0555972952667167e-05 0
1700941938223 1.0462058602554471e-05 0
1700941964763 1.0368144252441773e-05 0
1700941991375 1.0274229902329076e-05 0
1700942017887 1.018031555221638e-05 0
1700942044311 1.0086401202103682e-05 0
1700942070673 9.992486851990985e-06 0
1700942097086 9.898572501878287e-06 0
1700942123688 9.80465815176559e-06 0
1700942150262 9.710743801652892e-06 0
1700942176662 9.616829451540196e-06 0
1700942202979 9.522915101427499e-06 0
1700942229491 9.429000751314801e-06 0
1700942255903 9.335086401202105e-06 0
1700942282343 9.241172051089408e-06 0
1700942308692 9.147257700976709e-06 0
1700942335163 9.053343350864013e-06 0
1700942361594 8.959429000751315e-06 0
1700942388009 8.865514650638618e-06 0
1700942414582 8.771600300525922e-06 0
1700942441000 8.677685950413224e-06 0
1700942467309 8.583771600300527e-06 0
1700942493745 8.489857250187829e-06 0
1700942519978 8.395942900075132e-06 0
1700942546535 8.302028549962434e-06 0
1700942572896 8.208114199849736e-06 0
1700942599291 8.11419984973704e-06 0
1700942626179 8.020285499624343e-06 0
1700942652904 7.926371149511645e-06 0
1700942682825 7.83245679939895e-06 0
1700942712662 7.738542449286252e-06 0
1700942742061 7.644628099173553e-06 0
1700942772279 7.550713749060857e-06 0
1700942803325 7.456799398948159e-06 0
1700942831755 7.362885048835462e-06 0
1700942858178 7.268970698722766e-06 0
1700942884633 7.175056348610068e-06 0
1700942910920 7.08114199849737e-06 0
1700942937531 6.987227648384674e-06 0
1700942963771 6.893313298271977e-06 0
1700942990103 6.799398948159279e-06 0
1700943016637 6.705484598046582e-06 0
1700943043018 6.611570247933885e-06 0
1700943069670 6.517655897821187e-06 0
1700943096000 6.423741547708491e-06 0
1700943122503 6.329827197595793e-06 0
1700943149052 6.2359128474830955e-06 0
1700943175435 6.141998497370399e-06 0
1700943201743 6.048084147257701e-06 0
1700943228190 5.954169797145004e-06 0
1700943254547 5.860255447032307e-06 0
1700943282136 5.7663410969196094e-06 0
1700943308583 5.672426746806912e-06 0
1700943335043 5.578512396694215e-06 0
1700943361387 5.484598046581518e-06 0
1700943387795 5.390683696468821e-06 0
1700943414227 5.296769346356123e-06 0
1700943441031 5.202854996243426e-06 0
1700943467355 5.108940646130729e-06 0
1700943494140 5.0150262960180324e-06 0
1700943520390 4.921111945905334e-06 0
1700943546860 4.827197595792637e-06 0
1700943573221 4.733283245679941e-06 0
1700943599821 4.639368895567243e-06 0
1700943626074 4.5454545454545455e-06 0
1700943652326 4.451540195341848e-06 0
1700943678992 4.357625845229151e-06 0
1700943705337 4.2637114951164546e-06 0
1700943731817 4.169797145003756e-06 0
1700943758196 4.0758827948910595e-06 0
1700943784457 3.981968444778363e-06 0
1700943810897 3.888054094665665e-06 0
1700943837510 3.794139744552968e-06 0
1700943863961 3.700225394440271e-06 0
1700943890356 3.6063110443275734e-06 0
1700943916913 3.5123966942148763e-06 0
1700943943232 3.4184823441021787e-06 0
1700943969546 3.3245679939894816e-06 0
1700943995972 3.2306536438767845e-06 0
1700944022328 3.136739293764087e-06 0
1700944048731 3.0428249436513902e-06 0
1700944074986 2.9489105935386927e-06 0
1700944101446 2.8549962434259955e-06 0
1700944127884 2.7610818933132984e-06 0
1700944154385 2.6671675432006013e-06 0
1700944180838 2.573253193087904e-06 0
1700944207455 2.4793388429752066e-06 0
1700944233715 2.3854244928625095e-06 0
1700944260093 2.2915101427498124e-06 0
1700944286525 2.1975957926371152e-06 0
1700944312967 2.1036814425244177e-06 0
1700944339679 2.0097670924117205e-06 0
1700944366104 1.9158527422990234e-06 0
1700944392874 1.8219383921863263e-06 0
1700944420431 1.728024042073629e-06 0
1700944450495 1.6341096919609316e-06 0
1700944480211 1.5401953418482345e-06 0
1700944510789 1.4462809917355374e-06 0
1700944542217 1.35236664162284e-06 0
1700944571315 1.258452291510143e-06 0
1700944597957 1.1645379413974456e-06 0
1700944624321 1.0706235912847484e-06 0
1700944650567 9.767092411720513e-07 0
1700944676878 8.827948910593539e-07 0
1700944703350 7.888805409466567e-07 0
1700944729976 6.949661908339595e-07 0
1700944756366 6.010518407212623e-07 0
1700944782858 5.07137490608565e-07 0
1700944809503 4.132231404958678e-07 0
1700944836075 3.1930879038317057e-07 0
1700944862455 2.2539444027047334e-07 0
1700944888706 1.314800901577761e-07 0
1700944915043 3.756574004507889e-08 0
