1700930660163 7.01875 0
1700930684277 7.59609375 0
1700930710934 4.6265625 0
1700930737389 44.0033203125 0
1700930764346 4.6220703125 0
1700930790921 18.747265625 0
1700930817756 8.45390625 0
1700930844433 4.8404296875 0
1700930870947 4.2212890625 0
1700930897424 26.4 0
1700930923862 15.718359375 0
1700930950253 47.7662109375 0
1700930976673 6.46015625 0
1700931003195 5.4826171875 0
1700931029665 14.901953125 0
1700931056312 6.3314453125 0
1700931082653 8.0078125 0
1700931109073 5.201953125 0
1700931135151 5.88828125 0
1700931161559 14.143359375 0
1700931187942 15.500390625 0
1700931214433 14.402734375 0
1700931241005 6.73203125 0
1700931267194 6.280078125 0
1700931293589 9.7328125 0
1700931319902 6.754296875 0
1700931346312 7.228125 0
1700931372474 6.30859375 0
1700931398870 8.481640625 0
1700931425210 7.786328125 0
1700931451657 7.575 0
1700931478013 35.06484375 0
1700931504703 9.112890625 0
1700931531067 9.3796875 0
1700931557646 11.27109375 0
1700931584064 7.8984375 0
1700931610685 46.901171875 0
1700931639363 8.71875 0
1700931670073 16.618359375 0
1700931700442 8.33515625 0
1700931731806 10.34140625 0
1700931763301 50.72421875 0
1700931791409 10.54296875 0
1700931817795 11.12890625 0
1700931844394 9.70390625 0
1700931870847 11.390625 0
1700931897331 12.85625 0
1700931923602 18.75859375 0
1700931949993 12.1015625 0
1700931976341 23.5515625 0
1700932002885 47.52421875 0
1700932029486 12.6859375 0
1700932055941 13.2671875 0
1700932082475 17.6609375 0
1700932108916 15.628125 0
1700932135368 13.384375 0
1700932161683 15.1125 0
1700932188140 17.275 0
1700932214397 14.3953125 0
1700932240992 14.7453125 0
1700932267284 22.678125 0
1700932293948 16.33984375 0
1700932320239 16.24140625 0
1700932347047 17.08046875 0
1700932373414 56.9203125 0
1700932399904 17.3921875 0
1700932426376 17.6015625 0
1700932452917 18.0609375 0
1700932479843 19.0234375 0
1700932506839 55.203125 0
1700932533417 20.265625 0
1700932559989 20.465625 0
1700932586264 26.2578125 0
1700932612865 20.1703125 0
1700932639225 26.321875 0
1700932665612 21.08125 0
1700932692163 22.0734375 0
1700932718468 21.6390625 0
1700932744994 22.7859375 0
1700932771590 22.2671875 0
1700932797857 29.7671875 0
1700932824613 23.6984375 0
1700932850970 25.659375 0
1700932877400 26.640625 0
1700932903857 27.2109375 0
1700932930341 27.209375 0
1700932956967 26.0890625 0
1700932983609 40.79375 0
1700933009897 25.9046875 0
1700933036314 26.7609375 0
1700933062734 34.4265625 0
1700933089005 28.5953125 0
1700933115402 34.3046875 0
1700933141819 36.59375 0
1700933168142 32.5640625 0
1700933194615 33.45 0
1700933220793 32.5125 0
1700933247306 41.6125 0
1700933273560 31.2421875 0
1700933299890 31.6640625 0
1700933326175 32.5796875 0
1700933352498 33.0359375 0
1700933378939 43.4125 0
1700933405433 40.240625 0
1700933431896 35.146875 0
1700933458182 36.171875 0
1700933484582 37.046875 0
1700933510885 72.1875 0
1700933537295 35.6125 0
1700933563615 35.146875 0
1700933590397 35.225 0
1700933616734 35.13125 0
1700933643181 36.378125 0
1700933669556 43.0 0
1700933695760 39.915625 0
1700933722131 42.959375 0
1700933748629 42.246875 0
1700933775238 40.01875 0
1700933801470 41.840625 0
1700933827758 44.3 0
1700933854043 41.18125 0
1700933880430 39.1375 0
1700933906886 77.15 0
1700933933072 37.834375 0
1700933961444 41.559375 0
1700933991105 38.046875 0
1700934020768 37.50625 0
1700934051434 44.496875 0
1700934081848 39.0625 0
1700934111153 45.89375 0
1700934138218 37.546875 0
1700934164384 39.3185546875 0
1700934190535 41.515625 0
1700934216695 38.01875 0
1700934242642 41.175 0
1700934268945 38.8125 0
1700934295445 38.340625 0
1700934321663 41.79375 0
1700934348077 39.025 0
1700934374215 42.21875 0
1700934400430 40.50625 0
1700934426858 39.14375 0
1700934453190 40.03125 0
1700934479560 40.034375 0
1700934506045 41.1875 0
1700934532461 42.2625 0
1700934558773 40.9375 0
1700934585029 40.984375 0
1700934611440 42.65 0
1700934637745 43.4625 0
1700934664050 42.1125 0
1700934690267 49.934375 0
1700934716547 43.403125 0
1700934742917 46.021875 0
1700934769334 41.759375 0
1700934795480 42.03125 0
1700934821677 46.525 0
1700934848066 45.840625 0
1700934874331 48.81875 0
1700934900662 46.0375 0
1700934927068 43.565625 0
1700934953448 44.240625 0
1700934979672 43.659375 0
1700935005768 45.953125 0
1700935032095 44.6 0
1700935058471 46.709375 0
1700935084725 46.915625 0
1700935111065 45.803125 0
1700935137260 49.165625 0
1700935163781 47.16875 0
1700935189792 46.6125 0
1700935216058 47.71875 0
1700935242364 49.40625 0
1700935268611 53.209375 0
1700935294764 47.775 0
1700935320951 50.19375 0
1700935347482 48.934375 0
1700935373795 79.090625 0
1700935400310 50.134375 0
1700935426694 49.934375 0
1700935453114 50.30625 0
1700935479321 49.56875 0
1700935505677 50.403125 0
1700935531790 50.5375 0
1700935560436 49.984375 0
1700935590280 53.1625 0
1700935620513 50.740625 0
1700935650486 51.73125 0
1700935681675 56.95625 0
1700935708995 53.578125 0
1700935735195 52.95 0
1700935761366 57.80625 0
1700935787663 53.909375 0
1700935814007 52.375 0
1700935840275 54.63125 0
1700935866664 55.45 0
1700935892965 55.390625 0
1700935919281 55.90625 0
1700935945692 60.0875 0
1700935971891 85.553125 0
1700935998129 56.275 0
1700936024308 63.13125 0
1700936050618 56.334375 0
1700936077706 63.8125 0
1700936104081 70.2625 0
1700936130223 57.3 0
1700936156271 56.753125 0
1700936182289 58.778125 0
1700936208358 57.975 0
1700936234436 59.23125 0
1700936260769 59.884375 0
1700936287255 58.675 0
1700936313472 65.14375 0
1700936339518 66.73125 0
1700936365897 60.903125 0
1700936392152 60.615625 0
1700936418446 63.88125 0
1700936444547 91.021875 0
1700936470956 60.90625 0
1700936497136 62.528125 0
1700936523263 66.2125 0
1700936549539 74.271875 0
1700936575821 96.3625 0
1700936602088 63.859375 0
1700936628381 63.69375 0
1700936654814 63.946875 0
1700936680946 65.71875 0
1700936707055 65.528125 0
1700936733149 65.859375 0
1700936759602 105.04375 0
1700936786050 65.55 0
1700936812243 64.5875 0
1700936838640 67.05625 0
1700936864758 66.0625 0
1700936891050 67.35 0
1700936917077 65.7125 0
1700936943201 66.725 0
1700936969426 66.75625 0
1700936995451 67.784375 0
1700937021631 67.73125 0
1700937048050 67.9625 0
1700937074251 68.55625 0
1700937100473 78.271875 0
1700937126924 68.7375 0
1700937153235 69.76875 0
1700937179357 72.04375 0
1700937205709 70.5 0
1700937231821 73.0 0
1700937257875 72.8125 0
1700937284048 72.99375 0
1700937310273 78.7625 0
1700937336538 72.21875 0
1700937362706 78.98125 0
1700937388797 75.11875 0
1700937415032 104.99375 0
1700937441395 78.84375 0
1700937467561 74.9 0
1700937493928 80.04375 0
1700937520253 77.1375 0
1700937546381 133.31875 0
1700937572808 77.79375 0
1700937599062 81.0 0
1700937625433 77.4 0
1700937651827 79.16875 0
1700937678103 79.3875 0
1700937704229 78.7875 0
1700937730437 93.0125 0
1700937797710 81.525 0
1700937824172 79.55 0
1700937850853 79.70625 0
1700937877358 77.5375 0
1700937906444 77.85625 0
1700937935428 82.9875 0
1700937965789 78.525 0
1700937997214 84.6 0
1700938028176 77.59375 0
1700938055805 75.73125 0
1700938082509 76.54375 0
1700938109096 80.31875 0
1700938135400 82.58125 0
1700938161973 75.08125 0
1700938188431 73.94375 0
1700938215122 75.0125 0
1700938241478 77.2375 0
1700938268044 75.63125 0
1700938294486 77.075 0
1700938320761 73.76875 0
1700938347291 75.4875 0
1700938373564 102.80625 0
1700938400086 76.0375 0
1700938426553 74.6875 0
1700938452959 75.1875 0
1700938479653 73.225 0
1700938505983 73.71875 0
1700938532459 71.7375 0
1700938559166 73.61875 0
1700938585665 78.025 0
1700938612234 101.64375 0
1700938638760 71.13125 0
1700938665064 70.0625 0
1700938691470 77.85625 0
1700938717949 76.38125 0
1700938744471 74.79375 0
1700938770845 70.4875 0
1700938797226 69.11875 0
1700938823834 70.2875 0
1700938850200 69.6 0
1700938876699 67.30625 0
1700938903413 72.4875 0
1700938929727 67.628125 0
1700938956123 69.525 0
1700938982554 66.1625 0
1700939009325 72.7125 0
1700939035785 65.58125 0
1700939062509 65.953125 0
1700939088834 67.2625 0
1700939115337 64.79375 0
1700939141743 68.4875 0
1700939168219 75.45 0
1700939194729 63.303125 0
1700939221440 65.31875 0
1700939247899 66.721875 0
1700939274498 63.28125 0
1700939301102 66.40625 0
1700939327664 64.784375 0
1700939354144 63.021875 0
1700939380628 65.734375 0
1700939407086 64.346875 0
1700939433527 67.140625 0
1700939460164 62.6875 0
1700939486735 60.803125 0
1700939513291 82.834375 0
1700939540240 60.5625 0
1700939566737 62.240625 0
1700939593244 80.240625 0
1700939619623 61.096875 0
1700939647199 66.434375 0
1700939678629 65.75 0
1700939709184 62.9625 0
1700939739399 60.759375 0
1700939770303 58.9 0
1700939799668 64.725 0
1700939826171 81.990625 0
1700939852476 66.5 0
1700939879118 61.34375 0
1700939905753 59.340625 0
1700939932336 72.165625 0
1700939958825 58.628125 0
1700939985268 58.3875 0
1700940011852 55.765625 0
1700940038455 70.353125 0
1700940064821 57.990625 0
1700940091309 60.434375 0
1700940117841 57.65 0
1700940144359 56.990625 0
1700940170877 56.59375 0
1700940197249 54.4625 0
1700940223748 78.165625 0
1700940250205 81.265625 0
1700940276481 59.190625 0
1700940302816 57.903125 0
1700940329210 55.365625 0
1700940355791 55.34375 0
1700940382300 54.009375 0
1700940408764 63.721875 0
1700940435439 63.13125 0
1700940461871 55.9125 0
1700940488293 57.28125 0
1700940514552 53.5375 0
1700940541128 52.665625 0
1700940567668 55.840625 0
1700940593998 51.671875 0
1700940620404 51.6375 0
1700940646721 52.128125 0
1700940673364 51.65 0
1700940699875 54.596875 0
1700940726367 52.853125 0
1700940752679 52.278125 0
1700940779016 51.203125 0
1700940805489 56.78125 0
1700940831927 54.6625 0
1700940858760 49.3875 0
1700940885241 51.53125 0
1700940911743 51.10625 0
1700940938056 51.875 0
1700940964632 49.946875 0
1700940991085 47.371875 0
1700941017396 49.965625 0
1700941046144 60.4625 0
1700941077298 51.296875 0
1700941108426 48.55 0
1700941139081 49.0625 0
1700941169630 48.6875 0
1700941197944 53.121875 0
1700941224606 47.16875 0
1700941251044 51.225 0
1700941277439 50.628125 0
1700941303892 48.39375 0
1700941330232 49.7625 0
1700941356735 49.1875 0
1700941383122 54.8625 0
1700941409566 47.275 0
1700941436166 49.53125 0
1700941462670 47.80625 0
1700941489138 49.903125 0
1700941515782 47.05 0
1700941542140 49.26875 0
1700941568452 46.9 0
1700941594819 45.421875 0
1700941621298 49.290625 0
1700941647894 44.7125 0
1700941674223 44.971875 0
1700941700681 45.68125 0
1700941727011 44.95625 0
1700941753428 46.078125 0
1700941779702 46.48125 0
1700941806104 53.153125 0
1700941832608 45.79375 0
1700941858756 46.046875 0
1700941885245 44.65 0
1700941911604 50.44375 0
1700941938221 53.715625 0
1700941964760 50.728125 0
1700941991373 51.234375 0
1700942017884 43.121875 0
1700942044308 59.296875 0
1700942070670 43.65 0
1700942097084 42.8125 0
1700942123685 43.346875 0
1700942150259 50.175 0
1700942176659 42.875 0
1700942202976 48.075 0
1700942229488 45.253125 0
1700942255899 44.025 0
1700942282340 41.9375 0
1700942308690 41.853125 0
1700942335161 39.940625 0
1700942361592 49.65 0
1700942388007 43.396875 0
1700942414580 41.965625 0
1700942440997 52.659375 0
1700942467306 49.8625 0
1700942493743 42.378125 0
1700942519975 41.64375 0
1700942546532 43.18125 0
1700942572893 41.528125 0
1700942599288 42.1 0
1700942626176 39.51875 0
1700942652902 42.103125 0
1700942682823 41.196875 0
1700942712660 44.490625 0
1700942742058 49.928125 0
1700942772276 43.60625 0
1700942803323 67.240625 0
1700942831752 42.028125 0
1700942858175 42.54375 0
1700942884630 41.7125 0
1700942910918 42.21875 0
1700942937528 44.765625 0
1700942963768 41.734375 0
1700942990101 42.875 0
1700943016635 41.678125 0
1700943043016 41.084375 0
1700943069668 40.4375 0
1700943095997 41.846875 0
1700943122500 42.78125 0
1700943149049 45.796875 0
1700943175433 40.421875 0
1700943201741 40.5125 0
1700943228188 41.296875 0
1700943254544 41.846875 0
1700943282134 40.11875 0
1700943308580 49.6125 0
1700943335041 40.765625 0
1700943361385 41.38125 0
1700943387792 50.3875 0
1700943414224 42.309375 0
1700943441029 41.465625 0
1700943467353 46.25625 0
1700943494137 40.89375 0
1700943520388 48.55625 0
1700943546857 59.984375 0
1700943573218 39.903125 0
1700943599818 41.515625 0
1700943626071 38.15 0
1700943652323 39.85625 0
1700943678990 63.8125 0
1700943705334 40.009375 0
1700943731814 41.121875 0
1700943758194 42.628125 0
1700943784454 45.778125 0
1700943810894 42.31875 0
1700943837507 40.35625 0
1700943863958 42.153125 0
1700943890354 42.009375 0
1700943916911 49.365625 0
1700943943229 41.184375 0
1700943969543 40.459375 0
1700943995969 43.321875 0
1700944022325 47.003125 0
1700944048728 40.509375 0
1700944074983 63.33125 0
1700944101443 40.684375 0
1700944127882 48.8375 0
1700944154382 48.034375 0
1700944180836 39.965625 0
1700944207452 41.315625 0
1700944233713 40.996875 0
1700944260090 42.678125 0
1700944286523 44.303125 0
1700944312964 67.55625 0
1700944339676 62.896875 0
1700944366101 40.26875 0
1700944392872 42.096875 0
1700944420428 42.85625 0
1700944450492 49.359375 0
1700944480208 41.565625 0
1700944510787 41.603125 0
1700944542215 43.68125 0
1700944571313 39.984375 0
1700944597954 44.015625 0
1700944624319 42.471875 0
1700944650565 39.9625 0
1700944676876 44.071875 0
1700944703348 42.546875 0
1700944729973 52.3 0
1700944756363 50.2375 0
1700944782856 50.240625 0
1700944809500 44.10625 0
1700944836072 42.865625 0
1700944862453 64.253125 0
1700944888704 43.409375 0
1700944915041 50.81875 0
