1700930662574 21294568.0 0
1700930686668 21674752.0 0
1700930713356 23854389.0 0
1700930739820 24320307.0 0
1700930766805 24810747.0 0
1700930793399 25264404.0 0
1700930820192 25632234.0 0
1700930846864 26049108.0 0
1700930873408 26343372.0 0
1700930899873 28325978.0 0
1700930926274 28840814.0 0
1700930952689 29441456.0 0
1700930979116 30225968.0 0
1700931005633 30789836.0 0
1700931032116 31255640.0 0
1700931058760 31574348.0 0
1700931085113 31966604.0 0
1700931111487 30597939.0 0
1700931137596 30769593.0 0
1700931163992 33144140.0 0
1700931190351 33426143.0 0
1700931216873 35554112.0 0
1700931243416 36081206.0 0
1700931269659 34799375.0 0
1700931296002 35118161.0 0
1700931322321 37208942.0 0
1700931348730 37392812.0 0
1700931374902 35841560.0 0
1700931401272 35939648.0 0
1700931427604 40369956.0 0
1700931454041 40480305.0 0
1700931480466 40762308.0 0
1700931507152 42049713.0 0
1700931533493 44841134.0 0
1700931560071 45196703.0 0
1700931586518 49528923.0 0
1700931613136 50497542.0 0
1700931641833 53607749.0 0
1700931672623 53963318.0 0
1700931702972 56006818.0 0
1700931734330 55871947.0 0
1700931765839 57927708.0 0
1700931793852 59399028.0 0
1700931820222 60404430.0 0
1700931846837 60686433.0 0
1700931873270 64810216.0 0
1700931899777 64577257.0 0
1700931926013 66412320.0 0
1700931952430 68394515.0 0
1700931978764 68884955.0 0
1700932005299 70037489.0 0
1700932031937 73100366.0 0
1700932058353 73958426.0 0
1700932084897 74741626.0 0
1700932111368 76821909.0 0
1700932137753 76760604.0 0
1700932164098 76515384.0 0
1700932190543 82793016.0 0
1700932216912 82535535.0 0
1700932243407 88433076.0 0
1700932269691 90243617.0 0
1700932296373 90170051.0 0
1700932323278 90071963.0 0
1700932349487 94514532.0 0
1700932375822 98188745.0 0
1700932402339 104881274.0 0
1700932428869 108824264.0 0
1700932455447 109412648.0 0
1700932482347 115590680.0 0
1700932509351 120326354.0 0
1700932535833 125871056.0 0
1700932562431 134729504.0 0
1700932588670 138889052.0 0
1700932615295 144993536.0 0
1700932641617 147310398.0 0
1700932668041 151372876.0 0
1700932694569 157491115.0 0
1700932720866 161492288.0 0
1700932747406 161480027.0 0
1700932773976 163315090.0 0
1700932800280 163057609.0 0
1700932827009 162800128.0 0
1700932853390 173103455.0 0
1700932879908 181289716.0 0
1700932906255 181105801.0 0
1700932932777 187113691.0 0
1700932959402 189022320.0 0
1700932986079 195336735.0 0
1700933012287 200196178.0 0
1700933038717 200318788.0 0
1700933065146 204307700.0 0
1700933091417 208419222.0 0
1700933117797 220827354.0 0
1700933144264 222993464.0 0
1700933170549 223238684.0 0
1700933197011 224403479.0 0
1700933223174 232806351.0 0
1700933249729 247699379.0 0
1700933275947 261804104.0 0
1700933302284 278887670.0 0
1700933328596 296029466.0 0
1700933354909 306323666.0 0
1700933381365 330282191.0 0
1700933407816 344653221.0 0
1700933434308 367120721.0 0
1700933460603 381651066.0 0
1700933487060 396426511.0 0
1700933513397 417530232.0 0
1700933539724 439191884.0 0
1700933566063 456630377.0 0
1700933592865 474706124.0 0
1700933619214 497418372.0 0
1700933645588 512003358.0 0
1700933671950 530661741.0 0
1700933698135 553893536.0 0
1700933724548 574867128.0 0
1700933750978 598310572.0 0
1700933777623 619264412.0 0
1700933803891 638287694.0 0
1700933830159 657323207.0 0
1700933856444 678825305.0 0
1700933882798 695700008.0 0
1700933909312 712427939.0 0
1700933935481 731046416.0 0
1700933963943 754509776.0 0
1700933993624 772360562.0 0
1700934023256 792490196.0 0
1700934053937 820021707.0 0
1700934084374 835572421.0 0
1700934113529 852162104.0 0
1700934140633 870111461.0 0
1700934166791 885148977.0 0
1700934192923 901941956.0 0
1700934219110 922771278.0 0
1700934245005 941209749.0 0
1700934271346 957746129.0 0
1700934297858 972123819.0 0
1700934324126 986648137.0 0
1700934350495 1002113504.0 0
1700934376669 1013950808.0 0
1700934402815 1026918953.0 0
1700934429266 1041757656.0 0
1700934455570 1050723866.0 0
1700934481932 1065880546.0 0
1700934508462 1080988386.0 0
1700934534927 1095974126.0 0
1700934561210 1110972076.0 0
1700934587468 1127980606.0 0
1700934613813 1140601676.0 0
1700934640122 1152435020.0 0
1700934666491 1167331629.0 0
1700934692636 1181470832.0 0
1700934718956 1192149332.0 0
1700934745332 1204471304.0 0
1700934771744 1215527958.0 0
1700934797847 1231499067.0 0
1700934824076 1246625192.0 0
1700934850432 1260132444.0 0
1700934876743 1275587310.0 0
1700934903061 1284772404.0 0
1700934929446 1297913716.0 0
1700934955803 1310859860.0 0
1700934982037 1319435054.0 0
1700935008175 1334121446.0 0
1700935034460 1351048204.0 0
1700935060867 1363774784.0 0
1700935087192 1374675730.0 0
1700935113456 1383531478.0 0
1700935139644 1392253048.0 0
1700935166166 1402283756.0 0
1700935192185 1413108851.0 0
1700935218446 1423059424.0 0
1700935244752 1435791936.0 0
1700935270979 1448487872.0 0
1700935297148 1459176192.0 0
1700935323443 1469852320.0 0
1700935349985 1486819520.0 0
1700935376288 1499793307.0 0
1700935402773 1515736519.0 0
1700935429101 1526751312.0 0
1700935455479 1543714337.0 0
1700935481709 1552173503.0 0
1700935508058 1562639791.0 0
1700935534211 1572959811.0 0
1700935562994 1583133563.0 0
1700935592826 1597443449.0 0
1700935623056 1605220031.0 0
1700935652989 1617279015.0 0
1700935684155 1633656968.0 0
1700935711372 1645850031.0 0
1700935737589 1657197908.0 0
1700935763768 1665325970.0 0
1700935790071 1673210312.0 0
1700935816411 1683101282.0 0
1700935842687 1694791718.0 0
1700935869077 1710653828.0 0
1700935895332 1722332078.0 0
1700935921713 1732076816.0 0
1700935948065 1742974852.0 0
1700935974373 1756482736.0 0
1700936000493 1772769014.0 0
1700936026713 1782157356.0 0
1700936053034 1792184674.0 0
1700936080087 1804009686.0 0
1700936106479 1822262570.0 0
1700936132602 1835718315.0 0
1700936158650 1846933136.0 0
1700936184699 1858788824.0 0
1700936210722 1877947611.0 0
1700936236869 1888442220.0 0
1700936263184 1895763744.0 0
1700936289637 1907297374.0 0
1700936315865 1921993781.0 0
1700936341939 1929908360.0 0
1700936368344 1941975666.0 0
1700936394566 1951657679.0 0
1700936420839 1961026484.0 0
1700936446967 1972406648.0 0
1700936473367 1983662794.0 0
1700936499555 1992515241.0 0
1700936525724 2003009768.0 0
1700936551938 2016624414.0 0
1700936578227 2034364736.0 0
1700936604548 2048717948.0 0
1700936630765 2060823176.0 0
1700936657230 2073529856.0 0
1700936683365 2083995944.0 0
1700936709419 2092174706.0 0
1700936735583 2103390219.0 0
1700936762003 2111450896.0 0
1700936788452 2124794159.0 0
1700936814587 2139746564.0 0
1700936841063 2158320408.0 0
1700936867192 2171512860.0 0
1700936893430 2185601852.0 0
1700936919450 2200586624.0 0
1700936945615 2216690001.0 0
1700936971819 2225573176.0 0
1700936997861 2238348526.0 0
1700937024051 2244989776.0 0
1700937050454 2253510701.0 0
1700937076650 2266153226.0 0
1700937102889 2277886896.0 0
1700937129313 2285785358.0 0
1700937155610 2292495722.0 0
1700937181729 2303265293.0 0
1700937208097 2311938881.0 0
1700937234194 2316251537.0 0
1700937260269 2323571916.0 0
1700937286434 2330937421.0 0
1700937312655 2337210181.0 0
1700937338935 2345457252.0 0
1700937365141 2357749449.0 0
1700937391244 2365755260.0 0
1700937417444 2371991831.0 0
1700937443865 2381474576.0 0
1700937470069 2389767836.0 0
1700937496414 2395870196.0 0
1700937522624 2402020796.0 0
1700937548825 2413853373.0 0
1700937575253 2422892074.0 0
1700937601495 2437578698.0 0
1700937627885 2449804736.0 0
1700937654194 2463623156.0 0
1700937680483 2474118366.0 0
1700937706668 2489561486.0 0
1700937732813 2498628777.0 0
1700937800066 2510848362.0 0
1700937826546 2520941057.0 0
1700937853273 2535058791.0 0
1700937879750 2540945862.0 0
1700937909007 2548682926.0 0
1700937937899 2558269983.0 0
1700937968894 2562676496.0 0
1700937999762 2570090354.0 0
1700938030800 2575424960.0 0
1700938058188 2582899028.0 0
1700938084944 2590228592.0 0
1700938111510 2599613324.0 0
1700938137782 2606870636.0 0
1700938164347 2614031612.0 0
1700938190781 2623223672.0 0
1700938217504 2634350480.0 0
1700938243867 2639227490.0 0
1700938270446 2646231920.0 0
1700938296838 2653236350.0 0
1700938323141 2660349158.0 0
1700938349670 2669589386.0 0
1700938375977 2677280210.0 0
1700938402450 2688584132.0 0
1700938428944 2702786139.0 0
1700938455305 2710426891.0 0
1700938482020 2717887058.0 0
1700938508466 2726209636.0 0
1700938534819 2735565620.0 0
1700938561536 2741696189.0 0
1700938588013 2750965610.0 0
1700938614597 2758229531.0 0
1700938641125 2765830376.0 0
1700938667466 2771317424.0 0
1700938693829 2776611944.0 0
1700938720323 2783695370.0 0
1700938746885 2791601336.0 0
1700938773237 2797523372.0 0
1700938799586 2803406840.0 0
1700938826231 2816605184.0 0
1700938852610 2825591120.0 0
1700938879110 2832488888.0 0
1700938905797 2846545424.0 0
1700938932082 2855353197.0 0
1700938958483 2864100835.0 0
1700938984952 2868767311.0 0
1700939011670 2874284312.0 0
1700939038208 2878877480.0 0
1700939064874 2884270821.0 0
1700939091252 2888694549.0 0
1700939117754 2893154340.0 0
1700939144086 2899641673.0 0
1700939170660 2906213153.0 0
1700939197105 2912868780.0 0
1700939223832 2919332071.0 0
1700939250318 2923791862.0 0
1700939276903 2930315258.0 0
1700939303522 2934582713.0 0
1700939330044 2941070046.0 0
1700939356523 2945589942.0 0
1700939383032 2952860574.0 0
1700939409501 2957211090.0 0
1700939435927 2965555588.0 0
1700939462597 2969821978.0 0
1700939489230 2976031278.0 0
1700939515744 2982060308.0 0
1700939542711 2986386788.0 0
1700939569204 2991631346.0 0
1700939595629 2995740476.0 0
1700939622060 3000017816.0 0
1700939649906 3006273626.0 0
1700939681146 3011236068.0 0
1700939711695 3015332160.0 0
1700939742148 3021466288.0 0
1700939772821 3025778596.0 0
1700939802095 3031936748.0 0
1700939828561 3035996804.0 0
1700939854884 3045182187.0 0
1700939881517 3050469464.0 0
1700939908151 3061130792.0 0
1700939934717 3068437697.0 0
1700939961210 3072698762.0 0
1700939987644 3079905376.0 0
1700940014302 3084057376.0 0
1700940040830 3089945376.0 0
1700940067253 3096798389.0 0
1700940093689 3100757399.0 0
1700940120274 3109641400.0 0
1700940146725 3115646396.0 0
1700940173258 3121471482.0 0
1700940199636 3126075709.0 0
1700940226165 3129780928.0 0
1700940252602 3136248476.0 0
1700940278889 3142101744.0 0
1700940305225 3149568845.0 0
1700940331596 3154785128.0 0
1700940358200 3159759755.0 0
1700940384712 3166679426.0 0
1700940411135 3170713316.0 0
1700940437894 3174771146.0 0
1700940464262 3185053376.0 0
1700940490700 3191225906.0 0
1700940516969 3195140096.0 0
1700940543607 3199803775.0 0
1700940570068 3209688517.0 0
1700940596352 3213314518.0 0
1700940622778 3217661820.0 0
1700940649153 3219257020.0 0
1700940675742 3227888177.0 0
1700940702245 3231476477.0 0
1700940728716 3234861440.0 0
1700940755095 3240359513.0 0
1700940781396 3243864086.0 0
1700940807879 3250099702.0 0
1700940834388 3253543606.0 0
1700940861186 3257914641.0 0
1700940887657 3261489186.0 0
1700940914193 3265015911.0 0
1700940940457 3270535136.0 0
1700940967035 3276042406.0 0
1700940993430 3280299536.0 0
1700941019778 3283502672.0 0
1700941049011 3287398794.0 0
1700941079858 3290792310.0 0
1700941111097 3296488000.0 0
1700941141779 3300168292.0 0
1700941172123 3303657400.0 0
1700941200335 3311057814.0 0
1700941226961 3314427432.0 0
1700941253434 3317629764.0 0
1700941279827 3321612310.0 0
1700941306261 3327055704.0 0
1700941332642 3330328908.0 0
1700941359062 3335497544.0 0
1700941385515 3338543774.0 0
1700941412013 3339718464.0 0
1700941438681 3342860262.0 0
1700941465113 3346085682.0 0
1700941491604 3350060480.0 0
1700941518222 3353117888.0 0
1700941544520 3358344941.0 0
1700941570843 3361474007.0 0
1700941597228 3364567244.0 0
1700941623670 3369316577.0 0
1700941650307 3373022256.0 0
1700941676552 3376138596.0 0
1700941703090 3381125536.0 0
1700941729368 3383919496.0 0
1700941755768 3388858676.0 0
1700941782166 3391652636.0 0
1700941808489 3391729607.0 0
1700941834990 3395322196.0 0
1700941861160 3402131976.0 0
1700941887631 3407178616.0 0
1700941913980 3413066672.0 0
1700941940580 3420642806.0 0
1700941967138 3424226587.0 0
1700941993907 3429952016.0 0
1700942020275 3435651101.0 0
1700942046723 3438536951.0 0
1700942073069 3444256672.0 0
1700942099452 3448023156.0 0
1700942126097 3453049001.0 0
1700942152638 3455909561.0 0
1700942179018 3462886149.0 0
1700942205336 3463712533.0 0
1700942231821 3466513498.0 0
1700942258303 3468629214.0 0
1700942284719 3473656324.0 0
1700942311085 3477296220.0 0
1700942337573 3480013752.0 0
1700942364040 3485482604.0 0
1700942390367 3486153872.0 0
1700942417000 3492806972.0 0
1700942443409 3495333164.0 0
1700942469667 3498050012.0 0
1700942496108 3498792776.0 0
1700942522423 3501557288.0 0
1700942548954 3502264304.0 0
1700942575288 3505064564.0 0
1700942601673 3507709916.0 0
1700942628584 3512281688.0 0
1700942655421 3512845712.0 0
1700942685791 3515514896.0 0
1700942715170 3518064920.0 0
1700942744625 3520531532.0 0
1700942774940 3524829236.0 0
1700942806258 3527788049.0 0
1700942834099 3528498726.0 0
1700942860561 3531535776.0 0
1700942887017 3535516160.0 0
1700942913291 3538707236.0 0
1700942939906 3541517288.0 0
1700942966193 3546954752.0 0
1700942992463 3551795712.0 0
1700943019055 3554581248.0 0
1700943045378 3558078526.0 0
1700943072115 3560672944.0 0
1700943098374 3565191357.0 0
1700943124915 3568376102.0 0
1700943151460 3568808396.0 0
1700943177863 3571306976.0 0
1700943204191 3574608696.0 0
1700943230569 3576268442.0 0
1700943256935 3578540960.0 0
1700943284501 3580837274.0 0
1700943310989 3582955118.0 0
1700943337422 3585239534.0 0
1700943363780 3587619134.0 0
1700943390201 3589855958.0 0
1700943416592 3590157374.0 0
1700943443571 3592608362.0 0
1700943469730 3594750002.0 0
1700943496562 3597093908.0 0
1700943522756 3599283140.0 0
1700943549229 3601947371.0 0
1700943575600 3607270468.0 0
1700943602257 3610065088.0 0
1700943628451 3613522550.0 0
1700943654725 3615357028.0 0
1700943681344 3618301928.0 0
1700943707717 3622661228.0 0
1700943734187 3625324364.0 0
1700943760544 3625803887.0 0
1700943786929 3628146020.0 0
1700943813350 3632362652.0 0
1700943839931 3634633451.0 0
1700943866372 3636892361.0 0
1700943892766 3639115604.0 0
1700943919301 3641303180.0 0
1700943945619 3643312421.0 0
1700943971989 3645464330.0 0
1700943998371 3647449793.0 0
1700944024731 3649340144.0 0
1700944051153 3652761332.0 0
1700944077344 3654854324.0 0
1700944103837 3656864072.0 0
1700944130289 3659834168.0 0
1700944156787 3662318969.0 0
1700944183231 3664720547.0 0
1700944209790 3664229184.0 0
1700944236125 3666441096.0 0
1700944262463 3668593548.0 0
1700944288950 3671108903.0 0
1700944315323 3670970198.0 0
1700944342056 3674960939.0 0
1700944368459 3681983166.0 0
1700944395275 3684526770.0 0
1700944423061 3687548518.0 0
1700944452998 3689734990.0 0
1700944482789 3693925728.0 0
1700944513690 3698223413.0 0
1700944544703 3700600013.0 0
1700944573882 3702845900.0 0
1700944600282 3704818478.0 0
1700944626735 3706163252.0 0
1700944652966 3708255188.0 0
1700944679356 3710014316.0 0
1700944705742 3713920848.0 0
1700944732325 3715882038.0 0
1700944758873 3715636394.0 0
1700944785378 3717657014.0 0
1700944811889 3719582546.0 0
1700944838424 3722286488.0 0
1700944864823 3724045172.0 0
1700944891103 3728105197.0 0
1700944917477 3728037860.0 0
