1700930662576 0.003288225806438861 0
1700930686670 0.0033469323667219882 0
1700930713357 0.003683503582069911 0
1700930739822 0.003755448858972658 0
1700930766806 0.0038311807293966026 0
1700930793400 0.0039012327095387512 0
1700930820194 0.0039580316123567095 0
1700930846865 0.004022403702217062 0
1700930873409 0.004067842824471429 0
1700930899874 0.004373989265817435 0
1700930926275 0.004453488273324127 0
1700930952690 0.004546237115415267 0
1700930979118 0.004667378460187368 0
1700931005634 0.004754448801742316 0
1700931032117 0.004826376475200752 0
1700931058761 0.004875590146514419 0
1700931085114 0.004936160818900469 0
1700931111488 0.004724816800399148 0
1700931137598 0.004751322955047529 0
1700931163993 0.0051179914276834595 0
1700931190353 0.005161537253177227 0
1700931216875 0.005490130093431226 0
1700931243417 0.005571521934449981 0
1700931269660 0.005373586490364272 0
1700931296004 0.005422812206139836 0
1700931322323 0.005745662617559878 0
1700931348732 0.005774055120240839 0
1700931374903 0.0055345167150151545 0
1700931401273 0.005549663089099943 0
1700931427606 0.006233774318596242 0
1700931454043 0.006250813989441629 0
1700931480467 0.006294359814935397 0
1700931507154 0.006493155974798252 0
1700931533495 0.006924196537294536 0
1700931560073 0.0069791021433518955 0
1700931586519 0.0076480669987634056 0
1700931613137 0.007797637442850696 0
1700931641834 0.008277903721122543 0
1700931672624 0.008332809327179903 0
1700931702973 0.008648358787279672 0
1700931734331 0.008627532522913088 0
1700931765841 0.008944975279773455 0
1700931793854 0.009172170891045288 0
1700931820223 0.009327421225414375 0
1700931846838 0.009370967050908143 0
1700931873271 0.010007745861389476 0
1700931899779 0.009971773222938103 0
1700931926014 0.010255136638107695 0
1700931952431 0.01056121961440447 0
1700931978766 0.010636951484828416 0
1700932005301 0.010814921380324685 0
1700932031939 0.01128787914088353 0
1700932058355 0.011420377486728016 0
1700932084899 0.011541316237474352 0
1700932111369 0.011862545587855917 0
1700932137754 0.011853079104052923 0
1700932164100 0.011815213168840951 0
1700932190545 0.01278458111026744 0
1700932216914 0.01274482187829487 0
1700932243408 0.013655497620142803 0
1700932269692 0.013935074441791198 0
1700932296374 0.013923714661227606 0
1700932323279 0.013908568287142818 0
1700932349488 0.014594572813399716 0
1700932375823 0.0151619307426591 0
1700932402340 0.016195365493161692 0
1700932428871 0.016804226939542307 0
1700932455449 0.016895082948121382 0
1700932482349 0.017849071038201682 0
1700932509352 0.018580335718362442 0
1700932535834 0.019436527410319433 0
1700932562432 0.020804415095037748 0
1700932588672 0.021446716600131494 0
1700932615297 0.02238934768913941 0
1700932641619 0.02274710866453734 0
1700932668042 0.023374420991215682 0
1700932694571 0.024319176074754388 0
1700932720868 0.024937021917629736 0
1700932747408 0.024935128620869138 0
1700932773977 0.02521849203603873 0
1700932800281 0.02517873280406616 0
1700932827010 0.02513897357209359 0
1700932853392 0.02672997394991662 0
1700932879910 0.027994065087076296 0
1700932906256 0.027965665635667318 0
1700932932779 0.028893381048360638 0
1700932959404 0.02918810424409382 0
1700932986080 0.030163152075802106 0
1700933012288 0.030913528691919358 0
1700933038718 0.030932461659525342 0
1700933065147 0.03154841420564009 0
1700933091419 0.032183299719360826 0
1700933117799 0.034099316041086625 0
1700933144265 0.034433798468792375 0
1700933170550 0.03447166440400435 0
1700933197013 0.034651527596261215 0
1700933223175 0.03594906697619147 0
1700933249730 0.03824879144139858 0
1700933275949 0.04042678917010213 0
1700933302286 0.04306476814141545 0
1700933328597 0.045711738766783874 0
1700933354911 0.04730132978814871 0
1700933381366 0.05100091365334901 0
1700933407817 0.053220033182381346 0
1700933434309 0.05668937866551888 0
1700933460604 0.05893309900797711 0
1700933487061 0.061214666755705915 0
1700933513398 0.06447342269778869 0
1700933539725 0.06781833221257659 0
1700933566064 0.07051111765476088 0
1700933592866 0.07330230542415164 0
1700933619215 0.07680944395806505 0
1700933645590 0.07906160175491492 0
1700933671951 0.0819427579486926 0
1700933698136 0.08553012294472807 0
1700933724549 0.08876878486396117 0
1700933750980 0.09238883188969113 0
1700933777624 0.09562444378057292 0
1700933803892 0.09856194628335034 0
1700933830161 0.101501337450403 0
1700933856445 0.10482160924629844 0
1700933882800 0.10742733639138968 0
1700933909313 0.11001039956517787 0
1700933935482 0.11288539362694933 0
1700933963944 0.11650851600528381 0
1700933993626 0.11926496615681624 0
1700934023257 0.12237330730714946 0
1700934053938 0.12662461801514108 0
1700934084376 0.1290258998389071 0
1700934113530 0.13158761528489504 0
1700934140634 0.13435928639352632 0
1700934166792 0.1366813221434855 0
1700934192924 0.1392744297808316 0
1700934219112 0.14249081407803946 0
1700934245006 0.1453380123012424 0
1700934271347 0.1478914969016851 0
1700934297860 0.15011164484246406 0
1700934324128 0.15235443451861644 0
1700934350497 0.15474253738482383 0
1700934376670 0.15657040862839455 0
1700934402817 0.15857290001730845 0
1700934429267 0.16086423582363624 0
1700934455571 0.162248763704547 0
1700934481934 0.16458920030396218 0
1700934508463 0.16692209521723536 0
1700934534928 0.16923613591515338 0
1700934561211 0.17155206203460693 0
1700934587470 0.17417845423357475 0
1700934613815 0.1761273516274487 0
1700934640123 0.17795461138295385 0
1700934666493 0.18025488881249502 0
1700934692638 0.18243821050218967 0
1700934718957 0.184087143660827 0
1700934745334 0.18598985548464128 0
1700934771746 0.18769718173872005 0
1700934797848 0.1901633793517098 0
1700934824077 0.19249909776480087 0
1700934850433 0.1945848359962819 0
1700934876744 0.19697131733820228 0
1700934903062 0.19838964444985663 0
1700934929448 0.20041887562509644 0
1700934955805 0.20241796970367432 0
1700934982038 0.20374211838825998 0
1700935008177 0.2060099349120738 0
1700935034461 0.20862370019131993 0
1700935060869 0.21058889003615305 0
1700935087194 0.2122721724559606 0
1700935113458 0.21363964321699785 0
1700935139646 0.21498639472408 0
1700935166167 0.21653529831782523 0
1700935192186 0.21820686811610207 0
1700935218447 0.2197433975694093 0
1700935244754 0.22170950341101137 0
1700935270980 0.22366996132648054 0
1700935297149 0.22532041085198753 0
1700935323444 0.22696897773545022 0
1700935349986 0.22958898791377408 0
1700935376289 0.23159235051876523 0
1700935402774 0.23405424038363246 0
1700935429102 0.23575510262207663 0
1700935455481 0.23837446811285662 0
1700935481710 0.239680700197121 0
1700935508059 0.24129686438975556 0
1700935534212 0.24289044243684088 0
1700935562995 0.24446143433837694 0
1700935592828 0.24667111224461097 0
1700935623057 0.24787194231631224 0
1700935652990 0.24973404453826073 0
1700935684156 0.25226306544684374 0
1700935711373 0.2541458716355457 0
1700935737590 0.255898167432281 0
1700935763769 0.25715327170228713 0
1700935790072 0.2583707416613485 0
1700935816413 0.25989806744718796 0
1700935842688 0.2617032598955026 0
1700935869078 0.2641526262994875 0
1700935895333 0.26595593703225484 0
1700935921714 0.2674606822315275 0
1700935948066 0.2691435153002566 0
1700935974374 0.27122935112276225 0
1700936000494 0.27374421592821113 0
1700936026714 0.27519392781924706 0
1700936053035 0.2767423079421483 0
1700936080088 0.27856828110205695 0
1700936106480 0.281386821690001 0
1700936132604 0.28346460640739285 0
1700936158652 0.28519635620512496 0
1700936184701 0.2870270662357152 0
1700936210723 0.2899854929027162 0
1700936236870 0.29160603031593285 0
1700936263185 0.29273659207042635 0
1700936289639 0.2945175711355061 0
1700936315866 0.29678693413734436 0
1700936341941 0.2980090731783852 0
1700936368345 0.29987246045176846 0
1700936394567 0.30136751989626515 0
1700936420840 0.3028142149584281 0
1700936446969 0.3045714963903081 0
1700936473368 0.3063096274366033 0
1700936499556 0.30767658846983637 0
1700936525726 0.3092971132209264 0
1700936551939 0.31139943482344634 0
1700936578228 0.31413882754627287 0
1700936604549 0.3163551956878425 0
1700936630766 0.3182244387315345 0
1700936657231 0.32018655569442195 0
1700936683367 0.32180268900382086 0
1700936709420 0.32306562217406043 0
1700936735584 0.3247974788277878 0
1700936762005 0.3260421777636276 0
1700936788453 0.328102593440466 0
1700936814588 0.3304114866750846 0
1700936841064 0.3332795886795755 0
1700936867193 0.33531671669816726 0
1700936893431 0.33749228499713957 0
1700936919452 0.33980617622019715 0
1700936945616 0.3422927981522417 0
1700936971821 0.34366450408579774 0
1700936997862 0.3456372248076404 0
1700937024052 0.34666274125094243 0
1700937050455 0.3479785099239547 0
1700937076651 0.3499307203169314 0
1700937102890 0.35174258879429315 0
1700937129314 0.3529622391097904 0
1700937155612 0.3539984278728307 0
1700937181730 0.3556614238672306 0
1700937208098 0.35700076617725157 0
1700937234195 0.35766671003455325 0
1700937260270 0.35879709498252277 0
1700937286435 0.35993444811494857 0
1700937312656 0.360903063740755 0
1700937338936 0.36217654492570944 0
1700937365142 0.3640746590078186 0
1700937391245 0.36531088574562665 0
1700937417445 0.36627391320436115 0
1700937443866 0.3677382024458653 0
1700937470070 0.36901881595967345 0
1700937496416 0.3699611190687189 0
1700937522625 0.3709108712141996 0
1700937548826 0.37273801253249605 0
1700937575255 0.3741337341965789 0
1700937601496 0.37640158654494604 0
1700937627887 0.37828948460712336 0
1700937654195 0.3804232722119346 0
1700937680484 0.38204390242927433 0
1700937706669 0.38442856999876585 0
1700937732815 0.3858287064213827 0
1700937800067 0.3877156080359622 0
1700937826548 0.389274083425344 0
1700937853274 0.3914540899541094 0
1700937879751 0.39236314895857183 0
1700937909008 0.39355787681174403 0
1700937937900 0.3950382735136259 0
1700937968896 0.3957187104101626 0
1700937999763 0.39686353002805164 0
1700938030801 0.39768727949863886 0
1700938058190 0.39884139651461586 0
1700938084946 0.3999731997751819 0
1700938111511 0.40142235422381467 0
1700938137783 0.40254300060667525 0
1700938164348 0.4036487711525952 0
1700938190782 0.4050681739273467 0
1700938217505 0.4067863330939891 0
1700938243868 0.40753942233910834 0
1700938270447 0.40862101964999975 0
1700938296839 0.40970261696089116 0
1700938323143 0.4108009495883408 0
1700938349672 0.4122277902815626 0
1700938375979 0.413415377930656 0
1700938402452 0.4151608863642796 0
1700938428945 0.41735390600762834 0
1700938455307 0.4185337617298482 0
1700938482021 0.4196857322065324 0
1700938508468 0.42097087289385227 0
1700938534820 0.42241558818619485 0
1700938561537 0.42336224722121046 0
1700938588014 0.42479359578592174 0
1700938614598 0.42591526270530383 0
1700938641127 0.42708895614110126 0
1700938667467 0.42793624512272177 0
1700938693831 0.4287538046663907 0
1700938720324 0.4298476002376932 0
1700938746886 0.4310684092921914 0
1700938773238 0.43198286745832376 0
1700938799588 0.43289137010129625 0
1700938826233 0.4349294079400097 0
1700938852611 0.43631698183445117 0
1700938879112 0.4373821088069461 0
1700938905798 0.4395526653744396 0
1700938932083 0.44091272801932896 0
1700938958485 0.4422635048473437 0
1700938984953 0.44298408423680713 0
1700939011672 0.4438359984462125 0
1700939038209 0.44454525789448635 0
1700939064875 0.44537807699929866 0
1700939091253 0.4460611721703426 0
1700939117755 0.44674983605201996 0
1700939144087 0.44775158522042585 0
1700939170661 0.4487663280469766 0
1700939197107 0.4497940645316722 0
1700939223833 0.4507921012263224 0
1700939250319 0.45148076510799984 0
1700939276904 0.4524880829870392 0
1700939303524 0.4531470470786712 0
1700939330045 0.4541487962470771 0
1700939356524 0.45484674131314373 0
1700939383033 0.45596944451949756 0
1700939409502 0.45664123457330497 0
1700939435928 0.4579297600632504 0
1700939462598 0.45858855970165274 0
1700939489232 0.4595473760767922 0
1700939515945 0.46047835584749214 0
1700939542712 0.4611464343540409 0
1700939569205 0.46195627895661584 0
1700939595631 0.4625907951068384 0
1700939622061 0.4632512856023917 0
1700939649907 0.46421728387397804 0
1700939681148 0.4649835652020311 0
1700939711696 0.4656160680741226 0
1700939742149 0.46656327667631636 0
1700939772823 0.46722916679678805 0
1700939802096 0.4681800850932462 0
1700939828562 0.46880702342394104 0
1700939854885 0.47022539516187084 0
1700939881518 0.47104183626916124 0
1700939908153 0.472688117793187 0
1700939934718 0.47381642213757175 0
1700939961211 0.47447439950982523 0
1700939987645 0.4755872173012847 0
1700940014303 0.4762283532730656 0
1700940040832 0.4771375557301576 0
1700940067254 0.47819577180659834 0
1700940093690 0.4788071070001533 0
1700940120276 0.4801789404814725 0
1700940146726 0.4811062090137462 0
1700940173260 0.48200569653140446 0
1700940199637 0.4827166636681927 0
1700940226166 0.4832888094254726 0
1700940252603 0.48428750346979327 0
1700940278890 0.4851913427441849 0
1700940305226 0.48634438394264856 0
1700940331597 0.48714986242778563 0
1700940358202 0.4879180253169697 0
1700940384713 0.48898653446701523 0
1700940411136 0.4896094323439919 0
1700940437896 0.4902360269442741 0
1700940464263 0.4918237696039862 0
1700940490702 0.4927769080962542 0
1700940516970 0.49338132235670334 0
1700940543608 0.49410146984411646 0
1700940570069 0.4956278339259983 0
1700940596353 0.4961877471424755 0
1700940622779 0.49685904090268623 0
1700940649154 0.49710536559011037 0
1700940675743 0.4984381558672752 0
1700940702246 0.49899224743941906 0
1700940728717 0.4995149404891414 0
1700940755097 0.5003639319091263 0
1700940781398 0.5009050946779202 0
1700940807880 0.5018679746692045 0
1700940834390 0.5023997691628846 0
1700940861187 0.503074727682252 0
1700940887659 0.503626695259865 0
1700940914195 0.5041712786558379 0
1700940940458 0.5050235362868235 0
1700940967036 0.505873947872399 0
1700940993431 0.5065313176169914 0
1700941019779 0.5070259336362849 0
1700941049012 0.5076275579052268 0
1700941079859 0.5081515716765211 0
1700941111098 0.5090310783583883 0
1700941141780 0.5095993749835949 0
1700941172124 0.5101381497061932 0
1700941200336 0.5112808933529829 0
1700941226963 0.5118012168864512 0
1700941253436 0.5122957087551374 0
1700941279828 0.5129106782878619 0
1700941306262 0.5137512263856403 0
1700941332644 0.5142566620377061 0
1700941359064 0.5150547830552017 0
1700941385517 0.5155251702496425 0
1700941412014 0.5157065613899824 0
1700941438683 0.516191705829739 0
1700941465114 0.5166897628591468 0
1700941491606 0.5173035359753229 0
1700941518223 0.5177756492338033 0
1700941544521 0.5185827907811792 0
1700941570845 0.5190659691941553 0
1700941597230 0.5195436150298836 0
1700941623671 0.5202769888806219 0
1700941650308 0.5208492056693438 0
1700941676554 0.5213304189820364 0
1700941703091 0.5221004831976224 0
1700941729369 0.522531915822795 0
1700941755769 0.5232946051217113 0
1700941782167 0.5237260377468841 0
1700941808491 0.5237379233145343 0
1700941834991 0.5242926771776664 0
1700941861161 0.5253442173794761 0
1700941887632 0.5261235002408992 0
1700941913981 0.5270327113452971 0
1700941940581 0.5282025890029156 0
1700941967140 0.5287559827683503 0
1700941993908 0.5296400816329403 0
1700942020276 0.5305201125577323 0
1700942046724 0.5309657344855175 0
1700942073070 0.5318489519425624 0
1700942099454 0.5324305580069981 0
1700942126098 0.533206629783996 0
1700942152639 0.5336483465266352 0
1700942179020 0.5347256445822938 0
1700942205338 0.5348532516412784 0
1700942231823 0.5352857659517792 0
1700942258304 0.535612466730602 0
1700942284721 0.5363887338440653 0
1700942311086 0.5369507926733382 0
1700942337574 0.5373704235788455 0
1700942364041 0.5382149028036879 0
1700942390368 0.5383185574427788 0
1700942417001 0.5393459037177921 0
1700942443411 0.5397359886317673 0
1700942469669 0.5401555139166085 0
1700942496109 0.5402702086947743 0
1700942522425 0.540697094072332 0
1700942548955 0.5408062687809603 0
1700942575289 0.5412386742280555 0
1700942601675 0.541647159373822 0
1700942628586 0.5423531149335475 0
1700942655422 0.5424402093640264 0
1700942685792 0.5428523745561511 0
1700942715171 0.5432461395164846 0
1700942744626 0.5436270243145641 0
1700942774942 0.5442906593411697 0
1700942806259 0.544747547936563 0
1700942834100 0.5448572879628196 0
1700942860562 0.5453262576167448 0
1700942887018 0.545940893301692 0
1700942913292 0.5464336470618767 0
1700942939908 0.5468675645521885 0
1700942966194 0.5477071969620304 0
1700942992465 0.5484547195039264 0
1700943019056 0.5488848513272142 0
1700943045379 0.5494248876299883 0
1700943072116 0.5498255077421357 0
1700943098375 0.55052322380901 0
1700943124917 0.5510149999603706 0
1700943151462 0.5510817531476985 0
1700943177864 0.5514675743221619 0
1700943204193 0.5519774133059645 0
1700943230570 0.5522337049400251 0
1700943256936 0.552584618484418 0
1700943284502 0.5529392065161868 0
1700943310991 0.5532662358926368 0
1700943337423 0.5536189866807176 0
1700943363781 0.553986435418302 0
1700943390203 0.5543318372316312 0
1700943416593 0.5543783807383917 0
1700943443572 0.5547568529381035 0
1700943469731 0.5550875568019293 0
1700943496563 0.5554494938084499 0
1700943522757 0.5557875466470273 0
1700943549231 0.5561989470158216 0
1700943575601 0.5570209193106143 0
1700943602259 0.5574524538504645 0
1700943628453 0.5579863419186883 0
1700943654726 0.5582696150003937 0
1700943681346 0.5587243552035001 0
1700943707718 0.5593975016490166 0
1700943734188 0.5598087329320957 0
1700943760546 0.5598827790411025 0
1700943786930 0.5602444422677391 0
1700943813351 0.5608955584659477 0
1700943839933 0.5612462065689304 0
1700943866373 0.5615950188179708 0
1700943892767 0.5619383235051842 0
1700943919303 0.5622761206305706 0
1700943945621 0.5625863799468224 0
1700943971990 0.5629186695103818 0
1700943998372 0.5632252571187488 0
1700944024732 0.5635171578955774 0
1700944051154 0.5640454446713541 0
1700944077345 0.5643686364969441 0
1700944103838 0.5646789741021981 0
1700944130291 0.5651376049753298 0
1700944156788 0.5655212984492741 0
1700944183233 0.5658921409456223 0
1700944209791 0.5658162665490659 0
1700944236127 0.5661578215465645 0
1700944262464 0.5664901949581087 0
1700944288952 0.566878606463961 0
1700944315324 0.5668571881679674 0
1700944342057 0.5674734231412719 0
1700944368460 0.5685577685968863 0
1700944395276 0.5689505422053559 0
1700944423063 0.5694171489829226 0
1700944452999 0.5697547756328484 0
1700944482790 0.5704018933785394 0
1700944513691 0.5710655254712377 0
1700944544704 0.5714325109602874 0
1700944573884 0.5717793122474394 0
1700944600283 0.5720839102033506 0
1700944626736 0.5722915650649392 0
1700944652967 0.572614593827045 0
1700944679357 0.572886231649725 0
1700944705743 0.5734894633910816 0
1700944732326 0.5737923028555558 0
1700944758874 0.5737543714478843 0
1700944785380 0.5740663878658275 0
1700944811890 0.5743637211582203 0
1700944838426 0.5747812535478661 0
1700944864824 0.5750528228097629 0
1700944891104 0.5756797563535562 0
1700944917479 0.5756693584313665 0
