1700930662575 6454710808.0 0
1700930686669 6454330624.0 0
1700930713357 6452150987.0 0
1700930739821 6451685069.0 0
1700930766806 6451194629.0 0
1700930793400 6450740972.0 0
1700930820193 6450373142.0 0
1700930846864 6449956268.0 0
1700930873409 6449662004.0 0
1700930899874 6447679398.0 0
1700930926274 6447164562.0 0
1700930952690 6446563920.0 0
1700930979117 6445779408.0 0
1700931005634 6445215540.0 0
1700931032116 6444749736.0 0
1700931058760 6444431028.0 0
1700931085114 6444038772.0 0
1700931111487 6445407437.0 0
1700931137597 6445235783.0 0
1700931163992 6442861236.0 0
1700931190352 6442579233.0 0
1700931216874 6440451264.0 0
1700931243417 6439924170.0 0
1700931269660 6441206001.0 0
1700931296003 6440887215.0 0
1700931322322 6438796434.0 0
1700931348731 6438612564.0 0
1700931374902 6440163816.0 0
1700931401273 6440065728.0 0
1700931427605 6435635420.0 0
1700931454042 6435525071.0 0
1700931480467 6435243068.0 0
1700931507153 6433955663.0 0
1700931533494 6431164242.0 0
1700931560072 6430808673.0 0
1700931586519 6426476453.0 0
1700931613136 6425507834.0 0
1700931641834 6422397627.0 0
1700931672624 6422042058.0 0
1700931702972 6419998558.0 0
1700931734331 6420133429.0 0
1700931765840 6418077668.0 0
1700931793853 6416606348.0 0
1700931820223 6415600946.0 0
1700931846838 6415318943.0 0
1700931873271 6411195160.0 0
1700931899778 6411428119.0 0
1700931926014 6409593056.0 0
1700931952430 6407610861.0 0
1700931978765 6407120421.0 0
1700932005300 6405967887.0 0
1700932031938 6402905010.0 0
1700932058354 6402046950.0 0
1700932084898 6401263750.0 0
1700932111368 6399183467.0 0
1700932137753 6399244772.0 0
1700932164099 6399489992.0 0
1700932190544 6393212360.0 0
1700932216913 6393469841.0 0
1700932243407 6387572300.0 0
1700932269691 6385761759.0 0
1700932296374 6385835325.0 0
1700932323278 6385933413.0 0
1700932349488 6381490844.0 0
1700932375822 6377816631.0 0
1700932402339 6371124102.0 0
1700932428870 6367181112.0 0
1700932455448 6366592728.0 0
1700932482348 6360414696.0 0
1700932509352 6355679022.0 0
1700932535833 6350134320.0 0
1700932562432 6341275872.0 0
1700932588671 6337116324.0 0
1700932615296 6331011840.0 0
1700932641618 6328694978.0 0
1700932668041 6324632500.0 0
1700932694570 6318514261.0 0
1700932720867 6314513088.0 0
1700932747407 6314525349.0 0
1700932773977 6312690286.0 0
1700932800280 6312947767.0 0
1700932827009 6313205248.0 0
1700932853391 6302901921.0 0
1700932879909 6294715660.0 0
1700932906256 6294899575.0 0
1700932932778 6288891685.0 0
1700932959403 6286983056.0 0
1700932986079 6280668641.0 0
1700933012288 6275809198.0 0
1700933038717 6275686588.0 0
1700933065147 6271697676.0 0
1700933091418 6267586154.0 0
1700933117798 6255178022.0 0
1700933144264 6253011912.0 0
1700933170550 6252766692.0 0
1700933197012 6251601897.0 0
1700933223175 6243199025.0 0
1700933249730 6228305997.0 0
1700933275948 6214201272.0 0
1700933302285 6197117706.0 0
1700933328596 6179975910.0 0
1700933354910 6169681710.0 0
1700933381365 6145723185.0 0
1700933407816 6131352155.0 0
1700933434309 6108884655.0 0
1700933460603 6094354310.0 0
1700933487061 6079578865.0 0
1700933513397 6058475144.0 0
1700933539725 6036813492.0 0
1700933566063 6019374999.0 0
1700933592866 6001299252.0 0
1700933619214 5978587004.0 0
1700933645589 5964002018.0 0
1700933671950 5945343635.0 0
1700933698136 5922111840.0 0
1700933724549 5901138248.0 0
1700933750979 5877694804.0 0
1700933777623 5856740964.0 0
1700933803892 5837717682.0 0
1700933830160 5818682169.0 0
1700933856445 5797180071.0 0
1700933882799 5780305368.0 0
1700933909313 5763577437.0 0
1700933935482 5744958960.0 0
1700933963943 5721495600.0 0
1700933993625 5703644814.0 0
1700934023256 5683515180.0 0
1700934053938 5655983669.0 0
1700934084375 5640432955.0 0
1700934113529 5623843272.0 0
1700934140634 5605893915.0 0
1700934166792 5590856399.0 0
1700934192924 5574063420.0 0
1700934219111 5553234098.0 0
1700934245006 5534795627.0 0
1700934271346 5518259247.0 0
1700934297859 5503881557.0 0
1700934324127 5489357239.0 0
1700934350496 5473891872.0 0
1700934376669 5462054568.0 0
1700934402816 5449086423.0 0
1700934429266 5434247720.0 0
1700934455571 5425281510.0 0
1700934481933 5410124830.0 0
1700934508462 5395016990.0 0
1700934534927 5380031250.0 0
1700934561210 5365033300.0 0
1700934587469 5348024770.0 0
1700934613814 5335403700.0 0
1700934640123 5323570356.0 0
1700934666492 5308673747.0 0
1700934692637 5294534544.0 0
1700934718957 5283856044.0 0
1700934745333 5271534072.0 0
1700934771745 5260477418.0 0
1700934797847 5244506309.0 0
1700934824076 5229380184.0 0
1700934850433 5215872932.0 0
1700934876744 5200418066.0 0
1700934903062 5191232972.0 0
1700934929447 5178091660.0 0
1700934955804 5165145516.0 0
1700934982038 5156570322.0 0
1700935008176 5141883930.0 0
1700935034461 5124957172.0 0
1700935060868 5112230592.0 0
1700935087193 5101329646.0 0
1700935113457 5092473898.0 0
1700935139645 5083752328.0 0
1700935166167 5073721620.0 0
1700935192186 5062896525.0 0
1700935218446 5052945952.0 0
1700935244753 5040213440.0 0
1700935270979 5027517504.0 0
1700935297149 5016829184.0 0
1700935323443 5006153056.0 0
1700935349985 4989185856.0 0
1700935376288 4976212069.0 0
1700935402773 4960268857.0 0
1700935429101 4949254064.0 0
1700935455480 4932291039.0 0
1700935481709 4923831873.0 0
1700935508059 4913365585.0 0
1700935534211 4903045565.0 0
1700935562995 4892871813.0 0
1700935592827 4878561927.0 0
1700935623057 4870785345.0 0
1700935652989 4858726361.0 0
1700935684156 4842348408.0 0
1700935711373 4830155345.0 0
1700935737590 4818807468.0 0
1700935763768 4810679406.0 0
1700935790071 4802795064.0 0
1700935816412 4792904094.0 0
1700935842688 4781213658.0 0
1700935869078 4765351548.0 0
1700935895332 4753673298.0 0
1700935921714 4743928560.0 0
1700935948066 4733030524.0 0
1700935974373 4719522640.0 0
1700936000493 4703236362.0 0
1700936026714 4693848020.0 0
1700936053035 4683820702.0 0
1700936080087 4671995690.0 0
1700936106480 4653742806.0 0
1700936132603 4640287061.0 0
1700936158651 4629072240.0 0
1700936184700 4617216552.0 0
1700936210722 4598057765.0 0
1700936236869 4587563156.0 0
1700936263185 4580241632.0 0
1700936289638 4568708002.0 0
1700936315865 4554011595.0 0
1700936341940 4546097016.0 0
1700936368345 4534029710.0 0
1700936394566 4524347697.0 0
1700936420839 4514978892.0 0
1700936446968 4503598728.0 0
1700936473367 4492342582.0 0
1700936499555 4483490135.0 0
1700936525725 4472995608.0 0
1700936551938 4459380962.0 0
1700936578228 4441640640.0 0
1700936604548 4427287428.0 0
1700936630766 4415182200.0 0
1700936657231 4402475520.0 0
1700936683366 4392009432.0 0
1700936709419 4383830670.0 0
1700936735583 4372615157.0 0
1700936762004 4364554480.0 0
1700936788452 4351211217.0 0
1700936814587 4336258812.0 0
1700936841064 4317684968.0 0
1700936867193 4304492516.0 0
1700936893431 4290403524.0 0
1700936919451 4275418752.0 0
1700936945615 4259315375.0 0
1700936971820 4250432200.0 0
1700936997861 4237656850.0 0
1700937024052 4231015600.0 0
1700937050455 4222494675.0 0
1700937076651 4209852150.0 0
1700937102890 4198118480.0 0
1700937129313 4190220018.0 0
1700937155611 4183509654.0 0
1700937181729 4172740083.0 0
1700937208098 4164066495.0 0
1700937234194 4159753839.0 0
1700937260270 4152433460.0 0
1700937286435 4145067955.0 0
1700937312656 4138795195.0 0
1700937338936 4130548124.0 0
1700937365142 4118255927.0 0
1700937391244 4110250116.0 0
1700937417445 4104013545.0 0
1700937443866 4094530800.0 0
1700937470070 4086237540.0 0
1700937496415 4080135180.0 0
1700937522625 4073984580.0 0
1700937548825 4062152003.0 0
1700937575254 4053113302.0 0
1700937601496 4038426678.0 0
1700937627886 4026200640.0 0
1700937654195 4012382220.0 0
1700937680483 4001887010.0 0
1700937706668 3986443890.0 0
1700937732814 3977376599.0 0
1700937800067 3965157014.0 0
1700937826547 3955064319.0 0
1700937853274 3940946585.0 0
1700937879750 3935059514.0 0
1700937909007 3927322450.0 0
1700937937899 3917735393.0 0
1700937968895 3913328880.0 0
1700937999762 3905915022.0 0
1700938030800 3900580416.0 0
1700938058189 3893106348.0 0
1700938084945 3885776784.0 0
1700938111511 3876392052.0 0
1700938137783 3869134740.0 0
1700938164348 3861973764.0 0
1700938190781 3852781704.0 0
1700938217505 3841654896.0 0
1700938243867 3836777886.0 0
1700938270447 3829773456.0 0
1700938296839 3822769026.0 0
1700938323142 3815656218.0 0
1700938349671 3806415990.0 0
1700938375978 3798725166.0 0
1700938402451 3787421244.0 0
1700938428944 3773219237.0 0
1700938455306 3765578485.0 0
1700938482020 3758118318.0 0
1700938508467 3749795740.0 0
1700938534820 3740439756.0 0
1700938561536 3734309187.0 0
1700938588014 3725039766.0 0
1700938614598 3717775845.0 0
1700938641126 3710175000.0 0
1700938667466 3704687952.0 0
1700938693830 3699393432.0 0
1700938720323 3692310006.0 0
1700938746885 3684404040.0 0
1700938773238 3678482004.0 0
1700938799587 3672598536.0 0
1700938826232 3659400192.0 0
1700938852611 3650414256.0 0
1700938879111 3643516488.0 0
1700938905798 3629459952.0 0
1700938932083 3620652179.0 0
1700938958484 3611904541.0 0
1700938984952 3607238065.0 0
1700939011671 3601721064.0 0
1700939038209 3597127896.0 0
1700939064875 3591734555.0 0
1700939091252 3587310827.0 0
1700939117755 3582851036.0 0
1700939144087 3576363703.0 0
1700939170661 3569792223.0 0
1700939197106 3563136596.0 0
1700939223832 3556673305.0 0
1700939250319 3552213514.0 0
1700939276904 3545690118.0 0
1700939303523 3541422663.0 0
1700939330045 3534935330.0 0
1700939356523 3530415434.0 0
1700939383033 3523144802.0 0
1700939409501 3518794286.0 0
1700939435928 3510449788.0 0
1700939462597 3506183398.0 0
1700939489231 3499974098.0 0
1700939515744 3493945068.0 0
1700939542711 3489618588.0 0
1700939569204 3484374030.0 0
1700939595630 3480264900.0 0
1700939622060 3475987560.0 0
1700939649907 3469731750.0 0
1700939681147 3464769308.0 0
1700939711696 3460673216.0 0
1700939742149 3454539088.0 0
1700939772822 3450226780.0 0
1700939802096 3444068628.0 0
1700939828561 3440008572.0 0
1700939854885 3430823189.0 0
1700939881517 3425535912.0 0
1700939908152 3414874584.0 0
1700939934718 3407567679.0 0
1700939961210 3403306614.0 0
1700939987645 3396100000.0 0
1700940014303 3391948000.0 0
1700940040831 3386060000.0 0
1700940067253 3379206987.0 0
1700940093689 3375247977.0 0
1700940120275 3366363976.0 0
1700940146726 3360358980.0 0
1700940173259 3354533894.0 0
1700940199637 3349929667.0 0
1700940226166 3346224448.0 0
1700940252603 3339756900.0 0
1700940278889 3333903632.0 0
1700940305226 3326436531.0 0
1700940331597 3321220248.0 0
1700940358201 3316245621.0 0
1700940384713 3309325950.0 0
1700940411135 3305292060.0 0
1700940437895 3301234230.0 0
1700940464262 3290952000.0 0
1700940490701 3284779470.0 0
1700940516970 3280865280.0 0
1700940543608 3276201601.0 0
1700940570068 3266316859.0 0
1700940596353 3262690858.0 0
1700940622779 3258343556.0 0
1700940649154 3256748356.0 0
1700940675742 3248117199.0 0
1700940702246 3244528899.0 0
1700940728716 3241143936.0 0
1700940755096 3235645863.0 0
1700940781397 3232141290.0 0
1700940807880 3225905674.0 0
1700940834389 3222461770.0 0
1700940861186 3218090735.0 0
1700940887658 3214516190.0 0
1700940914194 3210989465.0 0
1700940940457 3205470240.0 0
1700940967036 3199962970.0 0
1700940993430 3195705840.0 0
1700941019779 3192502704.0 0
1700941049012 3188606582.0 0
1700941079859 3185213066.0 0
1700941111098 3179517376.0 0
1700941141780 3175837084.0 0
1700941172123 3172347976.0 0
1700941200336 3164947562.0 0
1700941226962 3161577944.0 0
1700941253435 3158375612.0 0
1700941279828 3154393066.0 0
1700941306262 3148949672.0 0
1700941332643 3145676468.0 0
1700941359063 3140507832.0 0
1700941385516 3137461602.0 0
1700941412013 3136286912.0 0
1700941438682 3133145114.0 0
1700941465113 3129919694.0 0
1700941491605 3125944896.0 0
1700941518222 3122887488.0 0
1700941544521 3117660435.0 0
1700941570844 3114531369.0 0
1700941597229 3111438132.0 0
1700941623671 3106688799.0 0
1700941650308 3102983120.0 0
1700941676553 3099866780.0 0
1700941703090 3094879840.0 0
1700941729369 3092085880.0 0
1700941755769 3087146700.0 0
1700941782166 3084352740.0 0
1700941808490 3084275769.0 0
1700941834991 3080683180.0 0
1700941861160 3073873400.0 0
1700941887631 3068826760.0 0
1700941913980 3062938704.0 0
1700941940581 3055362570.0 0
1700941967139 3051778789.0 0
1700941993908 3046053360.0 0
1700942020276 3040354275.0 0
1700942046723 3037468425.0 0
1700942073069 3031748704.0 0
1700942099453 3027982220.0 0
1700942126097 3022956375.0 0
1700942152638 3020095815.0 0
1700942179019 3013119227.0 0
1700942205337 3012292843.0 0
1700942231822 3009491878.0 0
1700942258303 3007376162.0 0
1700942284720 3002349052.0 0
1700942311086 2998709156.0 0
1700942337574 2995991624.0 0
1700942364040 2990522772.0 0
1700942390368 2989851504.0 0
1700942417000 2983198404.0 0
1700942443410 2980672212.0 0
1700942469668 2977955364.0 0
1700942496108 2977212600.0 0
1700942522424 2974448088.0 0
1700942548954 2973741072.0 0
1700942575288 2970940812.0 0
1700942601674 2968295460.0 0
1700942628585 2963723688.0 0
1700942655422 2963159664.0 0
1700942685791 2960490480.0 0
1700942715171 2957940456.0 0
1700942744626 2955473844.0 0
1700942774941 2951176140.0 0
1700942806258 2948217327.0 0
1700942834099 2947506650.0 0
1700942860561 2944469600.0 0
1700942887018 2940489216.0 0
1700942913292 2937298140.0 0
1700942939907 2934488088.0 0
1700942966194 2929050624.0 0
1700942992464 2924209664.0 0
1700943019055 2921424128.0 0
1700943045378 2917926850.0 0
1700943072116 2915332432.0 0
1700943098375 2910814019.0 0
1700943124916 2907629274.0 0
1700943151461 2907196980.0 0
1700943177863 2904698400.0 0
1700943204192 2901396680.0 0
1700943230569 2899736934.0 0
1700943256935 2897464416.0 0
1700943284502 2895168102.0 0
1700943310990 2893050258.0 0
1700943337423 2890765842.0 0
1700943363781 2888386242.0 0
1700943390202 2886149418.0 0
1700943416593 2885848002.0 0
1700943443572 2883397014.0 0
1700943469731 2881255374.0 0
1700943496562 2878911468.0 0
1700943522756 2876722236.0 0
1700943549230 2874058005.0 0
1700943575601 2868734908.0 0
1700943602258 2865940288.0 0
1700943628452 2862482826.0 0
1700943654726 2860648348.0 0
1700943681345 2857703448.0 0
1700943707717 2853344148.0 0
1700943734187 2850681012.0 0
1700943760545 2850201489.0 0
1700943786930 2847859356.0 0
1700943813350 2843642724.0 0
1700943839932 2841371925.0 0
1700943866373 2839113015.0 0
1700943892767 2836889772.0 0
1700943919302 2834702196.0 0
1700943945620 2832692955.0 0
1700943971990 2830541046.0 0
1700943998372 2828555583.0 0
1700944024732 2826665232.0 0
1700944051154 2823244044.0 0
1700944077344 2821151052.0 0
1700944103838 2819141304.0 0
1700944130290 2816171208.0 0
1700944156788 2813686407.0 0
1700944183232 2811284829.0 0
1700944209791 2811776192.0 0
1700944236126 2809564280.0 0
1700944262463 2807411828.0 0
1700944288951 2804896473.0 0
1700944315323 2805035178.0 0
1700944342057 2801044437.0 0
1700944368460 2794022210.0 0
1700944395276 2791478606.0 0
1700944423062 2788456858.0 0
1700944452999 2786270386.0 0
1700944482790 2782079648.0 0
1700944513690 2777781963.0 0
1700944544704 2775405363.0 0
1700944573883 2773159476.0 0
1700944600283 2771186898.0 0
1700944626736 2769842124.0 0
1700944652966 2767750188.0 0
1700944679356 2765991060.0 0
1700944705742 2762084528.0 0
1700944732326 2760123338.0 0
1700944758874 2760368982.0 0
1700944785379 2758348362.0 0
1700944811889 2756422830.0 0
1700944838425 2753718888.0 0
1700944864823 2751960204.0 0
1700944891103 2747900179.0 0
1700944917478 2747967516.0 0
