1700930660168 0.0 0
1700930684282 0.0016904583020285499 0
1700930710940 0.0035687453042824945 0
1700930737395 0.005447032306536439 0
1700930764352 0.007325319308790383 0
1700930790927 0.009203606311044327 0
1700930817761 0.011081893313298272 0
1700930844439 0.012960180315552216 0
1700930870952 0.014838467317806161 0
1700930897429 0.016716754320060104 0
1700930923868 0.01859504132231405 0
1700930950259 0.020473328324567993 0
1700930976679 0.02235161532682194 0
1700931003200 0.024229902329075882 0
1700931029671 0.02610818933132983 0
1700931056318 0.02798647633358377 0
1700931082659 0.029864763335837714 0
1700931109079 0.03174305033809166 0
1700931135156 0.03362133734034561 0
1700931161565 0.035499624342599546 0
1700931187947 0.03737791134485349 0
1700931214438 0.03925619834710744 0
1700931241011 0.041134485349361385 0
1700931267200 0.043012772351615325 0
1700931293595 0.04489105935386927 0
1700931319907 0.04676934635612322 0
1700931346318 0.04864763335837716 0
1700931372480 0.0505259203606311 0
1700931398876 0.05240420736288505 0
1700931425214 0.054282494365138996 0
1700931451663 0.056160781367392935 0
1700931478019 0.05803906836964688 0
1700931504709 0.05991735537190083 0
1700931531073 0.06179564237415477 0
1700931557652 0.06367392937640871 0
1700931584069 0.06555221637866265 0
1700931610691 0.0674305033809166 0
1700931639368 0.06930879038317055 0
1700931670079 0.0711870773854245 0
1700931700448 0.07306536438767844 0
1700931731812 0.07494365138993238 0
1700931763306 0.07682193839218633 0
1700931791414 0.07870022539444027 0
1700931817822 0.08057851239669421 0
1700931844399 0.08245679939894816 0
1700931870852 0.0843350864012021 0
1700931897336 0.08621337340345604 0
1700931923607 0.08809166040571 0
1700931949998 0.08996994740796393 0
1700931976346 0.09184823441021787 0
1700932002889 0.09372652141247183 0
1700932029492 0.09560480841472577 0
1700932055946 0.09748309541697972 0
1700932082480 0.09936138241923366 0
1700932108922 0.1012396694214876 0
1700932135374 0.10311795642374155 0
1700932161687 0.10499624342599549 0
1700932188146 0.10687453042824943 0
1700932214402 0.10875281743050338 0
1700932240998 0.11063110443275732 0
1700932267290 0.11250939143501126 0
1700932293953 0.11438767843726522 0
1700932320245 0.11626596543951916 0
1700932347052 0.11814425244177311 0
1700932373420 0.12002253944402705 0
1700932399910 0.12190082644628099 0
1700932426381 0.12377911344853494 0
1700932452923 0.12565740045078888 0
1700932479848 0.12753568745304283 0
1700932506845 0.12941397445529676 0
1700932533422 0.1312922614575507 0
1700932559995 0.13317054845980467 0
1700932586270 0.1350488354620586 0
1700932612870 0.13692712246431255 0
1700932639231 0.1388054094665665 0
1700932665617 0.14068369646882042 0
1700932692169 0.14256198347107438 0
1700932718474 0.14444027047332833 0
1700932745000 0.14631855747558226 0
1700932771596 0.1481968444778362 0
1700932797863 0.15007513148009016 0
1700932824619 0.15195341848234412 0
1700932850975 0.15383170548459804 0
1700932877406 0.155709992486852 0
1700932903863 0.15758827948910595 0
1700932930347 0.15946656649135987 0
1700932956972 0.16134485349361383 0
1700932983615 0.16322314049586778 0
1700933009902 0.1651014274981217 0
1700933036319 0.16697971450037566 0
1700933062740 0.1688580015026296 0
1700933089010 0.17073628850488354 0
1700933115407 0.1726145755071375 0
1700933141824 0.17449286250939144 0
1700933168147 0.17637114951164537 0
1700933194619 0.17824943651389932 0
1700933220797 0.18012772351615328 0
1700933247311 0.1820060105184072 0
1700933273565 0.18388429752066116 0
1700933299896 0.1857625845229151 0
1700933326180 0.18764087152516903 0
1700933352502 0.189519158527423 0
1700933378944 0.19139744552967694 0
1700933405438 0.19327573253193087 0
1700933431901 0.19515401953418482 0
1700933458187 0.19703230653643877 0
1700933484588 0.19891059353869273 0
1700933510890 0.20078888054094665 0
1700933537301 0.2026671675432006 0
1700933563620 0.20454545454545456 0
1700933590403 0.20642374154770848 0
1700933616740 0.20830202854996244 0
1700933643187 0.2101803155522164 0
1700933669561 0.21205860255447032 0
1700933695765 0.21393688955672427 0
1700933722136 0.21581517655897822 0
1700933748634 0.21769346356123215 0
1700933775243 0.2195717505634861 0
1700933801476 0.22145003756574005 0
1700933827763 0.22332832456799398 0
1700933854049 0.22520661157024793 0
1700933880434 0.2270848985725019 0
1700933906892 0.2289631855747558 0
1700933933078 0.23084147257700977 0
1700933961450 0.23271975957926372 0
1700933991110 0.23459804658151764 0
1700934020773 0.2364763335837716 0
1700934051438 0.23835462058602555 0
1700934081854 0.24023290758827948 0
1700934111159 0.24211119459053343 0
1700934138223 0.24398948159278738 0
1700934164390 0.24586776859504134 0
1700934190540 0.24774605559729526 0
1700934216700 0.24962434259954921 0
1700934242648 0.25150262960180314 0
1700934268951 0.2533809166040571 0
1700934295450 0.25525920360631105 0
1700934321668 0.257137490608565 0
1700934348081 0.25901577761081895 0
1700934374221 0.26089406461307285 0
1700934400435 0.2627723516153268 0
1700934426863 0.26465063861758076 0
1700934453194 0.2665289256198347 0
1700934479565 0.26840721262208866 0
1700934506050 0.2702854996243426 0
1700934532466 0.27216378662659657 0
1700934558778 0.27404207362885047 0
1700934585034 0.2759203606311044 0
1700934611446 0.2777986476333584 0
1700934637751 0.27967693463561233 0
1700934664055 0.2815552216378663 0
1700934690272 0.28343350864012024 0
1700934716553 0.28531179564237413 0
1700934742923 0.2871900826446281 0
1700934769340 0.28906836964688204 0
1700934795485 0.290946656649136 0
1700934821682 0.29282494365138995 0
1700934848071 0.2947032306536439 0
1700934874336 0.2965815176558978 0
1700934900668 0.29845980465815175 0
1700934927073 0.3003380916604057 0
1700934953454 0.30221637866265966 0
1700934979676 0.3040946656649136 0
1700935005773 0.30597295266716756 0
1700935032100 0.30785123966942146 0
1700935058476 0.3097295266716754 0
1700935084731 0.31160781367392937 0
1700935111070 0.3134861006761833 0
1700935137265 0.3153643876784373 0
1700935163786 0.31724267468069123 0
1700935189797 0.3191209616829452 0
1700935216063 0.3209992486851991 0
1700935242369 0.32287753568745303 0
1700935268617 0.324755822689707 0
1700935294770 0.32663410969196094 0
1700935320956 0.3285123966942149 0
1700935347487 0.33039068369646885 0
1700935373801 0.33226897069872274 0
1700935400314 0.3341472577009767 0
1700935426699 0.33602554470323065 0
1700935453120 0.3379038317054846 0
1700935479327 0.33978211870773856 0
1700935505683 0.3416604057099925 0
1700935531796 0.3435386927122464 0
1700935560442 0.34541697971450036 0
1700935590286 0.3472952667167543 0
1700935620518 0.34917355371900827 0
1700935650490 0.3510518407212622 0
1700935681680 0.3529301277235162 0
1700935709000 0.35480841472577007 0
1700935735201 0.356686701728024 0
1700935761371 0.358564988730278 0
1700935787668 0.36044327573253193 0
1700935814012 0.3623215627347859 0
1700935840281 0.36419984973703984 0
1700935866669 0.3660781367392938 0
1700935892971 0.3679564237415477 0
1700935919285 0.36983471074380164 0
1700935945698 0.3717129977460556 0
1700935971897 0.37359128474830955 0
1700935998135 0.3754695717505635 0
1700936024314 0.37734785875281746 0
1700936050623 0.37922614575507135 0
1700936077712 0.3811044327573253 0
1700936104087 0.38298271975957926 0
1700936130228 0.3848610067618332 0
1700936156277 0.38673929376408717 0
1700936182295 0.3886175807663411 0
1700936208364 0.390495867768595 0
1700936234441 0.39237415477084897 0
1700936260774 0.3942524417731029 0
1700936287260 0.3961307287753569 0
1700936313478 0.39800901577761083 0
1700936339522 0.3998873027798648 0
1700936365903 0.4017655897821187 0
1700936392158 0.40364387678437263 0
1700936418451 0.4055221637866266 0
1700936444553 0.40740045078888054 0
1700936470961 0.4092787377911345 0
1700936497142 0.41115702479338845 0
1700936523268 0.4130353117956424 0
1700936549545 0.4149135987978963 0
1700936575827 0.41679188580015025 0
1700936602093 0.4186701728024042 0
1700936628385 0.42054845980465816 0
1700936654819 0.4224267468069121 0
1700936680951 0.42430503380916607 0
1700936707061 0.42618332081141996 0
1700936733154 0.4280616078136739 0
1700936759608 0.42993989481592787 0
1700936786055 0.4318181818181818 0
1700936812248 0.4336964688204358 0
1700936838646 0.43557475582268973 0
1700936864763 0.4374530428249436 0
1700936891056 0.4393313298271976 0
1700936917082 0.44120961682945153 0
1700936943206 0.4430879038317055 0
1700936969431 0.44496619083395944 0
1700936995457 0.4468444778362134 0
1700937021635 0.4487227648384673 0
1700937048055 0.45060105184072125 0
1700937074256 0.4524793388429752 0
1700937100478 0.45435762584522915 0
1700937126929 0.4562359128474831 0
1700937153240 0.45811419984973706 0
1700937179362 0.459992486851991 0
1700937205713 0.4618707738542449 0
1700937231826 0.46374906085649886 0
1700937257881 0.4656273478587528 0
1700937284054 0.46750563486100677 0
1700937310279 0.4693839218632607 0
1700937336543 0.4712622088655147 0
1700937362711 0.4731404958677686 0
1700937388803 0.4750187828700225 0
1700937415039 0.4768970698722765 0
1700937441401 0.47877535687453043 0
1700937467566 0.4806536438767844 0
1700937493933 0.48253193087903834 0
1700937520258 0.48441021788129224 0
1700937546386 0.4862885048835462 0
1700937572814 0.48816679188580014 0
1700937599067 0.4900450788880541 0
1700937625438 0.49192336589030805 0
1700937651834 0.493801652892562 0
1700937678108 0.4956799398948159 0
1700937704234 0.49755822689706986 0
1700937730442 0.4994365138993238 0
1700937797715 0.5 0
1700937824177 0.5 0
1700937850859 0.5 0
1700937877363 0.5 0
1700937906449 0.5 0
1700937935433 0.5 0
1700937966390 0.5 0
1700937997219 0.5 0
1700938028182 0.5 0
1700938055810 0.5 0
1700938082514 0.5 0
1700938109102 0.5 0
1700938135405 0.5 0
1700938161978 0.5 0
1700938188435 0.5 0
1700938215127 0.5 0
1700938241484 0.5 0
1700938268049 0.5 0
1700938294491 0.5 0
1700938320766 0.5 0
1700938347296 0.5 0
1700938373569 0.5 0
1700938400091 0.5 0
1700938426558 0.5 0
1700938452963 0.5 0
1700938479658 0.5 0
1700938505987 0.5 0
1700938532465 0.5 0
1700938559171 0.5 0
1700938585671 0.5 0
1700938612239 0.5 0
1700938638765 0.5 0
1700938665069 0.5 0
1700938691476 0.5 0
1700938717954 0.5 0
1700938744476 0.5 0
1700938770851 0.5 0
1700938797231 0.5 0
1700938823840 0.5 0
1700938850205 0.5 0
1700938876705 0.5 0
1700938903418 0.5 0
1700938929733 0.5 0
1700938956128 0.5 0
1700938982559 0.5 0
1700939009329 0.5 0
1700939035790 0.5 0
1700939062514 0.5 0
1700939088839 0.5 0
1700939115342 0.5 0
1700939141748 0.5 0
1700939168224 0.5 0
1700939194734 0.5 0
1700939221444 0.5 0
1700939247905 0.5 0
1700939274503 0.5 0
1700939301107 0.5 0
1700939327669 0.5 0
1700939354149 0.5 0
1700939380633 0.5 0
1700939407092 0.5 0
1700939433533 0.5 0
1700939460170 0.5 0
1700939486740 0.5 0
1700939513296 0.5 0
1700939540246 0.5 0
1700939566741 0.5 0
1700939593249 0.5 0
1700939619629 0.5 0
1700939647205 0.5 0
1700939678634 0.5 0
1700939709189 0.5 0
1700939739405 0.5 0
1700939770308 0.5 0
1700939799674 0.5 0
1700939826176 0.5 0
1700939852481 0.5 0
1700939879123 0.5 0
1700939905759 0.5 0
1700939932341 0.5 0
1700939958831 0.5 0
1700939985273 0.5 0
1700940011858 0.5 0
1700940038461 0.5 0
1700940064826 0.5 0
1700940091315 0.5 0
1700940117847 0.5 0
1700940144365 0.5 0
1700940170883 0.5 0
1700940197254 0.5 0
1700940223754 0.5 0
1700940250210 0.5 0
1700940276486 0.5 0
1700940302822 0.5 0
1700940329216 0.5 0
1700940355797 0.5 0
1700940382306 0.5 0
1700940408769 0.5 0
1700940435445 0.5 0
1700940461877 0.5 0
1700940488299 0.5 0
1700940514557 0.5 0
1700940541134 0.5 0
1700940567674 0.5 0
1700940594004 0.5 0
1700940620409 0.5 0
1700940646727 0.5 0
1700940673370 0.5 0
1700940699881 0.5 0
1700940726371 0.5 0
1700940752684 0.5 0
1700940779021 0.5 0
1700940805494 0.5 0
1700940831932 0.5 0
1700940858765 0.5 0
1700940885247 0.5 0
1700940911748 0.5 0
1700940938062 0.5 0
1700940964638 0.5 0
1700940991091 0.5 0
1700941017401 0.5 0
1700941046149 0.5 0
1700941077304 0.5 0
1700941108432 0.5 0
1700941139086 0.5 0
1700941169634 0.5 0
1700941197950 0.5 0
1700941224612 0.5 0
1700941251049 0.5 0
1700941277444 0.5 0
1700941303898 0.5 0
1700941330237 0.5 0
1700941356740 0.5 0
1700941383127 0.5 0
1700941409572 0.5 0
1700941436172 0.5 0
1700941462675 0.5 0
1700941489143 0.5 0
1700941515788 0.5 0
1700941542145 0.5 0
1700941568457 0.5 0
1700941594825 0.5 0
1700941621303 0.5 0
1700941647900 0.5 0
1700941674228 0.5 0
1700941700686 0.5 0
1700941727016 0.5 0
1700941753433 0.5 0
1700941779707 0.5 0
1700941806109 0.5 0
1700941832613 0.5 0
1700941858762 0.5 0
1700941885251 0.5 0
1700941911609 0.5 0
1700941938226 0.5 0
1700941964766 0.5 0
1700941991378 0.5 0
1700942017890 0.5 0
1700942044314 0.5 0
1700942070676 0.5 0
1700942097089 0.5 0
1700942123691 0.5 0
1700942150265 0.5 0
1700942176665 0.5 0
1700942202982 0.5 0
1700942229493 0.5 0
1700942255905 0.5 0
1700942282346 0.5 0
1700942308695 0.5 0
1700942335166 0.5 0
1700942361597 0.5 0
1700942388011 0.5 0
1700942414585 0.5 0
1700942441003 0.5 0
1700942467312 0.5 0
1700942493747 0.5 0
1700942519981 0.5 0
1700942546538 0.5 0
1700942572899 0.5 0
1700942599294 0.5 0
1700942626182 0.5 0
1700942652907 0.5 0
1700942682828 0.5 0
1700942712665 0.5 0
1700942742064 0.5 0
1700942772281 0.5 0
1700942803328 0.5 0
1700942831758 0.5 0
1700942858181 0.5 0
1700942884635 0.5 0
1700942910923 0.5 0
1700942937534 0.5 0
1700942963774 0.5 0
1700942990105 0.5 0
1700943016640 0.5 0
1700943043021 0.5 0
1700943069673 0.5 0
1700943096002 0.5 0
1700943122506 0.5 0
1700943149055 0.5 0
1700943175438 0.5 0
1700943201746 0.5 0
1700943228193 0.5 0
1700943254550 0.5 0
1700943282139 0.5 0
1700943308585 0.5 0
1700943335046 0.5 0
1700943361390 0.5 0
1700943387798 0.5 0
1700943414230 0.5 0
1700943441034 0.5 0
1700943467358 0.5 0
1700943494143 0.5 0
1700943520393 0.5 0
1700943546862 0.5 0
1700943573223 0.5 0
1700943599823 0.5 0
1700943626077 0.5 0
1700943652329 0.5 0
1700943678995 0.5 0
1700943705339 0.5 0
1700943731820 0.5 0
1700943758199 0.5 0
1700943784459 0.5 0
1700943810900 0.5 0
1700943837513 0.5 0
1700943863964 0.5 0
1700943890359 0.5 0
1700943916916 0.5 0
1700943943235 0.5 0
1700943969549 0.5 0
1700943995974 0.5 0
1700944022330 0.5 0
1700944048734 0.5 0
1700944074989 0.5 0
1700944101449 0.5 0
1700944127887 0.5 0
1700944154387 0.5 0
1700944180841 0.5 0
1700944207458 0.5 0
1700944233718 0.5 0
1700944260095 0.5 0
1700944286528 0.5 0
1700944312970 0.5 0
1700944339682 0.5 0
1700944366106 0.5 0
1700944392877 0.5 0
1700944420434 0.5 0
1700944450497 0.5 0
1700944480214 0.5 0
1700944510791 0.5 0
1700944542220 0.5 0
1700944571318 0.5 0
1700944597960 0.5 0
1700944624323 0.5 0
1700944650569 0.5 0
1700944676881 0.5 0
1700944703353 0.5 0
1700944729979 0.5 0
1700944756369 0.5 0
1700944782861 0.5 0
1700944809505 0.5 0
1700944836078 0.5 0
1700944862458 0.5 0
1700944888709 0.5 0
1700944915046 0.5 0
