1700981037602 7.01875 0
1700981061686 7.5931640625 0
1700981088337 4.6265625 0
1700981114991 44.003125 0
1700981141822 4.627734375 0
1700981169386 18.7505859375 0
1700981195845 8.454296875 0
1700981222324 4.830859375 0
1700981249582 4.1521484375 0
1700981276210 26.221875 0
1700981303055 15.7794921875 0
1700981329796 47.94375 0
1700981357337 6.28828125 0
1700981384505 5.2400390625 0
1700981411184 14.616015625 0
1700981437917 6.050390625 0
1700981464890 7.568359375 0
1700981492090 4.7076171875 0
1700981518792 5.3189453125 0
1700981545219 13.4693359375 0
1700981571778 14.784765625 0
1700981598419 13.51640625 0
1700981625086 5.7859375 0
1700981652010 5.170703125 0
1700981678784 9.06015625 0
1700981705865 5.4451171875 0
1700981732584 5.7953125 0
1700981759417 4.740234375 0
1700981785975 6.750390625 0
1700981812851 5.87109375 0
1700981839382 5.52109375 0
1700981866048 32.98125 0
1700981893000 6.693359375 0
1700981919521 6.88828125 0
1700981946152 8.4953125 0
1700981973090 4.95234375 0
1700981999758 43.828125 0
1700982026822 5.391796875 0
1700982053331 13.125 0
1700982080164 4.634375 0
1700982106957 6.321875 0
1700982133553 46.5671875 0
1700982160488 6.077734375 0
1700982187381 6.537890625 0
1700982214198 4.86015625 0
1700982240817 6.258984375 0
1700982267730 7.4421875 0
1700982294389 13.079296875 0
1700982321870 6.035546875 0
1700982348641 17.351953125 0
1700982375750 40.52421875 0
1700982402807 5.89453125 0
1700982429817 6.198828125 0
1700982456696 10.311328125 0
1700982483794 8.35 0
1700982510473 5.2984375 0
1700982536837 6.746875 0
1700982563826 8.391015625 0
1700982590659 5.210546875 0
1700982617261 5.255859375 0
1700982644018 12.973828125 0
1700982670430 6.218359375 0
1700982697229 5.758984375 0
1700982723899 5.95546875 0
1700982750721 45.250390625 0
1700982777838 5.66796875 0
1700982804865 5.387890625 0
1700982831958 5.415625 0
1700982859278 6.33671875 0
1700982889935 41.584375 0
1700982920494 6.89296875 0
1700982951289 6.4171875 0
1700982982322 12.29765625 0
1700983011833 5.687109375 0
1700983039022 11.390234375 0
1700983065694 5.926171875 0
1700983092184 6.615625 0
1700983118887 5.7328125 0
1700983145909 6.35390625 0
1700983172712 5.367578125 0
1700983200358 12.228515625 0
1700983227538 5.887890625 0
1700983254482 7.420703125 0
1700983281082 7.61796875 0
1700983308521 8.259765625 0
1700983335217 7.92421875 0
1700983362198 6.3640625 0
1700983389257 21.6546875 0
1700983416033 5.21640625 0
1700983442934 5.53046875 0
1700983469678 12.77890625 0
1700983496715 6.533984375 0
1700983523983 11.6953125 0
1700983551198 13.466796875 0
1700983577820 8.892578125 0
1700983604531 9.4953125 0
1700983631209 7.442578125 0
1700983657889 16.881640625 0
1700983684510 5.980859375 0
1700983711317 5.973046875 0
1700983737882 6.667578125 0
1700983764437 6.58125 0
1700983791023 16.223828125 0
1700983817836 13.615234375 0
1700983844506 8.416796875 0
1700983871134 9.426171875 0
1700983897823 9.850390625 0
1700983924535 46.83671875 0
1700983951177 8.690625 0
1700983978043 8.24375 0
1700984004714 8.311328125 0
1700984031058 8.525390625 0
1700984058082 9.573828125 0
1700984084541 16.752734375 0
1700984111165 13.5328125 0
1700984137670 18.12578125 0
1700984164666 16.96484375 0
1700984191619 13.725 0
1700984218397 15.875 0
1700984245073 18.24609375 0
1700984271706 15.1765625 0
1700984298384 13.2109375 0
1700984325062 50.2921875 0
1700984351890 12.14296875 0
1700984378403 16.3234375 0
1700984404879 12.6765625 0
1700984431905 12.309375 0
1700984458402 19.78046875 0
1700984485321 14.38828125 0
1700984512187 21.4765625 0
1700984538693 13.3234375 0
1700984565348 14.89609375 0
1700984596285 17.1859375 0
1700984626502 13.72578125 0
1700984657721 16.996875 0
1700984687536 14.5 0
1700984718082 14.3296875 0
1700984745993 17.8796875 0
1700984772641 14.21796875 0
1700984799269 18.2515625 0
1700984826405 16.134375 0
1700984852902 15.0265625 0
1700984879713 15.8328125 0
1700984906504 15.76640625 0
1700984933417 16.54453125 0
1700984960286 17.6671875 0
1700984986970 16.37421875 0
1700985013802 16.49765625 0
1700985040650 18.2703125 0
1700985067518 19.0625 0
1700985094140 17.3375 0
1700985120526 24.778125 0
1700985147214 18.590625 0
1700985173585 21.13046875 0
1700985200228 16.8515625 0
1700985226829 16.8015625 0
1700985253148 21.315625 0
1700985279722 20.60859375 0
1700985306206 23.7296875 0
1700985332692 20.83515625 0
1700985359182 20.1359375 0
1700985385807 18.96953125 0
1700985412640 18.1265625 0
1700985439305 19.8375 0
1700985466016 18.728125 0
1700985492785 20.834375 0
1700985519400 20.6625 0
1700985546016 19.853125 0
1700985572747 23.48125 0
1700985599728 20.59375 0
1700985626222 20.1609375 0
1700985652610 20.7125 0
1700985679583 22.65625 0
1700985706077 26.421875 0
1700985732782 20.4171875 0
1700985759585 22.8640625 0
1700985787198 21.6390625 0
1700985818229 52.278125 0
1700985848248 22.6578125 0
1700985878691 22.33125 0
1700985909308 22.7984375 0
1700985939259 21.9546875 0
1700985966209 22.565625 0
1700985992835 22.284375 0
1700986019478 21.9578125 0
1700986045884 25.49375 0
1700986072617 22.3296875 0
1700986099389 23.4171875 0
1700986126744 28.46875 0
1700986153757 25.2421875 0
1700986180426 24.3265625 0
1700986207234 28.8328125 0
1700986234021 24.9421875 0
1700986260713 23.103125 0
1700986287585 24.7859375 0
1700986314345 25.703125 0
1700986341403 25.621875 0
1700986368158 26.2203125 0
1700986394881 29.7875 0
1700986421394 56.096875 0
1700986448621 25.4109375 0
1700986475382 32.715625 0
1700986502513 25.9390625 0
1700986529084 32.48125 0
1700986556650 36.9625 0
1700986583085 26.15 0
1700986609730 25.615625 0
1700986636374 30.1220703125 0
1700986662906 26.65 0
1700986689321 27.7390625 0
1700986716291 28.29375 0
1700986742746 26.625 0
1700986769456 31.9296875 0
1700986796125 33.54375 0
1700986822717 27.8125 0
1700986849401 29.0046875 0
1700986875987 30.9734375 0
1700986902644 58.3234375 0
1700986929723 27.690625 0
1700986956519 29.2390625 0
1700986983109 32.7578125 0
1700987009596 42.2046875 0
1700987036440 62.275 0
1700987063318 30.0609375 0
1700987090516 29.8015625 0
1700987117232 30.23125 0
1700987144185 31.6 0
1700987170658 30.5875 0
1700987197131 31.1296875 0
1700987223686 73.546875 0
1700987250603 30.475 0
1700987277148 29.5359375 0
1700987303781 32.75 0
1700987330618 30.965625 0
1700987357313 32.2875 0
1700987383746 31.0546875 0
1700987410135 31.7328125 0
1700987436634 31.6 0
1700987463455 32.3984375 0
1700987489828 32.2921875 0
1700987516478 31.53125 0
1700987543190 31.8265625 0
1700987569659 40.15625 0
1700987596182 31.4328125 0
1700987622883 32.7734375 0
1700987653888 34.7515625 0
1700987685281 32.5875 0
1700987715588 34.8359375 0
1700987745899 34.39375 0
1700987775107 34.146875 0
1700987801609 39.1078125 0
1700987828041 32.23125 0
1700987854440 38.8390625 0
1700987880797 34.103125 0
1700987906981 66.8578125 0
1700987933249 37.890625 0
1700987959736 33.4703125 0
1700987985874 38.7203125 0
1700988012368 35.0859375 0
1700988038890 91.7609375 0
1700988065538 34.9375 0
1700988091864 38.8703125 0
1700988118241 34.86875 0
1700988144894 36.16875 0
1700988171256 35.790625 0
1700988197652 35.321875 0
1700988224155 49.121875 0
1700988291786 37.903125 0
1700988318704 36.090625 0
1700988345235 36.525 0
1700988372417 34.853125 0
1700988399027 35.65625 0
1700988425889 41.1 0
1700988453140 36.81875 0
1700988480093 44.040625 0
1700988506488 36.496875 0
1700988533313 35.178125 0
1700988560169 36.196875 0
1700988587065 40.5921875 0
1700988613624 42.85625 0
1700988640469 36.1625 0
1700988667298 35.15625 0
1700988694203 36.50625 0
1700988720887 38.909375 0
1700988747557 37.7 0
1700988774074 39.98125 0
1700988800475 36.859375 0
1700988827000 38.55625 0
1700988853463 64.603125 0
1700988880172 40.009375 0
1700988906663 39.446875 0
1700988933247 40.025 0
1700988959755 38.53125 0
1700988986484 39.375 0
1700989012897 38.15 0
1700989039501 40.159375 0
1700989066476 45.0 0
1700989093179 68.9875 0
1700989120158 39.359375 0
1700989147122 38.25625 0
1700989174121 46.503125 0
1700989201156 45.803125 0
1700989228128 45.3875 0
1700989255351 40.03125 0
1700989283737 39.196875 0
1700989313936 40.940625 0
1700989344219 40.425 0
1700989376083 38.74375 0
1700989407765 44.159375 0
1700989436099 40.0875 0
1700989462893 42.28125 0
1700989489606 39.60625 0
1700989516585 45.80625 0
1700989543466 39.58125 0
1700989570755 40.35 0
1700989597482 42.1 0
1700989624288 39.928125 0
1700989651080 43.5625 0
1700989678168 50.721875 0
1700989705211 39.503125 0
1700989732065 41.628125 0
1700989758719 43.45625 0
1700989785396 40.309375 0
1700989812484 43.496875 0
1700989839350 42.7625 0
1700989866284 40.975 0
1700989893198 43.5125 0
1700989919868 42.59375 0
1700989946632 46.1125 0
1700989973647 41.934375 0
1700990000884 40.51875 0
1700990027558 62.3875 0
1700990054501 40.6125 0
1700990081489 42.73125 0
1700990108590 61.971875 0
1700990135286 41.721875 0
1700990162845 47.90625 0
1700990189958 47.15625 0
1700990216743 44.571875 0
1700990243698 42.5375 0
1700990270497 41.446875 0
1700990297408 48.153125 0
1700990324040 66.96875 0
1700990350830 50.7375 0
1700990377794 45.390625 0
1700990404458 43.45 0
1700990431229 58.921875 0
1700990458236 44.1375 0
1700990485192 43.5875 0
1700990511856 41.840625 0
1700990538397 59.0625 0
1700990565527 44.7125 0
1700990592226 47.540625 0
1700990619140 44.75625 0
1700990646010 44.628125 0
1700990672856 44.6 0
1700990699642 43.2375 0
1700990726279 68.0875 0
1700990753186 69.6125 0
1700990780198 48.796875 0
1700990806894 47.334375 0
1700990833841 45.246875 0
1700990861202 45.328125 0
1700990887799 44.109375 0
1700990914503 55.8625 0
1700990941340 55.40625 0
1700990968318 47.15625 0
1700990994986 48.778125 0
1700991022036 46.440625 0
1700991048797 45.046875 0
1700991075647 48.665625 0
1700991102391 45.309375 0
1700991129128 45.259375 0
1700991155810 45.56875 0
1700991182749 45.378125 0
1700991209682 48.875 0
1700991236423 47.384375 0
1700991263145 46.890625 0
1700991289654 45.65 0
1700991316529 52.146875 0
1700991343634 50.446875 0
1700991370285 45.171875 0
1700991396834 47.44375 0
1700991423646 47.171875 0
1700991450458 47.73125 0
1700991477240 46.28125 0
1700991504263 43.796875 0
1700991531520 46.85625 0
1700991558390 59.025 0
1700991585685 48.3125 0
1700991612314 45.6625 0
1700991639285 46.30625 0
1700991666285 45.9 0
1700991692989 49.971875 0
1700991720112 44.80625 0
1700991747380 48.584375 0
1700991774302 48.325 0
1700991801582 45.63125 0
1700991828805 47.003125 0
1700991857567 46.43125 0
1700991888005 52.490625 0
1700991919398 44.91875 0
1700991950278 47.1625 0
1700991981560 44.675 0
1700992009717 47.2125 0
1700992036528 44.24375 0
1700992063560 45.471875 0
1700992090890 44.153125 0
1700992117789 42.08125 0
1700992144491 45.89375 0
1700992171401 41.86875 0
1700992198449 41.928125 0
1700992225543 42.140625 0
1700992252458 41.7125 0
1700992279722 42.796875 0
1700992306708 43.15625 0
1700992333494 49.99375 0
1700992360350 41.784375 0
1700992387392 42.546875 0
1700992414142 41.08125 0
1700992441099 46.584375 0
1700992467936 50.703125 0
1700992494678 48.98125 0
1700992521438 47.665625 0
1700992548486 40.5125 0
1700992575514 54.61875 0
1700992602227 40.721875 0
1700992629604 40.415625 0
1700992656782 40.5375 0
1700992683949 47.96875 0
1700992710959 39.484375 0
1700992737781 44.684375 0
1700992764883 42.828125 0
1700992791795 41.26875 0
1700992819218 40.2125 0
1700992846251 38.915625 0
1700992873158 37.26875 0
1700992900743 46.915625 0
1700992927524 40.325 0
1700992955107 39.459375 0
1700992986582 49.521875 0
1700993017435 46.684375 0
1700993048886 40.371875 0
1700993080171 39.08125 0
1700993110283 40.91875 0
1700993137090 39.6125 0
1700993163815 39.109375 0
1700993190526 37.175 0
1700993217363 39.971875 0
1700993244123 39.1125 0
1700993271235 42.034375 0
1700993297992 47.3625 0
1700993325183 40.7375 0
1700993352182 63.5875 0
1700993379346 39.584375 0
1700993406369 39.546875 0
1700993432982 39.653125 0
1700993460159 40.1 0
1700993487038 41.740625 0
1700993513886 39.196875 0
1700993540784 40.053125 0
1700993567746 38.859375 0
1700993594750 38.76875 0
1700993621747 38.146875 0
1700993648431 39.125 0
1700993675770 40.325 0
1700993702508 43.646875 0
1700993729066 38.11875 0
1700993755580 38.98125 0
1700993783145 39.059375 0
1700993809910 38.503125 0
1700993836360 37.815625 0
1700993863123 47.0375 0
1700993889746 38.5 0
1700993916430 38.6125 0
1700993943157 47.44375 0
1700993969619 39.440625 0
1700993996406 38.840625 0
1700994023002 43.5625 0
1700994050690 38.821875 0
1700994078117 45.265625 0
1700994106007 56.390625 0
1700994133237 37.059375 0
1700994160855 38.5 0
1700994188912 35.66875 0
1700994216486 37.5 0
1700994243874 63.796875 0
1700994271180 37.675 0
1700994298326 38.43125 0
1700994325882 39.725 0
1700994353052 43.009375 0
1700994380738 38.225 0
1700994409059 37.284375 0
1700994436723 38.434375 0
1700994464553 39.71875 0
1700994491955 45.95 0
1700994519571 38.25625 0
1700994547456 37.875 0
1700994575266 39.953125 0
1700994602727 43.990625 0
1700994630265 38.31875 0
1700994657584 61.8875 0
1700994684012 37.128125 0
1700994711164 44.128125 0
1700994738567 44.28125 0
1700994769854 37.14375 0
