1700981037605 0.0013113617897033691 0
1700981061690 0.004037320613861084 0
1700981088341 0.004158437252044678 0
1700981114995 0.004262089729309082 0
1700981141826 0.00435185432434082 0
1700981169390 0.0044280290603637695 0
1700981195849 0.004503965377807617 0
1700981222327 0.004576981067657471 0
1700981249586 0.004629194736480713 0
1700981276213 0.004731237888336182 0
1700981303059 0.005276143550872803 0
1700981329800 0.005383193492889404 0
1700981357341 0.005530297756195068 0
1700981384509 0.0056220293045043945 0
1700981411188 0.005679666996002197 0
1700981437921 0.0057218074798583984 0
1700981464894 0.005781650543212891 0
1700981492094 0.005846500396728516 0
1700981518795 0.005930304527282715 0
1700981545223 0.0061492919921875 0
1700981571782 0.006242334842681885 0
1700981598423 0.006351113319396973 0
1700981625090 0.006459593772888184 0
1700981652014 0.006500661373138428 0
1700981678788 0.0065498948097229 0
1700981705869 0.006669104099273682 0
1700981732589 0.006708025932312012 0
1700981759421 0.006722807884216309 0
1700981785979 0.006840944290161133 0
1700981812855 0.006638765335083008 0
1700981839386 0.006666064262390137 0
1700981866052 0.0067144036293029785 0
1700981893003 0.007014274597167969 0
1700981919525 0.007567703723907471 0
1700981946156 0.007735073566436768 0
1700981973093 0.008108735084533691 0
1700981999762 0.00844120979309082 0
1700982026826 0.008785665035247803 0
1700982053335 0.009013831615447998 0
1700982080168 0.009082674980163574 0
1700982106960 0.008682966232299805 0
1700982133557 0.008693695068359375 0
1700982160492 0.009389042854309082 0
1700982187385 0.009756982326507568 0
1700982214202 0.01005619764328003 0
1700982240821 0.010141551494598389 0
1700982267734 0.009972214698791504 0
1700982294392 0.010022401809692383 0
1700982321874 0.010132253170013428 0
1700982348645 0.010436832904815674 0
1700982375753 0.011178433895111084 0
1700982402811 0.011816322803497314 0
1700982429821 0.012403368949890137 0
1700982456699 0.012843489646911621 0
1700982483798 0.01310122013092041 0
1700982510476 0.012764155864715576 0
1700982536841 0.0127791166305542 0
1700982563830 0.012850403785705566 0
1700982590663 0.013063430786132812 0
1700982617265 0.013175904750823975 0
1700982644021 0.013379096984863281 0
1700982670434 0.013638496398925781 0
1700982697233 0.014165937900543213 0
1700982723903 0.014710426330566406 0
1700982750725 0.015073299407958984 0
1700982777842 0.016275644302368164 0
1700982804868 0.016848087310791016 0
1700982831962 0.017269790172576904 0
1700982859282 0.01751410961151123 0
1700982889939 0.017827272415161133 0
1700982920498 0.018452703952789307 0
1700982951292 0.01879185438156128 0
1700982982326 0.01919853687286377 0
1700983011837 0.01987546682357788 0
1700983039026 0.02009338140487671 0
1700983065697 0.020696699619293213 0
1700983092187 0.021174311637878418 0
1700983118891 0.021318674087524414 0
1700983145913 0.02146822214126587 0
1700983172716 0.021685004234313965 0
1700983200361 0.022094309329986572 0
1700983227542 0.02259725332260132 0
1700983254486 0.023240983486175537 0
1700983281085 0.024023056030273438 0
1700983308525 0.025087475776672363 0
1700983335221 0.026164770126342773 0
1700983362201 0.02693653106689453 0
1700983389261 0.027423441410064697 0
1700983416037 0.027855098247528076 0
1700983442938 0.02810060977935791 0
1700983469682 0.028515934944152832 0
1700983496718 0.02915787696838379 0
1700983523986 0.029534757137298584 0
1700983551202 0.030438542366027832 0
1700983577824 0.03105849027633667 0
1700983604535 0.0315890908241272 0
1700983631213 0.032163023948669434 0
1700983657893 0.033342719078063965 0
1700983684514 0.03440958261489868 0
1700983711321 0.035579681396484375 0
1700983737886 0.03623884916305542 0
1700983764441 0.03660392761230469 0
1700983791026 0.03821134567260742 0
1700983817840 0.040212273597717285 0
1700983844509 0.042056381702423096 0
1700983871138 0.04414290189743042 0
1700983897826 0.046354591846466064 0
1700983924538 0.048333704471588135 0
1700983951180 0.05129837989807129 0
1700983978046 0.053712666034698486 0
1700984004717 0.05610001087188721 0
1700984031062 0.058716773986816406 0
1700984058085 0.06114286184310913 0
1700984084544 0.0637284517288208 0
1700984111169 0.06679713726043701 0
1700984137673 0.06965023279190063 0
1700984164670 0.07264512777328491 0
1700984191623 0.07548975944519043 0
1700984218401 0.07797753810882568 0
1700984245077 0.08048713207244873 0
1700984271710 0.083179771900177 0
1700984298388 0.08625435829162598 0
1700984325065 0.08920019865036011 0
1700984351893 0.09257042407989502 0
1700984378406 0.0962291955947876 0
1700984404883 0.09967303276062012 0
1700984431912 0.1027984619140625 0
1700984458405 0.10586190223693848 0
1700984485325 0.10894536972045898 0
1700984512190 0.11224508285522461 0
1700984538697 0.11612087488174438 0
1700984565351 0.11916637420654297 0
1700984596289 0.12184184789657593 0
1700984626505 0.12485313415527344 0
1700984657725 0.12756282091140747 0
1700984687541 0.13014262914657593 0
1700984718085 0.13262510299682617 0
1700984745997 0.13517963886260986 0
1700984772644 0.13765686750411987 0
1700984799272 0.14003902673721313 0
1700984826408 0.1427825689315796 0
1700984852905 0.14492183923721313 0
1700984879716 0.14730042219161987 0
1700984906508 0.14953851699829102 0
1700984933420 0.15164798498153687 0
1700984960289 0.15383964776992798 0
1700984986973 0.15590900182724 0
1700985013805 0.15800762176513672 0
1700985040653 0.1605314016342163 0
1700985067521 0.16244757175445557 0
1700985094144 0.164361834526062 0
1700985120529 0.16617321968078613 0
1700985147218 0.16791212558746338 0
1700985173588 0.17006546258926392 0
1700985200232 0.17217832803726196 0
1700985226833 0.17408782243728638 0
1700985253151 0.17590570449829102 0
1700985279726 0.1779046654701233 0
1700985306210 0.17984801530838013 0
1700985332696 0.18168962001800537 0
1700985359185 0.18411332368850708 0
1700985385810 0.18606036901474 0
1700985412644 0.1879860758781433 0
1700985439309 0.18964415788650513 0
1700985466020 0.19123882055282593 0
1700985492789 0.19311648607254028 0
1700985519404 0.1947791576385498 0
1700985546020 0.19664925336837769 0
1700985572750 0.19813203811645508 0
1700985599732 0.1996888518333435 0
1700985626225 0.201310932636261 0
1700985652614 0.2029547095298767 0
1700985679587 0.20486807823181152 0
1700985706081 0.20613235235214233 0
1700985732785 0.20771008729934692 0
1700985759589 0.2094326615333557 0
1700985787201 0.2113146185874939 0
1700985818233 0.2139233946800232 0
1700985848251 0.2161341905593872 0
1700985878694 0.21823406219482422 0
1700985909311 0.22032427787780762 0
1700985939263 0.22217696905136108 0
1700985966212 0.22424697875976562 0
1700985992839 0.22625207901000977 0
1700986019482 0.2282932996749878 0
1700986045887 0.2300128936767578 0
1700986072621 0.23173069953918457 0
1700986099392 0.2332627773284912 0
1700986126748 0.2349119782447815 0
1700986153760 0.236486554145813 0
1700986180429 0.23823237419128418 0
1700986207237 0.2397676706314087 0
1700986234024 0.2414035201072693 0
1700986260717 0.2430078387260437 0
1700986287589 0.2445124387741089 0
1700986314349 0.24606364965438843 0
1700986341406 0.24781185388565063 0
1700986368161 0.24955475330352783 0
1700986394885 0.25145459175109863 0
1700986421398 0.25328540802001953 0
1700986448624 0.2550700902938843 0
1700986475386 0.25675278902053833 0
1700986502517 0.25872713327407837 0
1700986529088 0.2608183026313782 0
1700986556654 0.2625863552093506 0
1700986583088 0.2647159695625305 0
1700986609733 0.2663460373878479 0
1700986636377 0.2681746482849121 0
1700986662909 0.27002155780792236 0
1700986689324 0.2716991901397705 0
1700986716295 0.2733578085899353 0
1700986742749 0.27511322498321533 0
1700986769459 0.2766210436820984 0
1700986796129 0.2782725691795349 0
1700986822720 0.2797331213951111 0
1700986849405 0.281083881855011 0
1700986875991 0.28244727849960327 0
1700986902647 0.28374606370925903 0
1700986929727 0.2857283353805542 0
1700986956522 0.28771311044692993 0
1700986983113 0.28961867094039917 0
1700987009600 0.2913060188293457 0
1700987036443 0.2930031418800354 0
1700987063321 0.29489976167678833 0
1700987090520 0.2965337634086609 0
1700987117236 0.29803764820098877 0
1700987144188 0.2995113730430603 0
1700987170662 0.30091923475265503 0
1700987197135 0.3027094006538391 0
1700987223689 0.3046911954879761 0
1700987250607 0.3073250651359558 0
1700987277152 0.309603214263916 0
1700987303785 0.3115931749343872 0
1700987330621 0.31302928924560547 0
1700987357316 0.3142801523208618 0
1700987383749 0.31571459770202637 0
1700987410139 0.317488431930542 0
1700987436637 0.3189812898635864 0
1700987463458 0.3202360272407532 0
1700987489831 0.3215952515602112 0
1700987516481 0.32304906845092773 0
1700987543194 0.3241472840309143 0
1700987569663 0.32529300451278687 0
1700987596185 0.3267155885696411 0
1700987622886 0.3281945586204529 0
1700987653892 0.3294163942337036 0
1700987685284 0.3305514454841614 0
1700987715592 0.331706702709198 0
1700987745903 0.33292579650878906 0
1700987775110 0.3340309262275696 0
1700987801612 0.3350384831428528 0
1700987828044 0.33606070280075073 0
1700987854444 0.3371080756187439 0
1700987880801 0.3383389711380005 0
1700987906984 0.34021687507629395 0
1700987933253 0.3417431712150574 0
1700987959740 0.3432489037513733 0
1700987985878 0.34454619884490967 0
1700988012371 0.34597456455230713 0
1700988038894 0.34785139560699463 0
1700988065541 0.3503493666648865 0
1700988091867 0.3522627353668213 0
1700988118245 0.3538084626197815 0
1700988144898 0.3556191325187683 0
1700988171259 0.35691457986831665 0
1700988197656 0.358181357383728 0
1700988224158 0.3595786690711975 0
1700988291790 0.36097943782806396 0
1700988318708 0.3622870445251465 0
1700988345238 0.36345547437667847 0
1700988372420 0.36444252729415894 0
1700988399030 0.3655508756637573 0
1700988425893 0.3668707609176636 0
1700988453144 0.3680827021598816 0
1700988480097 0.3691999912261963 0
1700988506492 0.3702802062034607 0
1700988533317 0.3715289831161499 0
1700988560173 0.37275266647338867 0
1700988587068 0.3736921548843384 0
1700988613628 0.3746749758720398 0
1700988640473 0.37573355436325073 0
1700988667302 0.3769277334213257 0
1700988694206 0.37781602144241333 0
1700988720891 0.3786473870277405 0
1700988747560 0.3794679641723633 0
1700988774077 0.3802521824836731 0
1700988800479 0.38108766078948975 0
1700988827004 0.3820769786834717 0
1700988853466 0.3831523060798645 0
1700988880175 0.3842545747756958 0
1700988906666 0.385226845741272 0
1700988933250 0.3859586715698242 0
1700988959759 0.3869746923446655 0
1700988986487 0.38816118240356445 0
1700989012901 0.38962221145629883 0
1700989039504 0.39064455032348633 0
1700989066480 0.391431987285614 0
1700989093183 0.3923987150192261 0
1700989120162 0.39334172010421753 0
1700989147126 0.39426225423812866 0
1700989174125 0.3951050043106079 0
1700989201160 0.395934522151947 0
1700989228132 0.3969085216522217 0
1700989255355 0.3977258801460266 0
1700989283741 0.39873749017715454 0
1700989313940 0.3997308015823364 0
1700989344222 0.40062862634658813 0
1700989376087 0.40151745080947876 0
1700989407769 0.4026183485984802 0
1700989436103 0.40373140573501587 0
1700989462897 0.4046759605407715 0
1700989489609 0.4057707190513611 0
1700989516589 0.4067387580871582 0
1700989543470 0.40757352113723755 0
1700989570759 0.40872055292129517 0
1700989597486 0.4096521735191345 0
1700989624292 0.41070741415023804 0
1700989651084 0.411496102809906 0
1700989678175 0.4121783971786499 0
1700989705215 0.4128609895706177 0
1700989732069 0.4136316776275635 0
1700989758723 0.4143945574760437 0
1700989785399 0.4151156544685364 0
1700989812488 0.41584277153015137 0
1700989839353 0.41655147075653076 0
1700989866288 0.4172990322113037 0
1700989893201 0.4183306097984314 0
1700989919872 0.4192926287651062 0
1700989946636 0.4200114607810974 0
1700989973651 0.4206400513648987 0
1700990000888 0.4212527275085449 0
1700990027562 0.4218674898147583 0
1700990054504 0.4226009249687195 0
1700990081493 0.42347079515457153 0
1700990108594 0.4244239926338196 0
1700990135290 0.4252990484237671 0
1700990162849 0.4260050654411316 0
1700990189962 0.4266974925994873 0
1700990216746 0.42734384536743164 0
1700990243702 0.4279720187187195 0
1700990270500 0.42856085300445557 0
1700990297412 0.4292041063308716 0
1700990324044 0.4298568367958069 0
1700990350833 0.4306487441062927 0
1700990377798 0.4318732023239136 0
1700990404461 0.4332071542739868 0
1700990431232 0.4343653917312622 0
1700990458239 0.4353486895561218 0
1700990485195 0.43635082244873047 0
1700990511859 0.4372407793998718 0
1700990538401 0.4381939172744751 0
1700990565531 0.4393354058265686 0
1700990592230 0.4404717683792114 0
1700990619144 0.4413900375366211 0
1700990646014 0.4421514868736267 0
1700990672859 0.44303828477859497 0
1700990699646 0.44379138946533203 0
1700990726283 0.44441771507263184 0
1700990753190 0.4451110363006592 0
1700990780201 0.4459894299507141 0
1700990806897 0.44685041904449463 0
1700990833844 0.4476059675216675 0
1700990861205 0.4483862519264221 0
1700990887802 0.4491724967956543 0
1700990914507 0.4498070478439331 0
1700990941343 0.4506160616874695 0
1700990968322 0.45134633779525757 0
1700990994990 0.4520606994628906 0
1700991022039 0.452750027179718 0
1700991048800 0.4533807039260864 0
1700991075651 0.4539424180984497 0
1700991102395 0.4544371962547302 0
1700991129131 0.4549822211265564 0
1700991155813 0.4556049108505249 0
1700991182753 0.4562588930130005 0
1700991209686 0.4569048285484314 0
1700991236427 0.4574824571609497 0
1700991263149 0.4581105709075928 0
1700991289657 0.458721399307251 0
1700991316533 0.459294855594635 0
1700991343638 0.4600294232368469 0
1700991370289 0.4606351852416992 0
1700991396838 0.46123194694519043 0
1700991423650 0.4617956876754761 0
1700991450461 0.4622296690940857 0
1700991477243 0.4619450569152832 0
1700991504267 0.46141642332077026 0
1700991531524 0.4607014060020447 0
1700991558393 0.45987915992736816 0
1700991585688 0.45881152153015137 0
1700991612317 0.4577462673187256 0
1700991639289 0.4566091299057007 0
1700991666288 0.45533567667007446 0
1700991692992 0.45391297340393066 0
1700991720116 0.4524725079536438 0
1700991747384 0.4509850740432739 0
1700991774305 0.4492250084877014 0
1700991801585 0.44746673107147217 0
1700991828809 0.4455704689025879 0
1700991857570 0.44342148303985596 0
1700991888009 0.4413321614265442 0
1700991919400 0.43905049562454224 0
1700991950282 0.43656831979751587 0
1700991981564 0.4341737627983093 0
1700992009720 0.431651771068573 0
1700992036532 0.4291168451309204 0
1700992063564 0.4264146685600281 0
1700992090893 0.42367249727249146 0
1700992117792 0.42106109857559204 0
1700992144494 0.4202898144721985 0
1700992171405 0.4195789098739624 0
1700992198453 0.41833609342575073 0
1700992225546 0.4177756905555725 0
1700992252462 0.417136549949646 0
1700992279725 0.4163222908973694 0
1700992306711 0.4160712957382202 0
1700992333496 0.41530299186706543 0
1700992360354 0.41515326499938965 0
1700992387396 0.4143666625022888 0
1700992414146 0.4136391282081604 0
1700992441102 0.41338539123535156 0
1700992467939 0.4130017161369324 0
1700992494682 0.4129059910774231 0
1700992521442 0.4122512936592102 0
1700992548490 0.4118846654891968 0
1700992575517 0.4113508462905884 0
1700992602231 0.4105762243270874 0
1700992629608 0.41034674644470215 0
1700992656785 0.4098578691482544 0
1700992683953 0.40954655408859253 0
1700992710962 0.4091602563858032 0
1700992737785 0.4088202118873596 0
1700992764887 0.4084983468055725 0
1700992791799 0.4082229733467102 0
1700992819221 0.4078550934791565 0
1700992846255 0.40761440992355347 0
1700992873162 0.40723156929016113 0
1700992900747 0.4070231318473816 0
1700992927527 0.4067787528038025 0
1700992955111 0.40658652782440186 0
1700992986585 0.4063257575035095 0
1700993017439 0.4060012102127075 0
1700993048890 0.40574198961257935 0
1700993080175 0.40595823526382446 0
1700993110286 0.4052537679672241 0
1700993137093 0.4053457975387573 0
1700993163819 0.4049255847930908 0
1700993190530 0.4047364592552185 0
1700993217367 0.4046900272369385 0
1700993244126 0.4042779803276062 0
1700993271238 0.40437501668930054 0
1700993297996 0.404171347618103 0
1700993325187 0.4038240909576416 0
1700993352185 0.40378421545028687 0
1700993379350 0.40348154306411743 0
1700993406373 0.4032976031303406 0
1700993432985 0.4032554626464844 0
1700993460162 0.40313202142715454 0
1700993487042 0.402901828289032 0
1700993513889 0.4028339385986328 0
1700993540788 0.40275800228118896 0
1700993567749 0.40266478061676025 0
1700993594754 0.402493953704834 0
1700993621751 0.40237998962402344 0
1700993648434 0.4023204445838928 0
1700993675774 0.40219980478286743 0
1700993702511 0.40233445167541504 0
1700993729069 0.40206843614578247 0
1700993755584 0.40188342332839966 0
1700993783148 0.4019355773925781 0
1700993809914 0.40188390016555786 0
1700993836364 0.4017442464828491 0
1700993863127 0.4015635848045349 0
1700993889750 0.40162909030914307 0
1700993916433 0.40156739950180054 0
1700993943161 0.40139108896255493 0
1700993969623 0.4012796878814697 0
1700993996410 0.4012671709060669 0
1700994023006 0.4013301730155945 0
1700994050693 0.40108156204223633 0
1700994078121 0.4010058045387268 0
1700994106011 0.401047945022583 0
1700994133240 0.4009906053543091 0
1700994160859 0.40109431743621826 0
1700994188916 0.4007948637008667 0
1700994216490 0.40076571702957153 0
1700994243877 0.400799036026001 0
1700994271184 0.4008428454399109 0
1700994298330 0.4007965922355652 0
1700994325886 0.4006121754646301 0
1700994353056 0.400623083114624 0
1700994380742 0.4006327986717224 0
1700994409062 0.4006115198135376 0
1700994436726 0.40066999197006226 0
1700994464557 0.40058356523513794 0
1700994491959 0.4004096984863281 0
1700994519575 0.4005127549171448 0
1700994547459 0.4004848003387451 0
1700994575269 0.40056324005126953 0
1700994602731 0.4004327058792114 0
1700994630269 0.4003058075904846 0
1700994657587 0.4002867341041565 0
1700994684016 0.4002994894981384 0
1700994711168 0.4003414511680603 0
1700994738571 0.40028107166290283 0
1700994769858 0.40021437406539917 0
