1700981040144 4088.0 0
1700981064199 4088.0 0
1700981090862 4087.0 0
1700981117508 4087.0 0
1700981144368 4087.0 0
1700981171836 4087.0 0
1700981198273 4087.0 0
1700981224773 4087.0 0
1700981252021 4087.0 0
1700981278657 4087.0 0
1700981305539 4086.0 0
1700981332312 4086.0 0
1700981359876 4086.0 0
1700981386989 4086.0 0
1700981413676 4086.0 0
1700981440413 4086.0 0
1700981467379 4087.0 0
1700981494508 4087.0 0
1700981521256 4087.0 0
1700981547705 4087.0 0
1700981574230 4087.0 0
1700981600870 4087.0 0
1700981627505 4087.0 0
1700981654434 4087.0 0
1700981681259 4087.0 0
1700981708329 4086.0 0
1700981735047 4086.0 0
1700981761937 4087.0 0
1700981788487 4087.0 0
1700981815339 4087.0 0
1700981841902 4087.0 0
1700981868549 4087.0 0
1700981895488 4087.0 0
1700981922026 4087.0 0
1700981948626 4087.0 0
1700981975586 4087.0 0
1700982002257 4087.0 0
1700982029288 4086.0 0
1700982055781 4087.0 0
1700982082641 4087.0 0
1700982109440 4087.0 0
1700982136037 4087.0 0
1700982162936 4087.0 0
1700982189816 4087.0 0
1700982216686 4087.0 0
1700982243286 4087.0 0
1700982270217 4087.0 0
1700982296856 4087.0 0
1700982324316 4087.0 0
1700982351099 4087.0 0
1700982378238 4087.0 0
1700982405282 4086.0 0
1700982432283 4086.0 0
1700982459111 4087.0 0
1700982486275 4087.0 0
1700982512952 4087.0 0
1700982539316 4087.0 0
1700982566288 4087.0 0
1700982593140 4087.0 0
1700982619699 4087.0 0
1700982646490 4087.0 0
1700982672892 4087.0 0
1700982699711 4087.0 0
1700982726394 4087.0 0
1700982753161 4087.0 0
1700982780264 4087.0 0
1700982807341 4087.0 0
1700982834431 4087.0 0
1700982861800 4087.0 0
1700982892497 4087.0 0
1700982923048 4087.0 0
1700982953834 4087.0 0
1700982984868 4087.0 0
1700983014386 4087.0 0
1700983041503 4087.0 0
1700983068136 4087.0 0
1700983094640 4087.0 0
1700983121372 4087.0 0
1700983148380 4087.0 0
1700983175228 4087.0 0
1700983202911 4087.0 0
1700983230030 4087.0 0
1700983256954 4087.0 0
1700983283592 4087.0 0
1700983311014 4087.0 0
1700983337750 4087.0 0
1700983364701 4087.0 0
1700983391721 4087.0 0
1700983418533 4087.0 0
1700983445398 4087.0 0
1700983472110 4087.0 0
1700983499221 4087.0 0
1700983526482 4087.0 0
1700983553664 4087.0 0
1700983580333 4087.0 0
1700983607022 4087.0 0
1700983633679 4087.0 0
1700983660349 4087.0 0
1700983687034 4087.0 0
1700983713824 4087.0 0
1700983740358 4087.0 0
1700983766986 4087.0 0
1700983793518 4087.0 0
1700983820338 4086.0 0
1700983846991 4086.0 0
1700983873628 4086.0 0
1700983900312 4086.0 0
1700983927059 4086.0 0
1700983953690 4085.0 0
1700983980530 4084.0 0
1700984007166 4084.0 0
1700984033526 4084.0 0
1700984060576 4083.0 0
1700984087039 4083.0 0
1700984113616 4082.0 0
1700984140198 4082.0 0
1700984167119 4081.0 0
1700984194139 4081.0 0
1700984220841 4080.0 0
1700984247561 4080.0 0
1700984274239 4080.0 0
1700984300849 4080.0 0
1700984327525 4080.0 0
1700984354392 4079.0 0
1700984380895 4079.0 0
1700984407363 4078.0 0
1700984434389 4079.0 0
1700984460957 4079.0 0
1700984487851 4078.0 0
1700984514685 4079.0 0
1700984541212 4079.0 0
1700984567811 4079.0 0
1700984598843 4079.0 0
1700984629056 4079.0 0
1700984660233 4079.0 0
1700984690051 4079.0 0
1700984720624 4079.0 0
1700984748529 4079.0 0
1700984775025 4079.0 0
1700984801722 4079.0 0
1700984828920 4078.0 0
1700984855412 4077.0 0
1700984882227 4077.0 0
1700984909013 4077.0 0
1700984935867 4077.0 0
1700984962758 4077.0 0
1700984989431 4077.0 0
1700985016248 4077.0 0
1700985043133 4076.0 0
1700985069976 4076.0 0
1700985096647 4076.0 0
1700985123000 4076.0 0
1700985149629 4076.0 0
1700985175953 4076.0 0
1700985202659 4076.0 0
1700985229231 4076.0 0
1700985255555 4076.0 0
1700985282100 4076.0 0
1700985308625 4076.0 0
1700985335106 4075.0 0
1700985361655 4074.0 0
1700985388274 4073.0 0
1700985415052 4073.0 0
1700985441780 4073.0 0
1700985468462 4073.0 0
1700985495201 4073.0 0
1700985521822 4073.0 0
1700985548450 4072.0 0
1700985575156 4072.0 0
1700985602194 4072.0 0
1700985628692 4071.0 0
1700985655029 4071.0 0
1700985682012 4071.0 0
1700985708474 4071.0 0
1700985735248 4071.0 0
1700985762004 4071.0 0
1700985789728 4071.0 0
1700985820783 4070.0 0
1700985850813 4070.0 0
1700985881249 4070.0 0
1700985911826 4070.0 0
1700985941639 4070.0 0
1700985968583 4070.0 0
1700985995225 4070.0 0
1700986021920 4070.0 0
1700986048327 4070.0 0
1700986075087 4070.0 0
1700986101901 4069.0 0
1700986129367 4069.0 0
1700986156378 4068.0 0
1700986182803 4068.0 0
1700986209661 4068.0 0
1700986236488 4068.0 0
1700986263188 4068.0 0
1700986290045 4068.0 0
1700986316870 4068.0 0
1700986343913 4067.0 0
1700986370730 4067.0 0
1700986397344 4067.0 0
1700986423827 4067.0 0
1700986451160 4066.0 0
1700986477887 4066.0 0
1700986504982 4066.0 0
1700986531598 4066.0 0
1700986559168 4065.0 0
1700986585514 4065.0 0
1700986612186 4065.0 0
1700986638828 4065.0 0
1700986665364 4065.0 0
1700986691783 4065.0 0
1700986718734 4065.0 0
1700986745229 4065.0 0
1700986771885 4064.0 0
1700986798574 4064.0 0
1700986825133 4064.0 0
1700986851842 4064.0 0
1700986878451 4064.0 0
1700986905187 4063.0 0
1700986932340 4063.0 0
1700986959005 4062.0 0
1700986985534 4063.0 0
1700987012032 4062.0 0
1700987038908 4062.0 0
1700987065865 4060.0 0
1700987092976 4060.0 0
1700987119710 4059.0 0
1700987146639 4059.0 0
1700987173055 4059.0 0
1700987199555 4058.0 0
1700987226088 4057.0 0
1700987253085 4055.0 0
1700987279575 4053.0 0
1700987306203 4053.0 0
1700987333056 4052.0 0
1700987359788 4051.0 0
1700987386203 4051.0 0
1700987412607 4051.0 0
1700987439122 4051.0 0
1700987465922 4051.0 0
1700987492318 4051.0 0
1700987518984 4050.0 0
1700987545661 4050.0 0
1700987572107 4050.0 0
1700987598594 4050.0 0
1700987625656 4050.0 0
1700987656723 4050.0 0
1700987687822 4050.0 0
1700987718133 4050.0 0
1700987748439 4050.0 0
1700987777609 4050.0 0
1700987804037 4049.0 0
1700987830501 4049.0 0
1700987856825 4049.0 0
1700987883229 4049.0 0
1700987909409 4048.0 0
1700987935670 4047.0 0
1700987962135 4046.0 0
1700987988280 4046.0 0
1700988014798 4045.0 0
1700988041327 4043.0 0
1700988067951 4042.0 0
1700988094326 4040.0 0
1700988120694 4039.0 0
1700988147334 4038.0 0
1700988173668 4038.0 0
1700988200099 4037.0 0
1700988226636 4037.0 0
1700988294234 4036.0 0
1700988321174 4036.0 0
1700988347642 4037.0 0
1700988374814 4037.0 0
1700988401448 4037.0 0
1700988428323 4036.0 0
1700988455600 4036.0 0
1700988482536 4036.0 0
1700988508893 4036.0 0
1700988535743 4036.0 0
1700988562637 4036.0 0
1700988589479 4037.0 0
1700988616061 4037.0 0
1700988642855 4037.0 0
1700988669653 4037.0 0
1700988696594 4037.0 0
1700988723366 4037.0 0
1700988749980 4037.0 0
1700988776469 4037.0 0
1700988802884 4037.0 0
1700988829379 4037.0 0
1700988855871 4037.0 0
1700988882524 4037.0 0
1700988909044 4037.0 0
1700988935596 4037.0 0
1700988962146 4037.0 0
1700988988864 4037.0 0
1700989015348 4037.0 0
1700989041967 4037.0 0
1700989068916 4037.0 0
1700989095659 4037.0 0
1700989122669 4036.0 0
1700989149594 4036.0 0
1700989176618 4036.0 0
1700989203620 4037.0 0
1700989230554 4037.0 0
1700989257851 4036.0 0
1700989286233 4036.0 0
1700989316573 4035.0 0
1700989347111 4035.0 0
1700989378630 4035.0 0
1700989410502 4035.0 0
1700989438495 4035.0 0
1700989465355 4035.0 0
1700989492074 4035.0 0
1700989519049 4035.0 0
1700989545983 4035.0 0
1700989573264 4034.0 0
1700989599882 4033.0 0
1700989626674 4032.0 0
1700989653498 4032.0 0
1700989680557 4032.0 0
1700989707678 4032.0 0
1700989734524 4032.0 0
1700989761183 4032.0 0
1700989787827 4032.0 0
1700989814945 4032.0 0
1700989841789 4031.0 0
1700989868740 4031.0 0
1700989895660 4030.0 0
1700989922331 4030.0 0
1700989949067 4030.0 0
1700989976104 4030.0 0
1700990003328 4030.0 0
1700990029991 4030.0 0
1700990056930 4029.0 0
1700990083941 4029.0 0
1700990111016 4029.0 0
1700990137705 4028.0 0
1700990165224 4028.0 0
1700990192407 4028.0 0
1700990219175 4028.0 0
1700990246130 4028.0 0
1700990272922 4028.0 0
1700990299841 4028.0 0
1700990326446 4028.0 0
1700990353242 4027.0 0
1700990380193 4025.0 0
1700990406941 4023.0 0
1700990433650 4022.0 0
1700990460641 4021.0 0
1700990487587 4020.0 0
1700990514270 4019.0 0
1700990540820 4019.0 0
1700990567944 4018.0 0
1700990594676 4018.0 0
1700990621570 4018.0 0
1700990648424 4018.0 0
1700990675316 4018.0 0
1700990702068 4017.0 0
1700990728680 4017.0 0
1700990755666 4017.0 0
1700990782597 4016.0 0
1700990809274 4015.0 0
1700990836298 4015.0 0
1700990863563 4015.0 0
1700990890262 4015.0 0
1700990916927 4015.0 0
1700990943842 4014.0 0
1700990970762 4014.0 0
1700990997449 4014.0 0
1700991024492 4014.0 0
1700991051275 4014.0 0
1700991078130 4014.0 0
1700991104788 4014.0 0
1700991131583 4014.0 0
1700991158240 4014.0 0
1700991185275 4014.0 0
1700991212156 4015.0 0
1700991238813 4015.0 0
1700991265506 4015.0 0
1700991292046 4015.0 0
1700991318924 4015.0 0
1700991346026 4014.0 0
1700991372675 4014.0 0
1700991399233 4014.0 0
1700991426081 4014.0 0
1700991452848 4015.0 0
1700991479628 4015.0 0
1700991506756 4016.0 0
1700991533919 4016.0 0
1700991560808 4016.0 0
1700991588087 4017.0 0
1700991614740 4017.0 0
1700991641741 4018.0 0
1700991668717 4018.0 0
1700991695390 4019.0 0
1700991722621 4020.0 0
1700991749785 4020.0 0
1700991776758 4021.0 0
1700991804012 4022.0 0
1700991831266 4023.0 0
1700991860487 4024.0 0
1700991890459 4025.0 0
1700991922116 4026.0 0
1700991953058 4027.0 0
1700991983998 4028.0 0
1700992012137 4029.0 0
1700992038957 4031.0 0
1700992065996 4032.0 0
1700992093326 4033.0 0
1700992120186 4034.0 0
1700992146968 4034.0 0
1700992173837 4035.0 0
1700992200867 4036.0 0
1700992227994 4037.0 0
1700992254897 4037.0 0
1700992282160 4038.0 0
1700992309128 4039.0 0
1700992335889 4040.0 0
1700992362777 4041.0 0
1700992389864 4042.0 0
1700992416609 4043.0 0
1700992443540 4043.0 0
1700992470351 4043.0 0
1700992497109 4042.0 0
1700992523886 4042.0 0
1700992550899 4042.0 0
1700992577902 4043.0 0
1700992604635 4043.0 0
1700992631972 4043.0 0
1700992659192 4043.0 0
1700992686380 4043.0 0
1700992713421 4043.0 0
1700992740245 4043.0 0
1700992767317 4043.0 0
1700992794255 4044.0 0
1700992821698 4044.0 0
1700992848708 4044.0 0
1700992875594 4044.0 0
1700992903157 4044.0 0
1700992929920 4044.0 0
1700992957985 4045.0 0
1700992989135 4045.0 0
1700993020058 4046.0 0
1700993051606 4046.0 0
1700993083033 4046.0 0
1700993112653 4046.0 0
1700993139654 4046.0 0
1700993166226 4046.0 0
1700993192943 4047.0 0
1700993219756 4047.0 0
1700993246600 4047.0 0
1700993273620 4047.0 0
1700993300423 4047.0 0
1700993327596 4048.0 0
1700993354587 4048.0 0
1700993381759 4047.0 0
1700993408746 4047.0 0
1700993435384 4047.0 0
1700993462611 4047.0 0
1700993489456 4048.0 0
1700993516289 4048.0 0
1700993543202 4048.0 0
1700993570237 4048.0 0
1700993597172 4048.0 0
1700993624208 4048.0 0
1700993650873 4048.0 0
1700993678249 4049.0 0
1700993704940 4049.0 0
1700993731495 4049.0 0
1700993758134 4049.0 0
1700993785645 4049.0 0
1700993812341 4049.0 0
1700993838791 4049.0 0
1700993865541 4049.0 0
1700993892197 4049.0 0
1700993918858 4049.0 0
1700993945518 4049.0 0
1700993972052 4049.0 0
1700993998782 4049.0 0
1700994025423 4049.0 0
1700994053160 4049.0 0
1700994080602 4049.0 0
1700994108416 4049.0 0
1700994135728 4049.0 0
1700994163342 4049.0 0
1700994191360 4049.0 0
1700994218976 4049.0 0
1700994246324 4049.0 0
1700994273622 4049.0 0
1700994300743 4049.0 0
1700994328318 4049.0 0
1700994355524 4050.0 0
1700994383162 4050.0 0
1700994411501 4050.0 0
1700994439230 4050.0 0
1700994467017 4050.0 0
1700994494498 4050.0 0
1700994522026 4049.0 0
1700994549914 4049.0 0
1700994577782 4049.0 0
1700994605167 4049.0 0
1700994632700 4049.0 0
1700994659978 4049.0 0
1700994686430 4049.0 0
1700994713937 4049.0 0
1700994741428 4049.0 0
