1700981037602 0.0 0
1700981061687 0.0013365207239985466 0
1700981088338 0.0025822630152106283 0
1700981114992 0.0010950047522783279 0
1700981141823 -0.0022943813353776933 0
1700981169387 -0.005517918057739735 0
1700981195846 -0.005844401009380817 0
1700981222324 -0.001482701301574707 0
1700981249583 0.008135856315493583 0
1700981276211 0.023086806014180183 0
1700981303055 0.041613802313804626 0
1700981329797 0.06526700854301452 0
1700981357337 0.09409862756729126 0
1700981384506 0.12812695503234864 0
1700981411185 0.16778867244720458 0
1700981437918 0.21299309730529786 0
1700981464891 0.26358780860900877 0
1700981492091 0.3193195343017578 0
1700981518792 0.3803565979003906 0
1700981545220 0.4445903778076172 0
1700981571779 0.5139619827270507 0
1700981598420 0.5896987915039062 0
1700981625087 0.6700275421142579 0
1700981652011 0.7568161010742187 0
1700981678785 0.8501293182373046 0
1700981705866 0.9465682983398438 0
1700981732585 1.0494003295898438 0
1700981759418 1.1594268798828125 0
1700981785976 1.2736358642578125 0
1700981812852 1.394843292236328 0
1700981839383 1.5286109924316407 0
1700981866049 1.6617050170898438 0
1700981893000 1.7922866821289063 0
1700981919522 1.9108810424804688 0
1700981946153 2.0482635498046875 0
1700981973091 2.1883529663085937 0
1700981999759 2.327374267578125 0
1700982026823 2.471052551269531 0
1700982053332 2.6227294921875 0
1700982080165 2.7875823974609375 0
1700982106957 2.9758819580078124 0
1700982133554 3.1762847900390625 0
1700982160489 3.3423004150390625 0
1700982187382 3.5034393310546874 0
1700982214199 3.6796142578125 0
1700982240818 3.8745269775390625 0
1700982267731 4.08065185546875 0
1700982294389 4.311334228515625 0
1700982321871 4.529742431640625 0
1700982348642 4.74317626953125 0
1700982375751 4.9384765625 0
1700982402808 5.11043701171875 0
1700982429818 5.305072021484375 0
1700982456696 5.5020263671875 0
1700982483795 5.724468994140625 0
1700982510473 5.983538818359375 0
1700982536838 6.2665283203125 0
1700982563827 6.53267822265625 0
1700982590660 6.7956298828125 0
1700982617262 7.05753173828125 0
1700982644018 7.33228759765625 0
1700982670431 7.60145263671875 0
1700982697230 7.85498046875 0
1700982723899 8.099609375 0
1700982750722 8.3580810546875 0
1700982777839 8.58646240234375 0
1700982804865 8.7910400390625 0
1700982831959 9.05164794921875 0
1700982859279 9.3416259765625 0
1700982889936 9.6666259765625 0
1700982920495 9.909521484375 0
1700982951290 10.184423828125 0
1700982982323 10.492724609375 0
1700983011834 10.75595703125 0
1700983039023 11.0884765625 0
1700983065695 11.3607421875 0
1700983092184 11.6507080078125 0
1700983118888 11.97724609375 0
1700983145910 12.3347900390625 0
1700983172713 12.6901611328125 0
1700983200359 13.026611328125 0
1700983227539 13.3537109375 0
1700983254483 13.6659423828125 0
1700983281083 13.9516357421875 0
1700983308522 14.223828125 0
1700983335218 14.443798828125 0
1700983362198 14.71279296875 0
1700983389258 15.037060546875 0
1700983416034 15.37197265625 0
1700983442935 15.74775390625 0
1700983469679 16.125244140625 0
1700983496715 16.459912109375 0
1700983523983 16.824267578125 0
1700983551199 17.15595703125 0
1700983577821 17.45546875 0
1700983604532 17.816455078125 0
1700983631210 18.1826171875 0
1700983657890 18.47021484375 0
1700983684510 18.7228515625 0
1700983711318 18.961474609375 0
1700983737883 19.280859375 0
1700983764438 19.7044921875 0
1700983791023 19.9869140625 0
1700983817837 20.069287109375 0
1700983844506 20.18623046875 0
1700983871135 20.273779296875 0
1700983897823 20.2986328125 0
1700983924536 20.3787109375 0
1700983951178 20.364599609375 0
1700983978044 20.26328125 0
1700984004715 20.24765625 0
1700984031059 20.19052734375 0
1700984058082 20.13701171875 0
1700984084541 20.087109375 0
1700984111166 19.91513671875 0
1700984137670 19.78818359375 0
1700984164667 19.599609375 0
1700984191620 19.45625 0
1700984218398 19.32509765625 0
1700984245074 19.23837890625 0
1700984271707 19.12119140625 0
1700984298385 18.943359375 0
1700984325062 18.71162109375 0
1700984351890 18.4759765625 0
1700984378403 18.142578125 0
1700984404880 17.7826171875 0
1700984431906 17.48642578125 0
1700984458403 17.2412109375 0
1700984485322 16.9794921875 0
1700984512188 16.70146484375 0
1700984538694 16.3029296875 0
1700984565348 15.948828125 0
1700984596286 15.75009765625 0
1700984626502 15.5052734375 0
1700984657722 15.27255859375 0
1700984687537 15.09052734375 0
1700984718083 14.929296875 0
1700984745994 14.762890625 0
1700984772642 14.59033203125 0
1700984799269 14.46162109375 0
1700984826406 14.2482421875 0
1700984852902 14.11474609375 0
1700984879714 14.0068359375 0
1700984906505 13.86240234375 0
1700984933418 13.78017578125 0
1700984960286 13.673828125 0
1700984986971 13.58671875 0
1700985013802 13.5064453125 0
1700985040650 13.36923828125 0
1700985067518 13.24443359375 0
1700985094141 13.2078125 0
1700985120526 13.1638671875 0
1700985147215 13.15791015625 0
1700985173585 13.098046875 0
1700985200229 12.98828125 0
1700985226830 12.91162109375 0
1700985253148 12.88037109375 0
1700985279723 12.83154296875 0
1700985306207 12.75869140625 0
1700985332693 12.7076171875 0
1700985359183 12.6205078125 0
1700985385807 12.476953125 0
1700985412641 12.4259765625 0
1700985439306 12.3859375 0
1700985466017 12.4078125 0
1700985492786 12.389453125 0
1700985519401 12.3630859375 0
1700985546017 12.3095703125 0
1700985572747 12.338671875 0
1700985599729 12.370703125 0
1700985626222 12.390625 0
1700985652611 12.3939453125 0
1700985679584 12.335546875 0
1700985706078 12.3990234375 0
1700985732783 12.44765625 0
1700985759586 12.4361328125 0
1700985787199 12.4193359375 0
1700985818230 12.2330078125 0
1700985848249 12.0642578125 0
1700985878691 11.945703125 0
1700985909308 11.83046875 0
1700985939260 11.748046875 0
1700985966210 11.68125 0
1700985992836 11.5701171875 0
1700986019479 11.476171875 0
1700986045885 11.4107421875 0
1700986072618 11.3943359375 0
1700986099389 11.390234375 0
1700986126745 11.426171875 0
1700986153757 11.410546875 0
1700986180426 11.4021484375 0
1700986207234 11.391796875 0
1700986234022 11.4146484375 0
1700986260714 11.40546875 0
1700986287586 11.4251953125 0
1700986314346 11.457421875 0
1700986341404 11.4404296875 0
1700986368159 11.4234375 0
1700986394882 11.3404296875 0
1700986421395 11.318359375 0
1700986448622 11.2421875 0
1700986475383 11.2220703125 0
1700986502514 11.164453125 0
1700986529085 11.05 0
1700986556651 10.978125 0
1700986583085 10.8775390625 0
1700986609731 10.8193359375 0
1700986636375 10.766796875 0
1700986662906 10.705859375 0
1700986689322 10.68125 0
1700986716292 10.66796875 0
1700986742747 10.62265625 0
1700986769456 10.637890625 0
1700986796126 10.6306640625 0
1700986822718 10.648046875 0
1700986849402 10.7 0
1700986875988 10.76640625 0
1700986902644 10.84140625 0
1700986929724 10.8486328125 0
1700986956519 10.71953125 0
1700986983110 10.6208984375 0
1700987009597 10.5865234375 0
1700987036441 10.5404296875 0
1700987063318 10.5087890625 0
1700987090517 10.4484375 0
1700987117233 10.457421875 0
1700987144185 10.4876953125 0
1700987170659 10.532421875 0
1700987197132 10.5203125 0
1700987223686 10.448828125 0
1700987250604 10.2310546875 0
1700987277149 9.991015625 0
1700987303782 9.8642578125 0
1700987330618 9.81875 0
1700987357314 9.8986328125 0
1700987383746 9.971875 0
1700987410136 9.95234375 0
1700987436634 9.9376953125 0
1700987463456 10.0017578125 0
1700987489828 10.0888671875 0
1700987516478 10.1150390625 0
1700987543191 10.2216796875 0
1700987569660 10.3552734375 0
1700987596182 10.4396484375 0
1700987622884 10.4626953125 0
1700987653889 10.5408203125 0
1700987685282 10.6583984375 0
1700987715589 10.79453125 0
1700987745900 10.902734375 0
1700987775107 11.02265625 0
1700987801610 11.1900390625 0
1700987828041 11.3544921875 0
1700987854441 11.5263671875 0
1700987880798 11.659375 0
1700987906982 11.6787109375 0
1700987933250 11.627734375 0
1700987959737 11.6591796875 0
1700987985875 11.7255859375 0
1700988012369 11.793359375 0
1700988038891 11.7935546875 0
1700988065539 11.58046875 0
1700988091865 11.4158203125 0
1700988118242 11.38671875 0
1700988144895 11.3330078125 0
1700988171257 11.37109375 0
1700988197653 11.471875 0
1700988224156 11.5615234375 0
1700988291787 11.484375 0
1700988318705 11.11484375 0
1700988345235 10.7720703125 0
1700988372418 10.47578125 0
1700988399028 10.18984375 0
1700988425890 9.831640625 0
1700988453141 9.4767578125 0
1700988480094 9.146484375 0
1700988506489 8.840625 0
1700988533314 8.4994140625 0
1700988560170 8.136328125 0
1700988587066 7.833984375 0
1700988613625 7.5677734375 0
1700988640470 7.2798828125 0
1700988667299 6.92890625 0
1700988694204 6.634765625 0
1700988720888 6.3900390625 0
1700988747558 6.1501953125 0
1700988774074 5.919140625 0
1700988800476 5.6841796875 0
1700988827001 5.4208984375 0
1700988853464 5.1125 0
1700988880172 4.7955078125 0
1700988906663 4.4845703125 0
1700988933248 4.2302734375 0
1700988959756 3.98671875 0
1700988986485 3.651171875 0
1700989012898 3.253125 0
1700989039502 2.8806640625 0
1700989066477 2.6267578125 0
1700989093180 2.362890625 0
1700989120159 2.0853515625 0
1700989147123 1.8095703125 0
1700989174122 1.55 0
1700989201157 1.307421875 0
1700989228129 1.0337890625 0
1700989255352 0.7806640625 0
1700989283738 0.509765625 0
1700989313937 0.203125 0
1700989344220 -0.066015625 0
1700989376084 -0.3232421875 0
1700989407766 -0.6189453125 0
1700989436100 -0.9458984375 0
1700989462894 -1.2447265625 0
1700989489607 -1.5275390625 0
1700989516586 -1.8521484375 0
1700989543467 -2.0896484375 0
1700989570756 -2.390625 0
1700989597483 -2.6802734375 0
1700989624289 -2.977734375 0
1700989651081 -3.220703125 0
1700989678169 -3.42578125 0
1700989705212 -3.6150390625 0
1700989732066 -3.8166015625 0
1700989758720 -4.03671875 0
1700989785397 -4.2373046875 0
1700989812485 -4.436328125 0
1700989839351 -4.63359375 0
1700989866285 -4.828125 0
1700989893198 -5.0810546875 0
1700989919869 -5.3515625 0
1700989946633 -5.572265625 0
1700989973648 -5.7458984375 0
1700990000885 -5.9052734375 0
1700990027559 -6.062890625 0
1700990054501 -6.237109375 0
1700990081490 -6.444921875 0
1700990108591 -6.6904296875 0
1700990135287 -6.92109375 0
1700990162846 -7.1166015625 0
1700990189959 -7.2875 0
1700990216744 -7.4498046875 0
1700990243699 -7.603125 0
1700990270497 -7.7431640625 0
1700990297409 -7.8865234375 0
1700990324041 -8.0388671875 0
1700990350831 -8.2044921875 0
1700990377795 -8.4595703125 0
1700990404459 -8.787890625 0
1700990431229 -9.066796875 0
1700990458237 -9.3072265625 0
1700990485192 -9.5255859375 0
1700990511856 -9.7306640625 0
1700990538398 -9.928515625 0
1700990565528 -10.1615234375 0
1700990592227 -10.4064453125 0
1700990619141 -10.6255859375 0
1700990646011 -10.780078125 0
1700990672856 -10.941796875 0
1700990699643 -11.0955078125 0
1700990726280 -11.2123046875 0
1700990753187 -11.3107421875 0
1700990780199 -11.4587890625 0
1700990806895 -11.6109375 0
1700990833842 -11.748046875 0
1700990861203 -11.864453125 0
1700990887800 -11.9935546875 0
1700990914504 -12.0953125 0
1700990941341 -12.1984375 0
1700990968319 -12.308984375 0
1700990994987 -12.40625 0
1700991022036 -12.49296875 0
1700991048797 -12.5732421875 0
1700991075648 -12.6333984375 0
1700991102392 -12.6724609375 0
1700991129128 -12.71171875 0
1700991155811 -12.76328125 0
1700991182750 -12.8248046875 0
1700991209683 -12.884765625 0
1700991236424 -12.9396484375 0
1700991263146 -12.9771484375 0
1700991289655 -13.023046875 0
1700991316530 -13.0578125 0
1700991343635 -13.1150390625 0
1700991370286 -13.1529296875 0
1700991396835 -13.1845703125 0
1700991423647 -13.2087890625 0
1700991450458 -13.219921875 0
1700991477240 -13.13125 0
1700991504264 -12.9609375 0
1700991531521 -12.7501953125 0
1700991558390 -12.5158203125 0
1700991585685 -12.2615234375 0
1700991612314 -11.970703125 0
1700991639286 -11.6869140625 0
1700991666285 -11.387109375 0
1700991692989 -11.06171875 0
1700991720113 -10.7328125 0
1700991747381 -10.397265625 0
1700991774302 -10.0490234375 0
1700991801583 -9.65859375 0
1700991828806 -9.26953125 0
1700991857568 -8.8361328125 0
1700991888006 -8.41171875 0
1700991919398 -7.955078125 0
1700991950279 -7.49375 0
1700991981561 -6.9994140625 0
1700992009717 -6.512890625 0
1700992036529 -6.0146484375 0
1700992063561 -5.4873046875 0
1700992090891 -4.971875 0
1700992117789 -4.4375 0
1700992144492 -4.0236328125 0
1700992171402 -3.9970703125 0
1700992198450 -3.73203125 0
1700992225544 -3.5712890625 0
1700992252459 -3.4546875 0
1700992279722 -3.34375 0
1700992306709 -3.2119140625 0
1700992333494 -3.1251953125 0
1700992360351 -2.99296875 0
1700992387393 -2.9349609375 0
1700992414143 -2.7625 0
1700992441099 -2.6671875 0
1700992467936 -2.625390625 0
1700992494679 -2.5107421875 0
1700992521439 -2.49140625 0
1700992548487 -2.3240234375 0
1700992575514 -2.303515625 0
1700992602228 -2.1279296875 0
1700992629605 -2.078515625 0
1700992656782 -1.9724609375 0
1700992683950 -1.9138671875 0
1700992710959 -1.8328125 0
1700992737782 -1.761328125 0
1700992764884 -1.696875 0
1700992791796 -1.6435546875 0
1700992819218 -1.571875 0
1700992846252 -1.522265625 0
1700992873159 -1.450390625 0
1700992900744 -1.401953125 0
1700992927524 -1.347265625 0
1700992955108 -1.2974609375 0
1700992986583 -1.2474609375 0
1700993017436 -1.1935546875 0
1700993048887 -1.1546875 0
1700993080172 -1.1455078125 0
1700993110283 -1.096875 0
1700993137091 -1.050390625 0
1700993163816 -0.9845703125 0
1700993190527 -0.9388671875 0
1700993217364 -0.9 0
1700993244123 -0.8755859375 0
1700993271236 -0.864453125 0
1700993297993 -0.8029296875 0
1700993325184 -0.7908203125 0
1700993352183 -0.7296875 0
1700993379347 -0.6962890625 0
1700993406370 -0.6673828125 0
1700993432983 -0.63671875 0
1700993460159 -0.614453125 0
1700993487039 -0.584765625 0
1700993513886 -0.5603515625 0
1700993540785 -0.5419921875 0
1700993567747 -0.5125 0
1700993594751 -0.5013671875 0
1700993621748 -0.4703125 0
1700993648432 -0.4474609375 0
1700993675771 -0.4353515625 0
1700993702508 -0.429296875 0
1700993729066 -0.4009765625 0
1700993755581 -0.3974609375 0
1700993783146 -0.3748046875 0
1700993809911 -0.35390625 0
1700993836361 -0.337109375 0
1700993863124 -0.333203125 0
1700993889747 -0.3126953125 0
1700993916430 -0.2900390625 0
1700993943158 -0.2814453125 0
1700993969620 -0.275 0
1700993996407 -0.249609375 0
1700994023003 -0.2337890625 0
1700994050691 -0.2349609375 0
1700994078118 -0.2134765625 0
1700994106008 -0.2056640625 0
1700994133238 -0.1923828125 0
1700994160856 -0.190234375 0
1700994188913 -0.18515625 0
1700994216487 -0.16796875 0
1700994243874 -0.172265625 0
1700994271181 -0.152734375 0
1700994298327 -0.1427734375 0
1700994325883 -0.1423828125 0
1700994353053 -0.138671875 0
1700994380739 -0.126171875 0
1700994409060 -0.1130859375 0
1700994436723 -0.1125 0
1700994464554 -0.1107421875 0
1700994491956 -0.1076171875 0
1700994519572 -0.104296875 0
1700994547456 -0.0861328125 0
1700994575266 -0.08984375 0
1700994602728 -0.0861328125 0
1700994630266 -0.077734375 0
1700994657584 -0.0763671875 0
1700994684013 -0.0673828125 0
1700994711165 -0.0595703125 0
1700994738568 -0.0537109375 0
1700994769855 -0.049609375 0
