1700981037604 0.09942184388637543 0
1700981061689 0.9283315539360046 0
1700981088341 1.7090166807174683 0
1700981114995 2.1406056880950928 0
1700981141825 2.361510992050171 0
1700981169389 2.8583383560180664 0
1700981195849 4.026093006134033 0
1700981222327 5.658416748046875 0
1700981249585 7.49021577835083 0
1700981276213 9.415013313293457 0
1700981303058 11.36705207824707 0
1700981329799 13.329537391662598 0
1700981357340 15.325881958007812 0
1700981384508 17.351001739501953 0
1700981411187 19.4018497467041 0
1700981437920 21.47381019592285 0
1700981464893 23.561325073242188 0
1700981492093 25.658153533935547 0
1700981518794 27.760589599609375 0
1700981545222 29.861587524414062 0
1700981571781 31.955556869506836 0
1700981598422 34.04900360107422 0
1700981625089 36.14252853393555 0
1700981652013 38.237548828125 0
1700981678787 40.33744812011719 0
1700981705868 42.43921661376953 0
1700981732588 44.54021072387695 0
1700981759420 46.64338302612305 0
1700981785978 48.748558044433594 0
1700981812854 50.852142333984375 0
1700981839385 52.96670913696289 0
1700981866051 55.084842681884766 0
1700981893002 57.19694900512695 0
1700981919524 59.284854888916016 0
1700981946155 61.34961700439453 0
1700981973093 63.4027099609375 0
1700981999761 65.44159698486328 0
1700982026825 67.4672622680664 0
1700982053334 69.48291778564453 0
1700982080167 71.49613189697266 0
1700982106960 73.51819610595703 0
1700982133556 75.5634765625 0
1700982160491 77.61396789550781 0
1700982187384 79.64603424072266 0
1700982214201 81.66299438476562 0
1700982240820 83.67291259765625 0
1700982267733 85.68364715576172 0
1700982294392 87.70586395263672 0
1700982321873 89.73674774169922 0
1700982348644 91.76885223388672 0
1700982375753 93.79228210449219 0
1700982402810 95.7907485961914 0
1700982429820 97.76622772216797 0
1700982456699 99.7226791381836 0
1700982483797 101.6685562133789 0
1700982510476 103.6154556274414 0
1700982536840 105.57929229736328 0
1700982563829 107.55583190917969 0
1700982590662 109.539306640625 0
1700982617264 111.5240249633789 0
1700982644020 113.51007843017578 0
1700982670434 115.49505615234375 0
1700982697232 117.47430419921875 0
1700982723902 119.44142150878906 0
1700982750724 121.39586639404297 0
1700982777841 123.33716583251953 0
1700982804868 125.25271606445312 0
1700982831961 127.15137481689453 0
1700982859281 129.0435333251953 0
1700982889938 130.93951416015625 0
1700982920497 132.83230590820312 0
1700982951292 134.71592712402344 0
1700982982325 136.59686279296875 0
1700983011836 138.4724578857422 0
1700983039025 140.34597778320312 0
1700983065697 142.21572875976562 0
1700983092187 144.0786590576172 0
1700983118890 145.93832397460938 0
1700983145912 147.80184936523438 0
1700983172715 149.67117309570312 0
1700983200361 151.5437469482422 0
1700983227541 153.41543579101562 0
1700983254485 155.28250122070312 0
1700983281085 157.1400909423828 0
1700983308524 158.98460388183594 0
1700983335220 160.8090362548828 0
1700983362201 162.6141815185547 0
1700983389260 164.40821838378906 0
1700983416036 166.19769287109375 0
1700983442937 167.9876251220703 0
1700983469681 169.7816619873047 0
1700983496717 171.5764617919922 0
1700983523985 173.36988830566406 0
1700983551201 175.1617889404297 0
1700983577823 176.9453582763672 0
1700983604534 178.7236328125 0
1700983631212 180.49957275390625 0
1700983657892 182.2695770263672 0
1700983684513 184.02529907226562 0
1700983711321 185.76348876953125 0
1700983737885 187.4884796142578 0
1700983764440 189.2114715576172 0
1700983791025 190.93211364746094 0
1700983817839 192.63125610351562 0
1700983844508 194.29942321777344 0
1700983871137 195.9359130859375 0
1700983897826 197.5369110107422 0
1700983924538 199.1038360595703 0
1700983951179 200.63723754882812 0
1700983978045 202.12835693359375 0
1700984004717 203.58047485351562 0
1700984031061 204.99647521972656 0
1700984058084 206.3769073486328 0
1700984084543 207.7246856689453 0
1700984111168 209.03616333007812 0
1700984137673 210.30978393554688 0
1700984164669 211.54539489746094 0
1700984191622 212.7444305419922 0
1700984218400 213.90997314453125 0
1700984245076 215.04721069335938 0
1700984271709 216.15821838378906 0
1700984298387 217.24131774902344 0
1700984325064 218.29225158691406 0
1700984351892 219.31065368652344 0
1700984378405 220.29232788085938 0
1700984404882 221.2335205078125 0
1700984431912 222.13632202148438 0
1700984458405 223.0060577392578 0
1700984485325 223.84548950195312 0
1700984512190 224.65557861328125 0
1700984538696 225.43289184570312 0
1700984565350 226.17446899414062 0
1700984596288 226.88809204101562 0
1700984626505 227.57839965820312 0
1700984657724 228.2458038330078 0
1700984687540 228.8934326171875 0
1700984718084 229.52406311035156 0
1700984745996 230.13929748535156 0
1700984772643 230.73931884765625 0
1700984799271 231.32583618164062 0
1700984826408 231.8980255126953 0
1700984852904 232.4557647705078 0
1700984879716 233.00277709960938 0
1700984906507 233.5386199951172 0
1700984933420 234.06504821777344 0
1700984960288 234.5830841064453 0
1700984986973 235.0930633544922 0
1700985013804 235.5959930419922 0
1700985040653 236.09100341796875 0
1700985067520 236.57594299316406 0
1700985094143 237.05445861816406 0
1700985120529 237.5282745361328 0
1700985147217 237.9991455078125 0
1700985173588 238.46714782714844 0
1700985200231 238.92935180664062 0
1700985226832 239.38522338867188 0
1700985253150 239.8365478515625 0
1700985279725 240.2843017578125 0
1700985306209 240.72750854492188 0
1700985332695 241.1663055419922 0
1700985359185 241.60081481933594 0
1700985385810 242.02737426757812 0
1700985412643 242.44789123535156 0
1700985439308 242.86398315429688 0
1700985466019 243.27850341796875 0
1700985492788 243.69229125976562 0
1700985519403 244.104248046875 0
1700985546020 244.51382446289062 0
1700985572750 244.92205810546875 0
1700985599731 245.33111572265625 0
1700985626224 245.74124145507812 0
1700985652613 246.15184020996094 0
1700985679586 246.5610809326172 0
1700985706080 246.96986389160156 0
1700985732785 247.38111877441406 0
1700985759588 247.79331970214844 0
1700985787201 248.20506286621094 0
1700985818232 248.61170959472656 0
1700985848251 249.00872802734375 0
1700985878693 249.3969268798828 0
1700985909310 249.77743530273438 0
1700985939262 250.1512908935547 0
1700985966212 250.52037048339844 0
1700985992838 250.8837127685547 0
1700986019481 251.24130249023438 0
1700986045887 251.5937042236328 0
1700986072620 251.94322204589844 0
1700986099391 252.29116821289062 0
1700986126747 252.6396484375 0
1700986153760 252.98828125 0
1700986180429 253.33673095703125 0
1700986207237 253.68438720703125 0
1700986234024 254.03245544433594 0
1700986260716 254.3805694580078 0
1700986287588 254.7290496826172 0
1700986314348 255.07882690429688 0
1700986341405 255.4291229248047 0
1700986368161 255.77877807617188 0
1700986394884 256.1260681152344 0
1700986421397 256.47076416015625 0
1700986448624 256.81231689453125 0
1700986475385 257.15130615234375 0
1700986502516 257.488037109375 0
1700986529087 257.8204345703125 0
1700986556653 258.147705078125 0
1700986583088 258.4705505371094 0
1700986609733 258.7884521484375 0
1700986636377 259.1034240722656 0
1700986662909 259.41497802734375 0
1700986689324 259.72406005859375 0
1700986716294 260.0317687988281 0
1700986742749 260.3379821777344 0
1700986769459 260.64324951171875 0
1700986796128 260.9485778808594 0
1700986822720 261.2540588378906 0
1700986849404 261.5611267089844 0
1700986875990 261.8711242675781 0
1700986902646 262.18475341796875 0
1700986929727 262.50146484375 0
1700986956522 262.81585693359375 0
1700986983112 263.12554931640625 0
1700987009599 263.4314880371094 0
1700987036443 263.7348327636719 0
1700987063320 264.0362854003906 0
1700987090519 264.3348083496094 0
1700987117235 264.6321105957031 0
1700987144188 264.929931640625 0
1700987170661 265.2293701171875 0
1700987197134 265.5301208496094 0
1700987223689 265.8295593261719 0
1700987250606 266.1228942871094 0
1700987277151 266.40576171875 0
1700987303784 266.67919921875 0
1700987330620 266.9467468261719 0
1700987357316 267.2138671875 0
1700987383749 267.4837951660156 0
1700987410138 267.75537109375 0
1700987436636 268.02667236328125 0
1700987463458 268.2992248535156 0
1700987489830 268.5753479003906 0
1700987516481 268.8544616699219 0
1700987543193 269.1371765136719 0
1700987569663 269.4259033203125 0
1700987596185 269.7206726074219 0
1700987622886 270.01910400390625 0
1700987653891 270.32073974609375 0
1700987685284 270.6274719238281 0
1700987715591 270.94091796875 0
1700987745902 271.26116943359375 0
1700987775109 271.5880126953125 0
1700987801611 271.9229736328125 0
1700987828044 272.26715087890625 0
1700987854443 272.6212158203125 0
1700987880800 272.984619140625 0
1700987906984 273.3541259765625 0
1700987933252 273.72357177734375 0
1700987959739 274.09356689453125 0
1700987985877 274.4654846191406 0
1700988012371 274.8410949707031 0
1700988038893 275.21923828125 0
1700988065541 275.5929260253906 0
1700988091867 275.95672607421875 0
1700988118244 276.3141174316406 0
1700988144897 276.6680908203125 0
1700988171258 277.0204772949219 0
1700988197655 277.3757019042969 0
1700988224158 277.7357482910156 0
1700988291789 278.09783935546875 0
1700988318707 278.4493713378906 0
1700988345238 278.78363037109375 0
1700988372420 279.1003112792969 0
1700988399030 279.4007568359375 0
1700988425892 279.6839599609375 0
1700988453144 279.9490051269531 0
1700988480096 280.19671630859375 0
1700988506491 280.4284973144531 0
1700988533316 280.6448669433594 0
1700988560172 280.8452453613281 0
1700988587068 281.0307312011719 0
1700988613627 281.2035827636719 0
1700988640472 281.36468505859375 0
1700988667301 281.5133361816406 0
1700988694206 281.64971923828125 0
1700988720890 281.7757568359375 0
1700988747560 281.8927917480469 0
1700988774077 282.0015563964844 0
1700988800478 282.1025695800781 0
1700988827003 282.1957702636719 0
1700988853466 282.280517578125 0
1700988880174 282.3564758300781 0
1700988906665 282.4237365722656 0
1700988933249 282.4833984375 0
1700988959758 282.5367431640625 0
1700988986487 282.5832824707031 0
1700989012900 282.6224365234375 0
1700989039504 282.654052734375 0
1700989066479 282.6797790527344 0
1700989093182 282.700927734375 0
1700989120161 282.7179870605469 0
1700989147125 282.73138427734375 0
1700989174124 282.7416076660156 0
1700989201159 282.7491760253906 0
1700989228131 282.7545166015625 0
1700989255354 282.7580261230469 0
1700989283740 282.76007080078125 0
1700989313939 282.760986328125 0
1700989344222 282.7613525390625 0
1700989376086 282.76165771484375 0
1700989407768 282.7622985839844 0
1700989436102 282.7640380859375 0
1700989462896 282.76751708984375 0
1700989489609 282.77325439453125 0
1700989516588 282.7819519042969 0
1700989543469 282.79400634765625 0
1700989570758 282.8099060058594 0
1700989597485 282.8305969238281 0
1700989624291 282.8567199707031 0
1700989651083 282.88861083984375 0
1700989678174 282.9259338378906 0
1700989705214 282.9685363769531 0
1700989732068 283.0165710449219 0
1700989758722 283.0707702636719 0
1700989785399 283.1315612792969 0
1700989812487 283.1990966796875 0
1700989839353 283.2738037109375 0
1700989866287 283.3559265136719 0
1700989893200 283.44671630859375 0
1700989919871 283.5482177734375 0
1700989946635 283.6607971191406 0
1700989973651 283.7832946777344 0
1700990000887 283.91497802734375 0
1700990027561 284.0558166503906 0
1700990054503 284.2060241699219 0
1700990081492 284.3671569824219 0
1700990108593 284.5414123535156 0
1700990135289 284.73040771484375 0
1700990162848 284.93402099609375 0
1700990189961 285.1512145996094 0
1700990216746 285.38165283203125 0
1700990243701 285.6250305175781 0
1700990270500 285.88116455078125 0
1700990297411 286.1499938964844 0
1700990324043 286.4323425292969 0
1700990350833 286.72918701171875 0
1700990377797 287.04425048828125 0
1700990404461 287.38482666015625 0
1700990431231 287.7533874511719 0
1700990458239 288.14971923828125 0
1700990485194 288.5722961425781 0
1700990511859 289.0209045410156 0
1700990538400 289.4949645996094 0
1700990565530 289.99652099609375 0
1700990592229 290.5288391113281 0
1700990619143 291.09326171875 0
1700990646013 291.6867980957031 0
1700990672859 292.3072204589844 0
1700990699645 292.955078125 0
1700990726282 293.62835693359375 0
1700990753189 294.3244934082031 0
1700990780201 295.0452880859375 0
1700990806897 295.794189453125 0
1700990833844 296.5721435546875 0
1700990861205 297.3778076171875 0
1700990887802 298.2117004394531 0
1700990914506 299.0733642578125 0
1700990941343 299.961181640625 0
1700990968321 300.87689208984375 0
1700990994990 301.82025146484375 0
1700991022038 302.79034423828125 0
1700991048800 303.7865295410156 0
1700991075650 304.80712890625 0
1700991102394 305.8494567871094 0
1700991129130 306.9116516113281 0
1700991155813 307.99456787109375 0
1700991182752 309.09991455078125 0
1700991209685 310.22894287109375 0
1700991236426 311.3819580078125 0
1700991263148 312.5574035644531 0
1700991289657 313.7550048828125 0
1700991316532 314.9743347167969 0
1700991343637 316.21661376953125 0
1700991370288 317.4823303222656 0
1700991396837 318.7699890136719 0
1700991423649 320.0783996582031 0
1700991450461 321.40594482421875 0
1700991477243 322.7434387207031 0
1700991504266 324.07269287109375 0
1700991531523 325.3807067871094 0
1700991558392 326.6588134765625 0
1700991585687 327.9017639160156 0
1700991612317 329.10296630859375 0
1700991639288 330.2601318359375 0
1700991666288 331.371826171875 0
1700991692992 332.43499755859375 0
1700991720115 333.4473571777344 0
1700991747383 334.4083251953125 0
1700991774305 335.31744384765625 0
1700991801585 336.1706237792969 0
1700991828808 336.966552734375 0
1700991857569 337.70257568359375 0
1700991888008 338.3775634765625 0
1700991919400 338.9914245605469 0
1700991950281 339.544677734375 0
1700991981563 340.0362243652344 0
1700992009719 340.4685363769531 0
1700992036531 340.84381103515625 0
1700992063563 341.1640930175781 0
1700992090893 341.43255615234375 0
1700992117792 341.6527099609375 0
1700992144494 341.830810546875 0
1700992171404 341.98876953125 0
1700992198452 342.1318664550781 0
1700992225546 342.2606506347656 0
1700992252461 342.3797912597656 0
1700992279725 342.4913024902344 0
1700992306711 342.5952453613281 0
1700992333496 342.69342041015625 0
1700992360353 342.78485107421875 0
1700992387395 342.8720703125 0
1700992414145 342.9527587890625 0
1700992441102 343.0272216796875 0
1700992467939 343.0978698730469 0
1700992494681 343.1642150878906 0
1700992521441 343.2284240722656 0
1700992548489 343.2876892089844 0
1700992575517 343.3437805175781 0
1700992602230 343.3951416015625 0
1700992629607 343.4422912597656 0
1700992656784 343.4858703613281 0
1700992683952 343.52630615234375 0
1700992710962 343.56390380859375 0
1700992737785 343.59881591796875 0
1700992764886 343.6313171386719 0
1700992791798 343.6618347167969 0
1700992819220 343.69024658203125 0
1700992846254 343.7167663574219 0
1700992873161 343.7414245605469 0
1700992900746 343.7643127441406 0
1700992927527 343.7856140136719 0
1700992955110 343.8054504394531 0
1700992986584 343.8238830566406 0
1700993017438 343.84100341796875 0
1700993048890 343.85699462890625 0
1700993080174 343.8721008300781 0
1700993110286 343.8868408203125 0
1700993137093 343.9002380371094 0
1700993163818 343.91259765625 0
1700993190529 343.9237365722656 0
1700993217366 343.93389892578125 0
1700993244126 343.9434814453125 0
1700993271238 343.9525451660156 0
1700993297995 343.9609680175781 0
1700993325186 343.96881103515625 0
1700993352185 343.9758605957031 0
1700993379349 343.9823303222656 0
1700993406372 343.9881896972656 0
1700993432985 343.9935302734375 0
1700993460161 343.9985046386719 0
1700993487041 344.0030822753906 0
1700993513889 344.00726318359375 0
1700993540787 344.01116943359375 0
1700993567748 344.0147399902344 0
1700993594753 344.0180969238281 0
1700993621750 344.0211486816406 0
1700993648434 344.02392578125 0
1700993675773 344.0265197753906 0
1700993702511 344.0289611816406 0
1700993729068 344.0312805175781 0
1700993755584 344.0334167480469 0
1700993783148 344.0353088378906 0
1700993809913 344.0371398925781 0
1700993836363 344.038818359375 0
1700993863126 344.04034423828125 0
1700993889749 344.0418701171875 0
1700993916433 344.0430908203125 0
1700993943160 344.0443115234375 0
1700993969622 344.04547119140625 0
1700993996410 344.04638671875 0
1700994023005 344.04730224609375 0
1700994050693 344.0481872558594 0
1700994078120 344.0487976074219 0
1700994106010 344.0494079589844 0
1700994133239 344.0500183105469 0
1700994160858 344.0506286621094 0
1700994188915 344.0512390136719 0
1700994216490 344.0517272949219 0
1700994243877 344.0520324707031 0
1700994271183 344.0523376464844 0
1700994298329 344.0526428222656 0
1700994325885 344.0529479980469 0
1700994353055 344.0532531738281 0
1700994380742 344.0535583496094 0
1700994409061 344.0538635253906 0
1700994436725 344.0541687011719 0
1700994464556 344.0544738769531 0
1700994491958 344.0547790527344 0
1700994519574 344.0550842285156 0
1700994547459 344.0551452636719 0
1700994575268 344.0551452636719 0
1700994602730 344.0551452636719 0
1700994630268 344.0551452636719 0
1700994657586 344.0551452636719 0
1700994684015 344.0551452636719 0
1700994711167 344.0551452636719 0
1700994738570 344.0551452636719 0
1700994769857 344.0551452636719 0
