1700981037604 0.09999923408031464 0
1700981061688 0.9739874005317688 0
1700981088340 1.8748871088027954 0
1700981114994 2.50809907913208 0
1700981141824 2.631601333618164 0
1700981169388 2.081428050994873 0
1700981195848 0.9708598852157593 0
1700981222326 -0.45818787813186646 0
1700981249585 -2.043163776397705 0
1700981276212 -3.703896999359131 0
1700981303057 -5.387417316436768 0
1700981329799 -7.071866512298584 0
1700981357339 -8.768060684204102 0
1700981384508 -10.4744291305542 0
1700981411187 -12.190190315246582 0
1700981437920 -13.9136323928833 0
1700981464893 -15.64229679107666 0
1700981492093 -17.373130798339844 0
1700981518794 -19.104150772094727 0
1700981545222 -20.83188819885254 0
1700981571780 -22.55321502685547 0
1700981598421 -24.270856857299805 0
1700981625089 -25.985292434692383 0
1700981652012 -27.697345733642578 0
1700981678786 -29.408830642700195 0
1700981705867 -31.118785858154297 0
1700981732587 -32.826141357421875 0
1700981759420 -34.53230285644531 0
1700981785977 -36.23741912841797 0
1700981812854 -37.940006256103516 0
1700981839385 -39.64570236206055 0
1700981866051 -41.35172653198242 0
1700981893002 -43.05398178100586 0
1700981919524 -44.744300842285156 0
1700981946154 -46.422367095947266 0
1700981973092 -48.09284591674805 0
1700981999761 -49.75460433959961 0
1700982026825 -51.407989501953125 0
1700982053333 -53.054344177246094 0
1700982080166 -54.69699478149414 0
1700982106959 -56.341007232666016 0
1700982133556 -57.99302673339844 0
1700982160491 -59.64606475830078 0
1700982187384 -61.29007339477539 0
1700982214200 -62.926082611083984 0
1700982240820 -64.55735778808594 0
1700982267733 -66.18728637695312 0
1700982294391 -67.82057189941406 0
1700982321872 -69.45635986328125 0
1700982348643 -71.09175872802734 0
1700982375752 -72.72261047363281 0
1700982402810 -74.34186553955078 0
1700982429820 -75.94993591308594 0
1700982456698 -77.54822540283203 0
1700982483796 -79.14019012451172 0
1700982510475 -80.73075866699219 0
1700982536839 -82.32684326171875 0
1700982563828 -83.92704010009766 0
1700982590661 -85.5291748046875 0
1700982617264 -87.1309814453125 0
1700982644020 -88.73253631591797 0
1700982670433 -90.33290100097656 0
1700982697231 -91.93013000488281 0
1700982723901 -93.5214614868164 0
1700982750724 -95.10655975341797 0
1700982777840 -96.68511962890625 0
1700982804867 -98.25167083740234 0
1700982831961 -99.80967712402344 0
1700982859281 -101.36344909667969 0
1700982889937 -102.91738891601562 0
1700982920497 -104.4687271118164 0
1700982951291 -106.01492309570312 0
1700982982325 -107.55867767333984 0
1700983011835 -109.09895324707031 0
1700983039025 -110.63707733154297 0
1700983065696 -112.17244720458984 0
1700983092186 -113.7037582397461 0
1700983118889 -115.23252868652344 0
1700983145912 -116.76177215576172 0
1700983172714 -118.29241943359375 0
1700983200360 -119.82352447509766 0
1700983227540 -121.3533935546875 0
1700983254484 -122.88050079345703 0
1700983281084 -124.40279388427734 0
1700983308523 -125.91868591308594 0
1700983335219 -127.42512512207031 0
1700983362200 -128.9222869873047 0
1700983389259 -130.41354370117188 0
1700983416035 -131.90159606933594 0
1700983442936 -133.38868713378906 0
1700983469680 -134.8764190673828 0
1700983496717 -136.36341857910156 0
1700983523985 -137.84886169433594 0
1700983551201 -139.33270263671875 0
1700983577822 -140.81210327148438 0
1700983604534 -142.28826904296875 0
1700983631211 -143.76248168945312 0
1700983657892 -145.23326110839844 0
1700983684512 -146.69705200195312 0
1700983711320 -148.15237426757812 0
1700983737885 -149.60098266601562 0
1700983764440 -151.04762268066406 0
1700983791025 -152.49221801757812 0
1700983817839 -153.9265594482422 0
1700983844508 -155.34642028808594 0
1700983871136 -156.75123596191406 0
1700983897825 -158.13922119140625 0
1700983924537 -159.5106964111328 0
1700983951179 -160.86575317382812 0
1700983978045 -162.20022583007812 0
1700984004716 -163.5153350830078 0
1700984031061 -164.81222534179688 0
1700984058084 -166.09092712402344 0
1700984084543 -167.3526611328125 0
1700984111167 -168.59555053710938 0
1700984137672 -169.81866455078125 0
1700984164668 -171.02171325683594 0
1700984191622 -172.2052459716797 0
1700984218399 -173.37059020996094 0
1700984245076 -174.52023315429688 0
1700984271708 -175.65518188476562 0
1700984298386 -176.7744140625 0
1700984325064 -177.87562561035156 0
1700984351892 -178.95843505859375 0
1700984378405 -180.0204315185547 0
1700984404882 -181.0592803955078 0
1700984431909 -182.0758056640625 0
1700984458404 -183.0728302001953 0
1700984485324 -184.0516357421875 0
1700984512189 -185.0125732421875 0
1700984538696 -185.95333862304688 0
1700984565349 -186.87176513671875 0
1700984596287 -187.77244567871094 0
1700984626504 -188.65806579589844 0
1700984657724 -189.5287322998047 0
1700984687539 -190.3863067626953 0
1700984718084 -191.2324981689453 0
1700984745995 -192.0682830810547 0
1700984772643 -192.8936767578125 0
1700984799271 -193.7097930908203 0
1700984826407 -194.5159912109375 0
1700984852904 -195.31210327148438 0
1700984879715 -196.10067749023438 0
1700984906507 -196.88136291503906 0
1700984933419 -197.65541076660156 0
1700984960288 -198.4235382080078 0
1700984986972 -199.1859130859375 0
1700985013804 -199.9432830810547 0
1700985040652 -200.69496154785156 0
1700985067520 -201.43931579589844 0
1700985094142 -202.17904663085938 0
1700985120528 -202.9154815673828 0
1700985147216 -203.64999389648438 0
1700985173587 -204.3826141357422 0
1700985200231 -205.11105346679688 0
1700985226832 -205.83480834960938 0
1700985253150 -206.5553741455078 0
1700985279724 -207.27349853515625 0
1700985306208 -207.98837280273438 0
1700985332694 -208.70010375976562 0
1700985359184 -209.4087677001953 0
1700985385809 -210.11135864257812 0
1700985412643 -210.80941772460938 0
1700985439307 -211.50424194335938 0
1700985466019 -212.1982421875 0
1700985492788 -212.89212036132812 0
1700985519402 -213.58489990234375 0
1700985546019 -214.27613830566406 0
1700985572749 -214.96669006347656 0
1700985599730 -215.6584014892578 0
1700985626224 -216.35145568847656 0
1700985652612 -217.0453643798828 0
1700985679585 -217.73855590820312 0
1700985706079 -218.4318084716797 0
1700985732784 -219.1276092529297 0
1700985759588 -219.82461547851562 0
1700985787200 -220.5216522216797 0
1700985818231 -221.2147979736328 0
1700985848250 -221.9001007080078 0
1700985878693 -222.57827758789062 0
1700985909310 -223.25015258789062 0
1700985939261 -223.91668701171875 0
1700985966211 -224.57945251464844 0
1700985992838 -225.2375946044922 0
1700986019480 -225.89111328125 0
1700986045886 -226.54037475585938 0
1700986072619 -227.18759155273438 0
1700986099390 -227.83392333984375 0
1700986126747 -228.48129272460938 0
1700986153759 -229.12933349609375 0
1700986180428 -229.77774047851562 0
1700986207236 -230.4259796142578 0
1700986234023 -231.07513427734375 0
1700986260716 -231.724853515625 0
1700986287588 -232.3754425048828 0
1700986314347 -233.02772521972656 0
1700986341405 -233.68104553222656 0
1700986368160 -234.33425903320312 0
1700986394884 -234.9857940673828 0
1700986421397 -235.6354522705078 0
1700986448623 -236.2826690673828 0
1700986475384 -236.927978515625 0
1700986502516 -237.5717010498047 0
1700986529087 -238.21176147460938 0
1700986556653 -238.8474884033203 0
1700986583087 -239.4794158935547 0
1700986609732 -240.1071014404297 0
1700986636376 -240.73236083984375 0
1700986662908 -241.35484313964844 0
1700986689323 -241.9754638671875 0
1700986716293 -242.59530639648438 0
1700986742748 -243.2142791748047 0
1700986769458 -243.8328094482422 0
1700986796127 -244.45199584960938 0
1700986822719 -245.07192993164062 0
1700986849403 -245.69406127929688 0
1700986875989 -246.3197021484375 0
1700986902646 -246.9495391845703 0
1700986929726 -247.5830535888672 0
1700986956521 -248.2147216796875 0
1700986983111 -248.84213256835938 0
1700987009598 -249.46633911132812 0
1700987036442 -250.08847045898438 0
1700987063320 -250.70921325683594 0
1700987090518 -251.3275909423828 0
1700987117234 -251.9451904296875 0
1700987144187 -252.5638885498047 0
1700987170661 -253.18484497070312 0
1700987197134 -253.8076934814453 0
1700987223688 -254.42974853515625 0
1700987250606 -255.04595947265625 0
1700987277150 -255.65162658691406 0
1700987303783 -256.24774169921875 0
1700987330620 -256.838134765625 0
1700987357315 -257.42864990234375 0
1700987383748 -258.0228576660156 0
1700987410138 -258.6195068359375 0
1700987436636 -259.21636962890625 0
1700987463457 -259.8153381347656 0
1700987489830 -260.41876220703125 0
1700987516480 -261.0259704589844 0
1700987543192 -261.6376037597656 0
1700987569662 -262.2562561035156 0
1700987596184 -262.8818359375 0
1700987622885 -263.5118408203125 0
1700987653891 -264.145751953125 0
1700987685283 -264.7854919433594 0
1700987715590 -265.4325866699219 0
1700987745901 -266.0871276855469 0
1700987775109 -266.74884033203125 0
1700987801611 -267.4190368652344 0
1700987828043 -268.0987548828125 0
1700987854442 -268.7884216308594 0
1700987880799 -269.4874267578125 0
1700987906983 -270.192626953125 0
1700987933252 -270.8980407714844 0
1700987959738 -271.6042175292969 0
1700987985876 -272.3124694824219 0
1700988012370 -273.0245056152344 0
1700988038892 -273.7392578125 0
1700988065540 -274.449951171875 0
1700988091866 -275.1514587402344 0
1700988118243 -275.84710693359375 0
1700988144896 -276.53973388671875 0
1700988171258 -277.2311096191406 0
1700988197654 -277.9256286621094 0
1700988224157 -278.6251525878906 0
1700988291788 -279.326904296875 0
1700988318706 -280.0186462402344 0
1700988345237 -280.69342041015625 0
1700988372419 -281.3506164550781 0
1700988399029 -281.9912109375 0
1700988425892 -282.61370849609375 0
1700988453143 -283.2164306640625 0
1700988480095 -283.79962158203125 0
1700988506491 -284.3643798828125 0
1700988533315 -284.9107360839844 0
1700988560171 -285.43719482421875 0
1700988587067 -285.9443664550781 0
1700988613627 -286.4347839355469 0
1700988640471 -286.9090881347656 0
1700988667300 -287.3652648925781 0
1700988694205 -287.8028869628906 0
1700988720889 -288.2245178222656 0
1700988747559 -288.63153076171875 0
1700988774076 -289.0246276855469 0
1700988800477 -289.4041748046875 0
1700988827003 -289.76947021484375 0
1700988853465 -290.11834716796875 0
1700988880174 -290.4491271972656 0
1700988906665 -290.76104736328125 0
1700988933249 -291.0553894042969 0
1700988959758 -291.3343505859375 0
1700988986486 -291.5955505371094 0
1700989012899 -291.83526611328125 0
1700989039503 -292.0507507324219 0
1700989066479 -292.24566650390625 0
1700989093181 -292.4228820800781 0
1700989120160 -292.5821838378906 0
1700989147124 -292.7234802246094 0
1700989174124 -292.84686279296875 0
1700989201158 -292.9532165527344 0
1700989228130 -293.0422058105469 0
1700989255353 -293.1131591796875 0
1700989283739 -293.16619873046875 0
1700989313938 -293.19927978515625 0
1700989344221 -293.2123107910156 0
1700989376085 -293.20611572265625 0
1700989407767 -293.1800842285156 0
1700989436101 -293.1317443847656 0
1700989462896 -293.0603332519531 0
1700989489608 -292.9670715332031 0
1700989516587 -292.8501892089844 0
1700989543469 -292.711669921875 0
1700989570758 -292.5516662597656 0
1700989597484 -292.36834716796875 0
1700989624291 -292.1617736816406 0
1700989651082 -291.93255615234375 0
1700989678170 -291.68359375 0
1700989705214 -291.4168395996094 0
1700989732067 -291.1328125 0
1700989758722 -290.8304138183594 0
1700989785398 -290.50946044921875 0
1700989812486 -290.17041015625 0
1700989839352 -289.8131103515625 0
1700989866286 -289.437744140625 0
1700989893199 -289.0423889160156 0
1700989919870 -288.6238098144531 0
1700989946634 -288.1822509765625 0
1700989973650 -287.7206115722656 0
1700990000887 -287.24127197265625 0
1700990027560 -286.7451171875 0
1700990054503 -286.2319641113281 0
1700990081491 -285.6998596191406 0
1700990108593 -285.1459045410156 0
1700990135289 -284.568603515625 0
1700990162848 -283.9688415527344 0
1700990189961 -283.34881591796875 0
1700990216745 -282.7098083496094 0
1700990243701 -282.0527038574219 0
1700990270499 -281.3783874511719 0
1700990297410 -280.6872863769531 0
1700990324043 -279.9789733886719 0
1700990350832 -279.2527160644531 0
1700990377796 -278.5045471191406 0
1700990404460 -277.7271728515625 0
1700990431231 -276.9189147949219 0
1700990458238 -276.081298828125 0
1700990485194 -275.2170715332031 0
1700990511858 -274.3275146484375 0
1700990538399 -273.41412353515625 0
1700990565529 -272.47601318359375 0
1700990592228 -271.5110168457031 0
1700990619142 -270.5190124511719 0
1700990646013 -269.5036926269531 0
1700990672858 -268.4676818847656 0
1700990699645 -267.4112854003906 0
1700990726282 -266.3367614746094 0
1700990753189 -265.2466735839844 0
1700990780200 -264.1402282714844 0
1700990806896 -263.0152587890625 0
1700990833843 -261.871826171875 0
1700990861204 -260.7113342285156 0
1700990887801 -259.53399658203125 0
1700990914505 -258.3407287597656 0
1700990941342 -257.1330261230469 0
1700990968321 -255.91017150878906 0
1700990994989 -254.67286682128906 0
1700991022038 -253.42202758789062 0
1700991048799 -252.15841674804688 0
1700991075649 -250.88345336914062 0
1700991102393 -249.5990447998047 0
1700991129130 -248.30653381347656 0
1700991155812 -247.00564575195312 0
1700991182752 -245.69544982910156 0
1700991209685 -244.37545776367188 0
1700991236425 -243.0457305908203 0
1700991263148 -241.70733642578125 0
1700991289656 -240.36056518554688 0
1700991316532 -239.0058135986328 0
1700991343637 -237.64254760742188 0
1700991370287 -236.27061462402344 0
1700991396837 -234.89096069335938 0
1700991423648 -233.50428771972656 0
1700991450460 -232.11154174804688 0
1700991477242 -230.71749877929688 0
1700991504266 -229.3316192626953 0
1700991531522 -227.96058654785156 0
1700991558392 -226.60891723632812 0
1700991585687 -225.27938842773438 0
1700991612316 -223.9756317138672 0
1700991639288 -222.69908142089844 0
1700991666287 -221.45062255859375 0
1700991692991 -220.23239135742188 0
1700991720114 -219.0460205078125 0
1700991747383 -217.89234924316406 0
1700991774304 -216.77218627929688 0
1700991801584 -215.6887969970703 0
1700991828808 -214.64398193359375 0
1700991857569 -213.64051818847656 0
1700991888008 -212.6805877685547 0
1700991919399 -211.76593017578125 0
1700991950281 -210.89820861816406 0
1700991981562 -210.08067321777344 0
1700992009718 -209.31417846679688 0
1700992036531 -208.60008239746094 0
1700992063562 -207.94044494628906 0
1700992090892 -207.33641052246094 0
1700992117791 -206.7893829345703 0
1700992144493 -206.29708862304688 0
1700992171404 -205.83143615722656 0
1700992198451 -205.38697814941406 0
1700992225545 -204.96435546875 0
1700992252461 -204.5568389892578 0
1700992279724 -204.1616668701172 0
1700992306710 -203.7794647216797 0
1700992333495 -203.40724182128906 0
1700992360352 -203.04734802246094 0
1700992387395 -202.69509887695312 0
1700992414145 -202.35569763183594 0
1700992441101 -202.02894592285156 0
1700992467938 -201.71006774902344 0
1700992494680 -201.40045166015625 0
1700992521441 -201.09518432617188 0
1700992548488 -200.80123901367188 0
1700992575516 -200.51480102539062 0
1700992602230 -200.24024963378906 0
1700992629607 -199.97662353515625 0
1700992656784 -199.72254943847656 0
1700992683952 -199.47711181640625 0
1700992710961 -199.2397918701172 0
1700992737784 -199.0106201171875 0
1700992764885 -198.7890167236328 0
1700992791798 -198.57394409179688 0
1700992819220 -198.36581420898438 0
1700992846253 -198.16436767578125 0
1700992873160 -197.96971130371094 0
1700992900746 -197.7816162109375 0
1700992927526 -197.5996551513672 0
1700992955110 -197.4238739013672 0
1700992986584 -197.25384521484375 0
1700993017438 -197.08946228027344 0
1700993048889 -196.9304962158203 0
1700993080174 -196.77540588378906 0
1700993110285 -196.6218719482422 0
1700993137092 -196.47512817382812 0
1700993163818 -196.33375549316406 0
1700993190529 -196.1995086669922 0
1700993217365 -196.0708465576172 0
1700993244125 -195.94537353515625 0
1700993271237 -195.82351684570312 0
1700993297995 -195.70550537109375 0
1700993325185 -195.59104919433594 0
1700993352184 -195.4824676513672 0
1700993379349 -195.37844848632812 0
1700993406371 -195.27908325195312 0
1700993432984 -195.18385314941406 0
1700993460160 -195.092041015625 0
1700993487040 -195.0035400390625 0
1700993513888 -194.9185028076172 0
1700993540787 -194.83657836914062 0
1700993567748 -194.7576904296875 0
1700993594752 -194.68101501464844 0
1700993621749 -194.6077880859375 0
1700993648433 -194.53775024414062 0
1700993675772 -194.46995544433594 0
1700993702510 -194.40435791015625 0
1700993729067 -194.33990478515625 0
1700993755583 -194.27761840820312 0
1700993783147 -194.21810913085938 0
1700993809913 -194.16085815429688 0
1700993836362 -194.10569763183594 0
1700993863126 -194.0522918701172 0
1700993889749 -194.00149536132812 0
1700993916432 -193.952880859375 0
1700993943160 -193.90602111816406 0
1700993969622 -193.8610076904297 0
1700993996409 -193.81866455078125 0
1700994023004 -193.77879333496094 0
1700994050692 -193.73944091796875 0
1700994078120 -193.70265197753906 0
1700994106010 -193.66786193847656 0
1700994133239 -193.63455200195312 0
1700994160858 -193.6026153564453 0
1700994188914 -193.5702667236328 0
1700994216489 -193.5404052734375 0
1700994243876 -193.5115203857422 0
1700994271183 -193.484130859375 0
1700994298329 -193.45803833007812 0
1700994325884 -193.43272399902344 0
1700994353055 -193.40858459472656 0
1700994380741 -193.38577270507812 0
1700994409061 -193.36453247070312 0
1700994436725 -193.34449768066406 0
1700994464555 -193.32431030273438 0
1700994491957 -193.3046875 0
1700994519573 -193.28623962402344 0
1700994547458 -193.2691650390625 0
1700994575268 -193.2530517578125 0
1700994602729 -193.2365264892578 0
1700994630268 -193.22122192382812 0
1700994657585 -193.20697021484375 0
1700994684015 -193.19375610351562 0
1700994711167 -193.18190002441406 0
1700994738569 -193.17083740234375 0
1700994769856 -193.16082763671875 0
