1700981037603 4.9990608564988734e-05 0
1700981061688 4.990608564988731e-05 0
1700981088339 4.981217129977461e-05 0
1700981114993 4.971825694966191e-05 0
1700981141824 4.962434259954921e-05 0
1700981169388 4.953042824943652e-05 0
1700981195847 4.943651389932382e-05 0
1700981222325 4.934259954921112e-05 0
1700981249584 4.924868519909843e-05 0
1700981276211 4.915477084898573e-05 0
1700981303056 4.9060856498873034e-05 0
1700981329798 4.896694214876033e-05 0
1700981357338 4.887302779864764e-05 0
1700981384507 4.8779113448534944e-05 0
1700981411186 4.8685199098422243e-05 0
1700981437919 4.859128474830954e-05 0
1700981464892 4.849737039819685e-05 0
1700981492092 4.840345604808415e-05 0
1700981518793 4.830954169797145e-05 0
1700981545221 4.821562734785875e-05 0
1700981571780 4.812171299774606e-05 0
1700981598421 4.802779864763336e-05 0
1700981625088 4.793388429752066e-05 0
1700981652011 4.783996994740796e-05 0
1700981678786 4.774605559729527e-05 0
1700981705866 4.7652141247182574e-05 0
1700981732586 4.755822689706987e-05 0
1700981759419 4.746431254695718e-05 0
1700981785976 4.737039819684448e-05 0
1700981812853 4.7276483846731784e-05 0
1700981839384 4.718256949661908e-05 0
1700981866050 4.708865514650639e-05 0
1700981893001 4.6994740796393694e-05 0
1700981919523 4.6900826446280993e-05 0
1700981946154 4.68069120961683e-05 0
1700981973091 4.67129977460556e-05 0
1700981999760 4.6619083395942904e-05 0
1700982026824 4.65251690458302e-05 0
1700982053333 4.643125469571751e-05 0
1700982080165 4.6337340345604815e-05 0
1700982106958 4.6243425995492114e-05 0
1700982133555 4.614951164537942e-05 0
1700982160490 4.605559729526672e-05 0
1700982187383 4.5961682945154025e-05 0
1700982214200 4.586776859504133e-05 0
1700982240819 4.577385424492863e-05 0
1700982267732 4.567993989481593e-05 0
1700982294390 4.5586025544703234e-05 0
1700982321872 4.5492111194590534e-05 0
1700982348642 4.539819684447784e-05 0
1700982375751 4.530428249436514e-05 0
1700982402809 4.5210368144252444e-05 0
1700982429819 4.511645379413974e-05 0
1700982456697 4.502253944402705e-05 0
1700982483795 4.492862509391435e-05 0
1700982510474 4.4834710743801654e-05 0
1700982536839 4.474079639368895e-05 0
1700982563827 4.464688204357626e-05 0
1700982590660 4.4552967693463565e-05 0
1700982617263 4.4459053343350864e-05 0
1700982644019 4.436513899323817e-05 0
1700982670432 4.427122464312547e-05 0
1700982697231 4.4177310293012775e-05 0
1700982723900 4.408339594290008e-05 0
1700982750723 4.398948159278738e-05 0
1700982777839 4.3895567242674685e-05 0
1700982804866 4.3801652892561984e-05 0
1700982831960 4.370773854244929e-05 0
1700982859280 4.361382419233659e-05 0
1700982889936 4.3519909842223895e-05 0
1700982920496 4.34259954921112e-05 0
1700982951290 4.33320811419985e-05 0
1700982982324 4.3238166791885806e-05 0
1700983011835 4.3144252441773105e-05 0
1700983039024 4.305033809166041e-05 0
1700983065695 4.2956423741547717e-05 0
1700983092185 4.2862509391435016e-05 0
1700983118888 4.2768595041322315e-05 0
1700983145911 4.267468069120962e-05 0
1700983172714 4.258076634109692e-05 0
1700983200359 4.2486851990984225e-05 0
1700983227539 4.2392937640871525e-05 0
1700983254484 4.229902329075883e-05 0
1700983281083 4.220510894064613e-05 0
1700983308523 4.2111194590533435e-05 0
1700983335219 4.2017280240420734e-05 0
1700983362199 4.192336589030804e-05 0
1700983389259 4.182945154019534e-05 0
1700983416035 4.1735537190082645e-05 0
1700983442936 4.164162283996995e-05 0
1700983469679 4.154770848985725e-05 0
1700983496716 4.1453794139744556e-05 0
1700983523984 4.1359879789631855e-05 0
1700983551200 4.126596543951916e-05 0
1700983577822 4.1172051089406467e-05 0
1700983604533 4.1078136739293766e-05 0
1700983631211 4.098422238918107e-05 0
1700983657891 4.089030803906837e-05 0
1700983684511 4.0796393688955676e-05 0
1700983711319 4.0702479338842975e-05 0
1700983737884 4.060856498873028e-05 0
1700983764439 4.051465063861759e-05 0
1700983791024 4.0420736288504886e-05 0
1700983817838 4.032682193839219e-05 0
1700983844507 4.023290758827949e-05 0
1700983871135 4.01389932381668e-05 0
1700983897824 4.0045078888054096e-05 0
1700983924536 3.99511645379414e-05 0
1700983951178 3.98572501878287e-05 0
1700983978044 3.976333583771601e-05 0
1700984004715 3.9669421487603306e-05 0
1700984031060 3.957550713749061e-05 0
1700984058083 3.948159278737791e-05 0
1700984084542 3.9387678437265216e-05 0
1700984111166 3.9293764087152516e-05 0
1700984137671 3.919984973703982e-05 0
1700984164667 3.910593538692712e-05 0
1700984191621 3.9012021036814426e-05 0
1700984218399 3.8918106686701725e-05 0
1700984245075 3.882419233658903e-05 0
1700984271708 3.873027798647634e-05 0
1700984298385 3.8636363636363636e-05 0
1700984325063 3.854244928625094e-05 0
1700984351891 3.844853493613824e-05 0
1700984378404 3.835462058602555e-05 0
1700984404881 3.826070623591285e-05 0
1700984431907 3.816679188580015e-05 0
1700984458403 3.807287753568746e-05 0
1700984485323 3.7978963185574757e-05 0
1700984512188 3.788504883546206e-05 0
1700984538695 3.779113448534936e-05 0
1700984565349 3.769722013523667e-05 0
1700984596287 3.760330578512397e-05 0
1700984626503 3.750939143501127e-05 0
1700984657723 3.741547708489858e-05 0
1700984687538 3.732156273478588e-05 0
1700984718083 3.722764838467318e-05 0
1700984745995 3.713373403456048e-05 0
1700984772642 3.703981968444779e-05 0
1700984799270 3.694590533433509e-05 0
1700984826407 3.685199098422239e-05 0
1700984852903 3.675807663410969e-05 0
1700984879714 3.6664162283997e-05 0
1700984906506 3.65702479338843e-05 0
1700984933418 3.64763335837716e-05 0
1700984960287 3.63824192336589e-05 0
1700984986971 3.628850488354621e-05 0
1700985013803 3.6194590533433507e-05 0
1700985040651 3.610067618332081e-05 0
1700985067519 3.600676183320811e-05 0
1700985094142 3.591284748309542e-05 0
1700985120527 3.581893313298272e-05 0
1700985147216 3.572501878287002e-05 0
1700985173586 3.563110443275733e-05 0
1700985200230 3.553719008264463e-05 0
1700985226831 3.544327573253193e-05 0
1700985253149 3.534936138241923e-05 0
1700985279724 3.525544703230654e-05 0
1700985306208 3.5161532682193844e-05 0
1700985332694 3.506761833208114e-05 0
1700985359183 3.497370398196845e-05 0
1700985385808 3.487978963185575e-05 0
1700985412642 3.4785875281743053e-05 0
1700985439306 3.469196093163036e-05 0
1700985466018 3.459804658151766e-05 0
1700985492787 3.4504132231404964e-05 0
1700985519401 3.441021788129226e-05 0
1700985546018 3.431630353117957e-05 0
1700985572748 3.422238918106687e-05 0
1700985599730 3.4128474830954174e-05 0
1700985626223 3.403456048084147e-05 0
1700985652612 3.394064613072878e-05 0
1700985679585 3.384673178061608e-05 0
1700985706079 3.3752817430503384e-05 0
1700985732783 3.365890308039068e-05 0
1700985759587 3.356498873027799e-05 0
1700985787199 3.347107438016529e-05 0
1700985818231 3.3377160030052594e-05 0
1700985848249 3.328324567993989e-05 0
1700985878692 3.31893313298272e-05 0
1700985909309 3.30954169797145e-05 0
1700985939261 3.30015026296018e-05 0
1700985966211 3.290758827948911e-05 0
1700985992837 3.281367392937641e-05 0
1700986019479 3.2719759579263714e-05 0
1700986045885 3.262584522915101e-05 0
1700986072619 3.253193087903832e-05 0
1700986099390 3.243801652892562e-05 0
1700986126746 3.2344102178812924e-05 0
1700986153758 3.225018782870023e-05 0
1700986180427 3.215627347858753e-05 0
1700986207235 3.2062359128474835e-05 0
1700986234022 3.1968444778362134e-05 0
1700986260715 3.187453042824944e-05 0
1700986287587 3.1780616078136745e-05 0
1700986314347 3.1686701728024044e-05 0
1700986341404 3.159278737791135e-05 0
1700986368159 3.149887302779865e-05 0
1700986394883 3.1404958677685955e-05 0
1700986421396 3.1311044327573254e-05 0
1700986448622 3.121712997746056e-05 0
1700986475383 3.1123215627347866e-05 0
1700986502515 3.1029301277235165e-05 0
1700986529086 3.0935386927122464e-05 0
1700986556652 3.084147257700977e-05 0
1700986583086 3.074755822689707e-05 0
1700986609731 3.0653643876784375e-05 0
1700986636375 3.0559729526671674e-05 0
1700986662907 3.0465815176558983e-05 0
1700986689322 3.0371900826446282e-05 0
1700986716293 3.0277986476333588e-05 0
1700986742747 3.0184072126220887e-05 0
1700986769457 3.009015777610819e-05 0
1700986796127 2.9996243425995495e-05 0
1700986822718 2.9902329075882794e-05 0
1700986849403 2.98084147257701e-05 0
1700986875989 2.97145003756574e-05 0
1700986902645 2.9620586025544705e-05 0
1700986929725 2.9526671675432004e-05 0
1700986956520 2.943275732531931e-05 0
1700986983111 2.9338842975206616e-05 0
1700987009598 2.9244928625093915e-05 0
1700987036441 2.915101427498122e-05 0
1700987063319 2.905709992486852e-05 0
1700987090517 2.8963185574755826e-05 0
1700987117234 2.8869271224643128e-05 0
1700987144186 2.877535687453043e-05 0
1700987170660 2.8681442524417733e-05 0
1700987197133 2.8587528174305035e-05 0
1700987223687 2.8493613824192338e-05 0
1700987250605 2.8399699474079637e-05 0
1700987277150 2.8305785123966943e-05 0
1700987303783 2.821187077385425e-05 0
1700987330619 2.8117956423741548e-05 0
1700987357315 2.8024042073628854e-05 0
1700987383747 2.7930127723516153e-05 0
1700987410137 2.783621337340346e-05 0
1700987436635 2.7742299023290757e-05 0
1700987463456 2.7648384673178063e-05 0
1700987489829 2.755447032306537e-05 0
1700987516479 2.7460555972952668e-05 0
1700987543191 2.7366641622839974e-05 0
1700987569661 2.7272727272727273e-05 0
1700987596183 2.7178812922614576e-05 0
1700987622884 2.708489857250188e-05 0
1700987653890 2.699098422238918e-05 0
1700987685282 2.6897069872276486e-05 0
1700987715589 2.6803155522163785e-05 0
1700987745900 2.670924117205109e-05 0
1700987775108 2.661532682193839e-05 0
1700987801610 2.6521412471825696e-05 0
1700987828042 2.6427498121713002e-05 0
1700987854442 2.63335837716003e-05 0
1700987880799 2.6239669421487607e-05 0
1700987906982 2.6145755071374906e-05 0
1700987933251 2.6051840721262212e-05 0
1700987959738 2.595792637114951e-05 0
1700987985876 2.5864012021036817e-05 0
1700988012369 2.577009767092412e-05 0
1700988038891 2.567618332081142e-05 0
1700988065539 2.5582268970698724e-05 0
1700988091865 2.5488354620586023e-05 0
1700988118243 2.539444027047333e-05 0
1700988144896 2.5300525920360635e-05 0
1700988171257 2.5206611570247934e-05 0
1700988197654 2.511269722013524e-05 0
1700988224156 2.501878287002254e-05 0
1700988291788 2.4924868519909845e-05 0
1700988318705 2.4830954169797147e-05 0
1700988345236 2.473703981968445e-05 0
1700988372418 2.4643125469571752e-05 0
1700988399029 2.4549211119459054e-05 0
1700988425891 2.445529676934636e-05 0
1700988453142 2.4361382419233663e-05 0
1700988480095 2.426746806912096e-05 0
1700988506490 2.4173553719008264e-05 0
1700988533314 2.4079639368895567e-05 0
1700988560171 2.398572501878287e-05 0
1700988587067 2.389181066867017e-05 0
1700988613626 2.3797896318557477e-05 0
1700988640470 2.370398196844478e-05 0
1700988667299 2.3610067618332082e-05 0
1700988694204 2.3516153268219385e-05 0
1700988720889 2.3422238918106687e-05 0
1700988747558 2.332832456799399e-05 0
1700988774075 2.3234410217881295e-05 0
1700988800477 2.3140495867768598e-05 0
1700988827002 2.30465815176559e-05 0
1700988853464 2.2952667167543203e-05 0
1700988880173 2.2858752817430505e-05 0
1700988906664 2.2764838467317808e-05 0
1700988933248 2.267092411720511e-05 0
1700988959757 2.2577009767092413e-05 0
1700988986485 2.2483095416979715e-05 0
1700989012899 2.2389181066867017e-05 0
1700989039503 2.229526671675432e-05 0
1700989066478 2.2201352366641622e-05 0
1700989093180 2.2107438016528928e-05 0
1700989120160 2.201352366641623e-05 0
1700989147123 2.1919609316303533e-05 0
1700989174123 2.1825694966190836e-05 0
1700989201157 2.1731780616078138e-05 0
1700989228130 2.163786626596544e-05 0
1700989255352 2.1543951915852743e-05 0
1700989283739 2.145003756574005e-05 0
1700989313938 2.1356123215627348e-05 0
1700989344221 2.126220886551465e-05 0
1700989376084 2.1168294515401953e-05 0
1700989407766 2.1074380165289255e-05 0
1700989436101 2.0980465815176558e-05 0
1700989462895 2.0886551465063863e-05 0
1700989489607 2.0792637114951166e-05 0
1700989516587 2.0698722764838468e-05 0
1700989543468 2.060480841472577e-05 0
1700989570757 2.0510894064613073e-05 0
1700989597483 2.0416979714500376e-05 0
1700989624290 2.032306536438768e-05 0
1700989651082 2.0229151014274984e-05 0
1700989678169 2.0135236664162286e-05 0
1700989705213 2.004132231404959e-05 0
1700989732067 1.994740796393689e-05 0
1700989758721 1.9853493613824194e-05 0
1700989785398 1.9759579263711496e-05 0
1700989812486 1.96656649135988e-05 0
1700989839352 1.95717505634861e-05 0
1700989866286 1.9477836213373404e-05 0
1700989893199 1.9383921863260706e-05 0
1700989919870 1.929000751314801e-05 0
1700989946634 1.919609316303531e-05 0
1700989973649 1.9102178812922617e-05 0
1700990000886 1.900826446280992e-05 0
1700990027559 1.891435011269722e-05 0
1700990054502 1.8820435762584524e-05 0
1700990081491 1.8726521412471827e-05 0
1700990108592 1.863260706235913e-05 0
1700990135288 1.8538692712246435e-05 0
1700990162847 1.8444778362133737e-05 0
1700990189960 1.8350864012021036e-05 0
1700990216744 1.825694966190834e-05 0
1700990243700 1.816303531179564e-05 0
1700990270498 1.8069120961682944e-05 0
1700990297410 1.797520661157025e-05 0
1700990324042 1.7881292261457552e-05 0
1700990350831 1.7787377911344854e-05 0
1700990377796 1.7693463561232157e-05 0
1700990404459 1.759954921111946e-05 0
1700990431230 1.7505634861006762e-05 0
1700990458238 1.7411720510894068e-05 0
1700990485193 1.731780616078137e-05 0
1700990511857 1.7223891810668672e-05 0
1700990538398 1.7129977460555975e-05 0
1700990565529 1.7036063110443277e-05 0
1700990592227 1.694214876033058e-05 0
1700990619142 1.6848234410217882e-05 0
1700990646012 1.6754320060105185e-05 0
1700990672857 1.6660405709992487e-05 0
1700990699644 1.656649135987979e-05 0
1700990726281 1.6472577009767092e-05 0
1700990753188 1.6378662659654395e-05 0
1700990780199 1.6284748309541697e-05 0
1700990806895 1.6190833959429003e-05 0
1700990833842 1.6096919609316305e-05 0
1700990861204 1.6003005259203608e-05 0
1700990887800 1.590909090909091e-05 0
1700990914505 1.5815176558978213e-05 0
1700990941341 1.5721262208865515e-05 0
1700990968320 1.562734785875282e-05 0
1700990994988 1.5533433508640123e-05 0
1700991022037 1.5439519158527422e-05 0
1700991048798 1.5345604808414725e-05 0
1700991075649 1.5251690458302029e-05 0
1700991102393 1.5157776108189331e-05 0
1700991129129 1.5063861758076636e-05 0
1700991155811 1.4969947407963938e-05 0
1700991182751 1.487603305785124e-05 0
1700991209684 1.4782118707738543e-05 0
1700991236424 1.4688204357625845e-05 0
1700991263147 1.4594290007513148e-05 0
1700991289655 1.450037565740045e-05 0
1700991316531 1.4406461307287754e-05 0
1700991343636 1.4312546957175057e-05 0
1700991370287 1.421863260706236e-05 0
1700991396836 1.4124718256949662e-05 0
1700991423648 1.4030803906836964e-05 0
1700991450459 1.3936889556724267e-05 0
1700991477241 1.3842975206611573e-05 0
1700991504265 1.3749060856498875e-05 0
1700991531522 1.3655146506386177e-05 0
1700991558391 1.3561232156273478e-05 0
1700991585686 1.346731780616078e-05 0
1700991612315 1.3373403456048083e-05 0
1700991639287 1.3279489105935389e-05 0
1700991666286 1.3185574755822691e-05 0
1700991692990 1.3091660405709994e-05 0
1700991720114 1.2997746055597296e-05 0
1700991747382 1.2903831705484599e-05 0
1700991774303 1.2809917355371901e-05 0
1700991801583 1.2716003005259205e-05 0
1700991828807 1.2622088655146508e-05 0
1700991857568 1.252817430503381e-05 0
1700991888007 1.2434259954921113e-05 0
1700991919399 1.2340345604808415e-05 0
1700991950280 1.224643125469572e-05 0
1700991981562 1.2152516904583022e-05 0
1700992009718 1.2058602554470322e-05 0
1700992036530 1.1964688204357627e-05 0
1700992063562 1.1870773854244929e-05 0
1700992090891 1.1776859504132231e-05 0
1700992117790 1.1682945154019536e-05 0
1700992144493 1.1589030803906838e-05 0
1700992171403 1.149511645379414e-05 0
1700992198451 1.1401202103681443e-05 0
1700992225544 1.1307287753568745e-05 0
1700992252460 1.1213373403456048e-05 0
1700992279723 1.1119459053343352e-05 0
1700992306709 1.1025544703230654e-05 0
1700992333495 1.0931630353117957e-05 0
1700992360352 1.083771600300526e-05 0
1700992387394 1.0743801652892564e-05 0
1700992414144 1.0649887302779866e-05 0
1700992441100 1.0555972952667167e-05 0
1700992467937 1.0462058602554471e-05 0
1700992494680 1.0368144252441773e-05 0
1700992521440 1.0274229902329076e-05 0
1700992548487 1.018031555221638e-05 0
1700992575515 1.0086401202103682e-05 0
1700992602229 9.992486851990985e-06 0
1700992629606 9.898572501878287e-06 0
1700992656783 9.80465815176559e-06 0
1700992683951 9.710743801652892e-06 0
1700992710960 9.616829451540196e-06 0
1700992737783 9.522915101427499e-06 0
1700992764885 9.429000751314801e-06 0
1700992791797 9.335086401202105e-06 0
1700992819219 9.241172051089408e-06 0
1700992846252 9.147257700976709e-06 0
1700992873160 9.053343350864013e-06 0
1700992900745 8.959429000751315e-06 0
1700992927525 8.865514650638618e-06 0
1700992955109 8.771600300525922e-06 0
1700992986583 8.677685950413224e-06 0
1700993017437 8.583771600300527e-06 0
1700993048888 8.489857250187829e-06 0
1700993080173 8.395942900075132e-06 0
1700993110284 8.302028549962434e-06 0
1700993137091 8.208114199849736e-06 0
1700993163817 8.11419984973704e-06 0
1700993190528 8.020285499624343e-06 0
1700993217365 7.926371149511645e-06 0
1700993244124 7.83245679939895e-06 0
1700993271236 7.738542449286252e-06 0
1700993297994 7.644628099173553e-06 0
1700993325184 7.550713749060857e-06 0
1700993352183 7.456799398948159e-06 0
1700993379348 7.362885048835462e-06 0
1700993406371 7.268970698722766e-06 0
1700993432984 7.175056348610068e-06 0
1700993460160 7.08114199849737e-06 0
1700993487039 6.987227648384674e-06 0
1700993513887 6.893313298271977e-06 0
1700993540786 6.799398948159279e-06 0
1700993567747 6.705484598046582e-06 0
1700993594752 6.611570247933885e-06 0
1700993621749 6.517655897821187e-06 0
1700993648432 6.423741547708491e-06 0
1700993675771 6.329827197595793e-06 0
1700993702509 6.2359128474830955e-06 0
1700993729067 6.141998497370399e-06 0
1700993755582 6.048084147257701e-06 0
1700993783146 5.954169797145004e-06 0
1700993809912 5.860255447032307e-06 0
1700993836361 5.7663410969196094e-06 0
1700993863125 5.672426746806912e-06 0
1700993889748 5.578512396694215e-06 0
1700993916431 5.484598046581518e-06 0
1700993943159 5.390683696468821e-06 0
1700993969621 5.296769346356123e-06 0
1700993996408 5.202854996243426e-06 0
1700994023004 5.108940646130729e-06 0
1700994050691 5.0150262960180324e-06 0
1700994078119 4.921111945905334e-06 0
1700994106009 4.827197595792637e-06 0
1700994133238 4.733283245679941e-06 0
1700994160857 4.639368895567243e-06 0
1700994188913 4.5454545454545455e-06 0
1700994216488 4.451540195341848e-06 0
1700994243875 4.357625845229151e-06 0
1700994271182 4.2637114951164546e-06 0
1700994298328 4.169797145003756e-06 0
1700994325883 4.0758827948910595e-06 0
1700994353054 3.981968444778363e-06 0
1700994380739 3.888054094665665e-06 0
1700994409060 3.794139744552968e-06 0
1700994436724 3.700225394440271e-06 0
1700994464555 3.6063110443275734e-06 0
1700994491956 3.5123966942148763e-06 0
1700994519573 3.4184823441021787e-06 0
1700994547457 3.3245679939894816e-06 0
1700994575267 3.2306536438767845e-06 0
1700994602729 3.136739293764087e-06 0
1700994630267 3.0428249436513902e-06 0
1700994657585 2.9489105935386927e-06 0
1700994684014 2.8549962434259955e-06 0
1700994711166 2.7610818933132984e-06 0
1700994738569 2.6671675432006013e-06 0
1700994769856 2.573253193087904e-06 0
