1700981037601 7.01875 0
1700981061685 7.59453125 0
1700981088336 4.6296875 0
1700981114990 44.0041015625 0
1700981141821 4.62578125 0
1700981169385 18.7453125 0
1700981195844 8.448828125 0
1700981222322 4.8294921875 0
1700981249581 4.1603515625 0
1700981276209 26.24296875 0
1700981303054 15.82421875 0
1700981329795 48.0015625 0
1700981357336 6.38203125 0
1700981384504 5.36796875 0
1700981411183 14.7828125 0
1700981437916 6.262890625 0
1700981464889 7.832421875 0
1700981492089 5.0265625 0
1700981518790 5.69921875 0
1700981545218 13.9150390625 0
1700981571777 15.29609375 0
1700981598418 14.1078125 0
1700981625085 6.45546875 0
1700981652009 5.92734375 0
1700981678783 9.91171875 0
1700981705864 6.391796875 0
1700981732584 6.844140625 0
1700981759416 5.899609375 0
1700981785974 8.023828125 0
1700981812850 7.266015625 0
1700981839381 7.05 0
1700981866046 34.64765625 0
1700981892999 8.486328125 0
1700981919521 8.798046875 0
1700981946151 10.541796875 0
1700981973089 7.140234375 0
1700981999757 46.148828125 0
1700982026821 7.86328125 0
1700982053330 15.7453125 0
1700982080163 7.422265625 0
1700982106955 9.296484375 0
1700982133552 49.741015625 0
1700982160487 9.420703125 0
1700982187380 10.04140625 0
1700982214197 8.5390625 0
1700982240816 10.1328125 0
1700982267729 11.52265625 0
1700982294388 17.3890625 0
1700982321869 10.565625 0
1700982348640 22.09921875 0
1700982375748 45.4671875 0
1700982402806 11.00625 0
1700982429816 11.503125 0
1700982456694 15.81171875 0
1700982483792 14.07421875 0
1700982510471 11.28203125 0
1700982536836 13.0125 0
1700982563825 14.92265625 0
1700982590658 12.00546875 0
1700982617260 12.31328125 0
1700982644017 20.30859375 0
1700982670429 13.81796875 0
1700982697228 13.6140625 0
1700982723897 14.0546875 0
1700982750720 53.61328125 0
1700982777837 14.25546875 0
1700982804863 14.17890625 0
1700982831957 14.465625 0
1700982859277 15.678125 0
1700982889934 51.25546875 0
1700982920493 16.80234375 0
1700982951288 16.60234375 0
1700982982321 22.79453125 0
1700983011832 16.44140625 0
1700983039021 22.48125 0
1700983065693 17.2875 0
1700983092182 18.265625 0
1700983118886 17.7109375 0
1700983145908 18.6875 0
1700983172711 18.0578125 0
1700983200357 25.2578125 0
1700983227537 19.240625 0
1700983254481 21.0875 0
1700983281081 21.56875 0
1700983308520 22.484375 0
1700983335216 22.3640625 0
1700983362197 21.0734375 0
1700983389256 36.684375 0
1700983416032 20.5890625 0
1700983442933 21.278125 0
1700983469677 28.90625 0
1700983496714 22.996875 0
1700983523982 28.5203125 0
1700983551197 30.6234375 0
1700983577819 26.346875 0
1700983604530 27.315625 0
1700983631208 25.628125 0
1700983657888 35.35 0
1700983684509 24.7015625 0
1700983711316 24.9359375 0
1700983737881 25.95 0
1700983764436 26.284375 0
1700983791022 36.2109375 0
1700983817835 33.684375 0
1700983844505 28.6015625 0
1700983871133 29.696875 0
1700983897821 30.15 0
1700983924534 67.225 0
1700983951176 29.05625 0
1700983978042 28.503125 0
1700984004713 28.5609375 0
1700984031057 28.7140625 0
1700984058081 29.7078125 0
1700984084540 36.8390625 0
1700984111164 33.44375 0
1700984137668 37.9140625 0
1700984164664 36.5625 0
1700984191618 33.1796875 0
1700984218397 35.196875 0
1700984245072 37.4890625 0
1700984271705 34.3015625 0
1700984298383 32.15625 0
1700984325061 69.0140625 0
1700984351889 30.61875 0
1700984378401 34.4671875 0
1700984404878 30.459375 0
1700984431904 29.7953125 0
1700984458401 37.0203125 0
1700984485321 31.3671875 0
1700984512186 38.175 0
1700984538692 29.628125 0
1700984565347 30.84375 0
1700984596284 32.9359375 0
1700984626501 29.2328125 0
1700984657720 32.271875 0
1700984687536 29.590625 0
1700984718081 29.259375 0
1700984745992 32.6390625 0
1700984772640 28.809375 0
1700984799268 32.7125 0
1700984826404 30.384375 0
1700984852901 29.1421875 0
1700984879712 29.840625 0
1700984906503 29.63125 0
1700984933416 30.3265625 0
1700984960285 31.3421875 0
1700984986969 29.959375 0
1700985013801 30.0046875 0
1700985040649 31.6453125 0
1700985067517 32.3046875 0
1700985094139 30.5453125 0
1700985120524 37.9453125 0
1700985147213 31.7453125 0
1700985173583 34.2296875 0
1700985200227 29.840625 0
1700985226828 29.7125 0
1700985253147 34.1953125 0
1700985279721 33.440625 0
1700985306205 36.4859375 0
1700985332691 33.5421875 0
1700985359181 32.75625 0
1700985385806 31.446875 0
1700985412639 30.553125 0
1700985439304 32.221875 0
1700985466015 31.1359375 0
1700985492784 33.225 0
1700985519399 33.025 0
1700985546015 32.1625 0
1700985572745 35.821875 0
1700985599727 32.96875 0
1700985626221 32.55625 0
1700985652609 33.115625 0
1700985679582 34.9921875 0
1700985706076 38.821875 0
1700985732781 32.865625 0
1700985759584 35.3015625 0
1700985787197 34.0546875 0
1700985818228 64.5 0
1700985848247 34.7203125 0
1700985878690 34.275 0
1700985909307 34.63125 0
1700985939258 33.703125 0
1700985966208 34.246875 0
1700985992834 33.8546875 0
1700986019477 33.4296875 0
1700986045883 36.9015625 0
1700986072616 33.721875 0
1700986099388 34.80625 0
1700986126743 39.8921875 0
1700986153755 36.65 0
1700986180425 35.728125 0
1700986207233 40.225 0
1700986234020 36.3546875 0
1700986260712 34.509375 0
1700986287584 36.209375 0
1700986314344 37.159375 0
1700986341402 37.065625 0
1700986368157 37.65 0
1700986394881 41.11875 0
1700986421393 67.409375 0
1700986448620 36.65 0
1700986475381 43.94375 0
1700986502512 37.1 0
1700986529083 43.53125 0
1700986556649 47.946875 0
1700986583084 37.025 0
1700986609729 36.428125 0
1700986636373 40.890625 0
1700986662905 37.35625 0
1700986689320 38.425 0
1700986716290 38.95625 0
1700986742745 37.246875 0
1700986769454 42.56875 0
1700986796125 44.171875 0
1700986822716 38.4625 0
1700986849400 39.703125 0
1700986875986 41.740625 0
1700986902643 69.15 0
1700986929722 38.540625 0
1700986956518 39.95625 0
1700986983108 43.38125 0
1700987009595 52.79375 0
1700987036439 72.815625 0
1700987063317 40.571875 0
1700987090515 40.24375 0
1700987117231 40.684375 0
1700987144183 42.0875 0
1700987170657 41.11875 0
1700987197130 41.646875 0
1700987223685 84.009375 0
1700987250602 40.703125 0
1700987277147 39.525 0
1700987303780 42.615625 0
1700987330616 40.7875 0
1700987357313 42.184375 0
1700987383745 41.021875 0
1700987410134 41.684375 0
1700987436633 41.54375 0
1700987463454 42.403125 0
1700987489827 42.378125 0
1700987516477 41.640625 0
1700987543189 42.05 0
1700987569658 50.509375 0
1700987596181 41.871875 0
1700987622883 43.24375 0
1700987653887 45.29375 0
1700987685280 43.25 0
1700987715587 45.628125 0
1700987745898 45.29375 0
1700987775106 45.165625 0
1700987801608 50.296875 0
1700987828039 43.5875 0
1700987854439 50.365625 0
1700987880796 45.759375 0
1700987906980 78.54375 0
1700987933248 49.51875 0
1700987959735 45.13125 0
1700987985873 50.44375 0
1700988012367 46.88125 0
1700988038889 103.54375 0
1700988065537 46.51875 0
1700988091863 50.2875 0
1700988118240 46.253125 0
1700988144893 47.503125 0
1700988171255 47.1625 0
1700988197651 46.796875 0
1700988224154 60.678125 0
1700988291785 49.384375 0
1700988318703 47.209375 0
1700988345234 47.290625 0
1700988372416 45.325 0
1700988399026 45.853125 0
1700988425888 50.928125 0
1700988453139 46.29375 0
1700988480092 53.18125 0
1700988506487 45.328125 0
1700988533312 43.678125 0
1700988560168 44.334375 0
1700988587065 48.425 0
1700988613623 50.421875 0
1700988640468 43.44375 0
1700988667297 42.084375 0
1700988694202 43.140625 0
1700988720886 45.3 0
1700988747556 43.846875 0
1700988774073 45.9 0
1700988800474 42.54375 0
1700988826999 43.975 0
1700988853462 69.7125 0
1700988880171 44.803125 0
1700988906662 43.93125 0
1700988933246 44.25625 0
1700988959754 42.515625 0
1700988986483 43.028125 0
1700989012896 41.403125 0
1700989039500 43.04375 0
1700989066475 47.628125 0
1700989093178 71.36875 0
1700989120157 41.44375 0
1700989147121 40.065625 0
1700989174120 48.053125 0
1700989201154 47.1125 0
1700989228127 46.41875 0
1700989255350 40.809375 0
1700989283737 39.7125 0
1700989313935 41.146875 0
1700989344219 40.359375 0
1700989376082 38.421875 0
1700989407764 43.54375 0
1700989436098 39.134375 0
1700989462892 41.034375 0
1700989489605 38.084375 0
1700989516584 43.95625 0
1700989543465 37.49375 0
1700989570755 37.9625 0
1700989597481 39.41875 0
1700989624287 36.953125 0
1700989651079 40.34375 0
1700989678167 47.29375 0
1700989705210 35.8875 0
1700989732064 37.8109375 0
1700989758718 39.41875 0
1700989785395 36.071875 0
1700989812483 39.059375 0
1700989839350 38.13125 0
1700989866283 36.146875 0
1700989893197 38.428125 0
1700989919867 37.2421875 0
1700989946631 40.5421875 0
1700989973646 36.1875 0
1700990000883 34.6125 0
1700990027557 56.328125 0
1700990054500 34.3765625 0
1700990081488 36.284375 0
1700990108589 55.28125 0
1700990135285 34.8015625 0
1700990162844 40.7875 0
1700990189957 39.8640625 0
1700990216742 37.11875 0
1700990243697 34.93125 0
1700990270495 33.7015625 0
1700990297407 40.26875 0
1700990324039 58.934375 0
1700990350829 42.534375 0
1700990377793 36.9265625 0
1700990404457 34.6625 0
1700990431228 49.8609375 0
1700990458236 34.828125 0
1700990485191 34.0640625 0
1700990511854 32.1140625 0
1700990538396 49.1421875 0
1700990565526 34.55 0
1700990592225 37.1359375 0
1700990619139 34.134375 0
1700990646009 33.8453125 0
1700990672854 33.6578125 0
1700990699641 32.14375 0
1700990726278 56.875 0
1700990753185 58.3109375 0
1700990780197 37.3421875 0
1700990806893 35.7203125 0
1700990833839 33.4984375 0
1700990861202 33.4625 0
1700990887798 32.1125 0
1700990914502 43.771875 0
1700990941339 43.2046875 0
1700990968317 34.85 0
1700990994985 36.3703125 0
1700991022035 33.9453125 0
1700991048795 32.471875 0
1700991075646 36.0296875 0
1700991102390 32.640625 0
1700991129127 32.55 0
1700991155809 32.8015625 0
1700991182749 32.55 0
1700991209681 35.9921875 0
1700991236422 34.446875 0
1700991263144 33.9140625 0
1700991289653 32.6265625 0
1700991316528 39.0890625 0
1700991343633 37.33125 0
1700991370284 32.01875 0
1700991396833 34.259375 0
1700991423645 33.959375 0
1700991450456 34.5125 0
1700991477238 33.14921875 0
1700991504262 30.8390625 0
1700991531519 34.1078125 0
1700991558389 46.5171875 0
1700991585683 36.0515625 0
1700991612313 33.6921875 0
1700991639284 34.6171875 0
1700991666284 34.509375 0
1700991692988 38.915625 0
1700991720111 34.0734375 0
1700991747379 38.190625 0
1700991774301 38.271875 0
1700991801581 35.9703125 0
1700991828804 37.7375 0
1700991857566 37.59375 0
1700991888004 44.075 0
1700991919397 36.965625 0
1700991950277 39.671875 0
1700991981560 37.675 0
1700992009716 40.69375 0
1700992036527 38.228125 0
1700992063559 39.984375 0
1700992090889 39.18125 0
1700992117787 37.64375 0
1700992144491 41.875 0
1700992171400 37.86875 0
1700992198449 38.19375 0
1700992225542 38.571875 0
1700992252457 38.259375 0
1700992279721 39.45 0
1700992306707 39.940625 0
1700992333493 46.865625 0
1700992360349 38.790625 0
1700992387392 39.609375 0
1700992414141 38.31875 0
1700992441098 43.91875 0
1700992467935 48.08125 0
1700992494677 46.475 0
1700992521437 45.171875 0
1700992548485 38.184375 0
1700992575512 52.31875 0
1700992602226 38.596875 0
1700992629603 38.3375 0
1700992656780 38.56875 0
1700992683948 46.053125 0
1700992710957 37.653125 0
1700992737780 42.921875 0
1700992764882 41.128125 0
1700992791794 39.621875 0
1700992819217 38.6375 0
1700992846250 37.39375 0
1700992873157 35.815625 0
1700992900742 45.5125 0
1700992927523 38.978125 0
1700992955106 38.165625 0
1700992986581 48.26875 0
1700993017434 45.490625 0
1700993048885 39.221875 0
1700993080170 37.940625 0
1700993110282 39.81875 0
1700993137089 38.559375 0
1700993163814 38.121875 0
1700993190525 36.240625 0
1700993217362 39.06875 0
1700993244121 38.234375 0
1700993271234 41.16875 0
1700993297991 46.559375 0
1700993325182 39.946875 0
1700993352181 62.85625 0
1700993379345 38.8875 0
1700993406368 38.878125 0
1700993432981 39.015625 0
1700993460158 39.48125 0
1700993487037 41.15625 0
1700993513885 38.6375 0
1700993540783 39.51875 0
1700993567745 38.35 0
1700993594749 38.26875 0
1700993621746 37.678125 0
1700993648430 38.684375 0
1700993675769 39.8875 0
1700993702507 43.221875 0
1700993729065 37.721875 0
1700993755579 38.584375 0
1700993783144 38.690625 0
1700993809909 38.146875 0
1700993836359 37.48125 0
1700993863122 46.696875 0
1700993889745 38.19375 0
1700993916428 38.31875 0
1700993943156 47.159375 0
1700993969618 39.165625 0
1700993996405 38.590625 0
1700994023001 43.328125 0
1700994050689 38.5875 0
1700994078116 45.05 0
1700994106006 56.178125 0
1700994133205 36.86875 0
1700994160854 38.30625 0
1700994188911 35.48125 0
1700994216484 37.328125 0
1700994243872 63.615625 0
1700994271179 37.51875 0
1700994298325 38.2875 0
1700994325881 39.58125 0
1700994353051 42.86875 0
1700994380737 38.1 0
1700994409058 37.171875 0
1700994436722 38.325 0
1700994464552 39.609375 0
1700994491954 45.8375 0
1700994519570 38.153125 0
1700994547455 37.7875 0
1700994575265 39.86875 0
1700994602726 43.90625 0
1700994630264 38.2375 0
1700994657583 61.8125 0
1700994684011 37.065625 0
1700994711163 44.065625 0
1700994738566 44.221875 0
1700994769853 37.0890625 0
