1700981040146 0.003288225806438861 0
1700981064202 0.0033469323667219882 0
1700981090864 0.003683503582069911 0
1700981117511 0.003755448858972658 0
1700981144370 0.0038311807293966026 0
1700981171839 0.0039012327095387512 0
1700981198275 0.0039580316123567095 0
1700981224776 0.004024296998977661 0
1700981252024 0.004065949527710831 0
1700981278659 0.004128428320810585 0
1700981305542 0.004447809772787934 0
1700981332314 0.004540558614879075 0
1700981359878 0.00466359279316324 0
1700981386991 0.00475634163525438 0
1700981413678 0.004818805141152496 0
1700981440415 0.00488126864705061 0
1700981467381 0.00469452405222957 0
1700981494510 0.004732389987441543 0
1700981521259 0.004758896142089923 0
1700981547708 0.0051274579114864525 0
1700981574233 0.005169110440219622 0
1700981600872 0.005252415497685961 0
1700981627507 0.0053281473681099055 0
1700981654436 0.005381159677406667 0
1700981681261 0.005432278689942829 0
1700981708332 0.005760805285656391 0
1700981735049 0.00578351928780116 0
1700981761939 0.0055477697923393444 0
1700981788489 0.005880358923284501 0
1700981815342 0.005925798045538867 0
1700981841904 0.005946624309905452 0
1700981868552 0.005995850025681016 0
1700981895491 0.006188966295262075 0
1700981922028 0.0062930976170949985 0
1700981948628 0.006669232573533923 0
1700981975589 0.007353343803030221 0
1700982002259 0.0075256338082446955 0
1700982029290 0.007967218216219096 0
1700982055784 0.008125177782434255 0
1700982082643 0.00813464426623725 0
1700982109442 0.00810813811158887 0
1700982136039 0.00810813811158887 0
1700982162938 0.008305040974691124 0
1700982189818 0.008770160878878183 0
1700982216688 0.009123576274189924 0
1700982243289 0.009435339140768495 0
1700982270219 0.009397473205556523 0
1700982296859 0.009680836620726116 0
1700982324318 0.00964675727903534 0
1700982351101 0.010024785532234863 0
1700982378240 0.010174355976322155 0
1700982405285 0.010964835554824592 0
1700982432285 0.01172827840469044 0
1700982459113 0.01185875899433472 0
1700982486278 0.012193241422040474 0
1700982512954 0.012179988344716284 0
1700982539318 0.01214401570626491 0
1700982566290 0.012455778572843482 0
1700982593142 0.012727782207449483 0
1700982619701 0.012672876601392123 0
1700982646492 0.01294866682951932 0
1700982672894 0.013241496728491906 0
1700982699713 0.013880168835733838 0
1700982726396 0.014543453800863552 0
1700982753164 0.01465705160649947 0
1700982780266 0.015356940309000757 0
1700982807344 0.01588453900628757 0
1700982834433 0.016258780665965894 0
1700982861803 0.01655161056493848 0
1700982892574 0.017269801136125553 0
1700982923051 0.01745345092190362 0
1700982953837 0.01782201269130015 0
1700982984871 0.018165961602808898 0
1700983014389 0.01879138063272664 0
1700983041506 0.01907853064141743 0
1700983068138 0.020353981559140696 0
1700983094643 0.020641131567831483 0
1700983121374 0.020956681027931252 0
1700983148382 0.02094910784088886 0
1700983175230 0.02123247125605845 0
1700983202914 0.021515834671228043 0
1700983230032 0.022169653152554765 0
1700983256956 0.023139021093981253 0
1700983283595 0.023804199355871566 0
1700983311016 0.025104263131482615 0
1700983337752 0.02573914864520335 0
1700983364703 0.02668011713522086 0
1700983391723 0.027358548474435362 0
1700983418536 0.027441853531901702 0
1700983445401 0.028103245200270816 0
1700983472112 0.028394181802482803 0
1700983499224 0.028705944669061373 0
1700983526485 0.029344616776303307 0
1700983553666 0.029990862070587633 0
1700983580336 0.030981056276380706 0
1700983607024 0.03103406858567747 0
1700983633682 0.031757939047146334 0
1700983660352 0.033154560957547916 0
1700983687036 0.033687839545116526 0
1700983713826 0.03475755221485474 0
1700983740361 0.035437876850829844 0
1700983766989 0.0363094244596254 0
1700983793520 0.03800581835712176 0
1700983820340 0.03996430684865448 0
1700983846993 0.04146090721219315 0
1700983873630 0.04404777967868074 0
1700983900314 0.045788555565275675 0
1700983927061 0.0480189443869912 0
1700983953692 0.050590269306163095 0
1700983980532 0.053063962126025266 0
1700984007168 0.05619443760017039 0
1700984033529 0.05875671033414534 0
1700984060579 0.061018591872151036 0
1700984087041 0.06347494684352777 0
1700984113619 0.06691331258091902 0
1700984140200 0.06952412634933551 0
1700984167121 0.07314176988725217 0
1700984194141 0.0754860113012976 0
1700984220844 0.07836366811564549 0
1700984247563 0.08073946601986268 0
1700984274241 0.08317952576078899 0
1700984300851 0.08657784289028977 0
1700984327527 0.08938583314727624 0
1700984354394 0.09278290552796477 0
1700984380897 0.09604874824612869 0
1700984407365 0.09967456703976646 0
1700984434391 0.10247965550793267 0
1700984460959 0.10608058565638843 0
1700984487853 0.1092209581266413 0
1700984514687 0.11187722028228285 0
1700984541214 0.11567214841669705 0
1700984567813 0.11914836557417953 0
1700984598846 0.12127226560226993 0
1700984629058 0.12496893501652337 0
1700984660235 0.12765656295835662 0
1700984690053 0.13034985967250687 0
1700984720627 0.13266397850501105 0
1700984748531 0.1349421951128411 0
1700984775027 0.13815386956219847 0
1700984801725 0.14070922614996914 0
1700984828923 0.1428184614280345 0
1700984855415 0.14520943566307504 0
1700984882230 0.14765777411856182 0
1700984909015 0.14943311853729999 0
1700984935869 0.15150435369249451 0
1700984962760 0.15392247351957727 0
1700984989433 0.1560050406604233 0
1700985016251 0.15838349853772574 0
1700985043135 0.16061533918034845 0
1700985069979 0.16262186747140836 0
1700985096649 0.16429670178210798 0
1700985123003 0.16627301885674037 0
1700985149631 0.16787421332739796 0
1700985175955 0.1701614541710967 0
1700985202661 0.17244303041171533 0
1700985229233 0.17440990648121413 0
1700985255557 0.17634090673120528 0
1700985282102 0.17817560872883376 0
1700985308627 0.1799952051182485 0
1700985335109 0.18229617757500763 0
1700985361657 0.18431554464478567 0
1700985388276 0.1863208112012537 0
1700985415055 0.1883950457362931 0
1700985441782 0.1898044937632862 0
1700985468465 0.19119318686618705 0
1700985495203 0.19356302183526786 0
1700985521824 0.19494416769304423 0
1700985548452 0.19682570442634542 0
1700985575396 0.1981989657940642 0
1700985602196 0.19960429507833688 0
1700985628694 0.20152204008917735 0
1700985655031 0.2032224795361257 0
1700985682015 0.20490594602001763 0
1700985708476 0.20624492421669047 0
1700985735250 0.20818990005730348 0
1700985762006 0.20980547468896973 0
1700985789731 0.21108221868776905 0
1700985820785 0.21436307189378095 0
1700985850815 0.21617433351556253 0
1700985881251 0.21820179014008279 0
1700985911828 0.22048315019805198 0
1700985941641 0.22211718219549545 0
1700985968585 0.22476557097904423 0
1700985995227 0.2270657852523685 0
1700986021922 0.22905553344617854 0
1700986048329 0.23069522170822854 0
1700986075089 0.23198673546005408 0
1700986101903 0.23376194306605838 0
1700986129370 0.2353559894574121 0
1700986156381 0.23683667244688836 0
1700986182806 0.23813508952837534 0
1700986209663 0.24008805455321475 0
1700986236491 0.24168359368576287 0
1700986263190 0.24293678288632725 0
1700986290047 0.24481248361459051 0
1700986316872 0.24668818434285375 0
1700986343916 0.24842517842282902 0
1700986370732 0.2503249104776531 0
1700986397347 0.2522076862463679 0
1700986423829 0.253853702020151 0
1700986451163 0.2554649105343794 0
1700986477890 0.25709733660356987 0
1700986504985 0.2590135536663273 0
1700986531600 0.2615312569499633 0
1700986559171 0.2636079090246882 0
1700986585516 0.2648714726761833 0
1700986612188 0.26642817305159694 0
1700986638830 0.2685899779277762 0
1700986665367 0.2707404841721984 0
1700986691785 0.2725507760603811 0
1700986718736 0.27465797088306804 0
1700986745231 0.275804782006407 0
1700986771887 0.27745829962695817 0
1700986798576 0.2789562551468765 0
1700986825136 0.28045609330883914 0
1700986851844 0.2815913264615548 0
1700986878454 0.2830365680042326 0
1700986905189 0.2843554687005868 0
1700986932342 0.28564099681809774 0
1700986959007 0.2883339255584954 0
1700986985536 0.2902968797659009 0
1700987012034 0.29228239201511125 0
1700987038910 0.2934810448187003 0
1700987065867 0.29513229916132794 0
1700987092978 0.29701559593022797 0
1700987119712 0.29901892857848056 0
1700987146641 0.300481195276883 0
1700987173057 0.30224744797988257 0
1700987199557 0.30384553961185595 0
1700987226090 0.3057937495449046 0
1700987253087 0.30783536767712527 0
1700987279577 0.3100981116294861 0
1700987306205 0.31190118193626404 0
1700987333059 0.313811638812327 0
1700987359790 0.3153671809119882 0
1700987386206 0.3170886668207732 0
1700987412609 0.31850301262010566 0
1700987439124 0.3198910857420511 0
1700987465924 0.32093260973846355 0
1700987492320 0.32197225711506267 0
1700987518986 0.32379502552160944 0
1700987545663 0.3247912646575295 0
1700987572110 0.325804389202533 0
1700987598597 0.327501060122653 0
1700987625658 0.328847515150673 0
1700987656726 0.330471015964765 0
1700987687824 0.3317424247301922 0
1700987718135 0.3326842553257325 0
1700987748441 0.33425709991257424 0
1700987777611 0.33519142588185524 0
1700987804039 0.33629529849852924 0
1700987830503 0.33754200932275447 0
1700987856827 0.3387812173737145 0
1700987883231 0.33968717724548103 0
1700987909411 0.3415048357118597 0
1700987935673 0.3427511226636758 0
1700987962138 0.3439237762609294 0
1700987988283 0.3455363020995738 0
1700988014800 0.34731393280424605 0
1700988041329 0.34908003757654693 0
1700988067954 0.35083948546740673 0
1700988094328 0.35233413864293867 0
1700988120697 0.3545582320714862 0
1700988147336 0.3560810765454189 0
1700988173670 0.35739735371090586 0
1700988200101 0.35887057361207475 0
1700988226638 0.3601491221183322 0
1700988294236 0.36125741165536673 0
1700988321177 0.36283790694617235 0
1700988347644 0.36393801427875777 0
1700988374816 0.36484128916201813 0
1700988401451 0.3660487725635884 0
1700988428325 0.3673980347233115 0
1700988455602 0.36887943744659424 0
1700988482538 0.3697151804217403 0
1700988508895 0.3712003224871937 0
1700988535745 0.3723401986255547 0
1700988562639 0.373453899368721 0
1700988589481 0.3744126366827772 0
1700988616064 0.375494821083978 0
1700988642857 0.3768886945408243 0
1700988669655 0.37798771015103 0
1700988696596 0.37877877697425805 0
1700988723368 0.38017452056543816 0
1700988749983 0.3805903137656691 0
1700988776472 0.3813290168275487 0
1700988802886 0.3820639796207606 0
1700988829381 0.38343541146560034 0
1700988855873 0.3848442459971176 0
1700988882526 0.3856521440293505 0
1700988909046 0.3864282497779075 0
1700988935598 0.387183784048792 0
1700988962392 0.3879224871106716 0
1700988988867 0.3896261794888294 0
1700989015351 0.39101631267700787 0
1700989041969 0.3920573541228635 0
1700989068919 0.39278109611007217 0
1700989095661 0.39350109782861303 0
1700989122671 0.3944309857225171 0
1700989149597 0.39520315988076166 0
1700989176620 0.3959585069992382 0
1700989203622 0.396536325852488 0
1700989230556 0.3975474451490017 0
1700989257853 0.3984127619105917 0
1700989286235 0.3997707663422421 0
1700989316575 0.40062978415909206 0
1700989347113 0.40166096381572863 0
1700989378632 0.40238434724857153 0
1700989410504 0.4037270615446753 0
1700989438497 0.4044504449775182 0
1700989465357 0.4054666709714603 0
1700989492077 0.406477289341892 0
1700989519051 0.40780131155962773 0
1700989545985 0.40849478766708175 0
1700989573266 0.40996694410403156 0
1700989599884 0.41079326352307216 0
1700989626677 0.4119548303475652 0
1700989653501 0.4126347161327619 0
1700989680559 0.41328471682849943 0
1700989707680 0.41393284970614574 0
1700989734527 0.41487547523617124 0
1700989761185 0.4154937230243584 0
1700989787829 0.4161362524477311 0
1700989814947 0.41709008488630384 0
1700989841792 0.4178900973475659 0
1700989868743 0.41855300831671205 0
1700989895663 0.41936186558224375 0
1700989922333 0.42031709178124066 0
1700989949069 0.4212741848718317 0
1700989976106 0.42189959355586554 0
1700990003330 0.42252126845671106 0
1700990029993 0.4228000576014346 0
1700990056932 0.4235946668862061 0
1700990083943 0.4245477896280239 0
1700990111018 0.42581385018912005 0
1700990137707 0.42662997690507165 0
1700990165226 0.4272774667937521 0
1700990192409 0.42792682264752957 0
1700990219177 0.4285649827107247 0
1700990246132 0.4292031427739198 0
1700990272925 0.4298338389767266 0
1700990299844 0.4304608032493394 0
1700990326448 0.43109523138234035 0
1700990353244 0.43220031153352767 0
1700990380195 0.4331889819604745 0
1700990406944 0.4344987401381675 0
1700990433652 0.4356615750283157 0
1700990460644 0.4367996861897602 0
1700990487589 0.43759526613462774 0
1700990514272 0.438383072769086 0
1700990540822 0.43899560360710854 0
1700990567946 0.4403680142961018 0
1700990594678 0.4416157275901557 0
1700990621572 0.44285041155592764 0
1700990648426 0.4434330086633949 0
1700990675318 0.4440156057708622 0
1700990702071 0.445074489234025 0
1700990728682 0.44597266884665415 0
1700990755669 0.4462468369328296 0
1700990782599 0.4470376918970612 0
1700990809277 0.44785612080381326 0
1700990836300 0.4484866414354255 0
1700990863566 0.44909856263837666 0
1700990890264 0.4500334939190761 0
1700990916929 0.4509349462281855 0
1700990943844 0.4513679767519699 0
1700990970764 0.4519816050257707 0
1700990997452 0.4526212660142177 0
1700991024494 0.4535410885983798 0
1700991051277 0.4541398410352401 0
1700991078132 0.45440078800824024 0
1700991104790 0.45494933449542585 0
1700991131586 0.455499740462229 0
1700991158242 0.45605014642903224 0
1700991185277 0.45659497395698273 0
1700991212158 0.45760408136511094 0
1700991238815 0.4581267253104887 0
1700991265508 0.4586437894272681 0
1700991292048 0.45978269444228453 0
1700991318926 0.4599562891097884 0
1700991346028 0.46060215253286413 0
1700991372677 0.46176866607962497 0
1700991399235 0.4626234068771718 0
1700991426083 0.46315149908856407 0
1700991452850 0.4634027632406956 0
1700991479630 0.46317399026816375 0
1700991506759 0.46247658210714865 0
1700991533921 0.4617193968184871 0
1700991560811 0.4608077978223099 0
1700991588089 0.45964261518858873 0
1700991614742 0.4588287949870905 0
1700991641743 0.45749537654491285 0
1700991668720 0.4561905823840996 0
1700991695392 0.45467564834214247 0
1700991722623 0.45336611777389607 0
1700991749787 0.4517534013856878 0
1700991776760 0.4502025944581304 0
1700991804014 0.4482567097238926 0
1700991831268 0.446205561025155 0
1700991860489 0.44437839700768034 0
1700991890461 0.44248140398702474 0
1700991922118 0.4402223411619354 0
1700991953060 0.4378204467691906 0
1700991984000 0.43533346010613316 0
1700992012140 0.43284344148141735 0
1700992038960 0.4301100674379675 0
1700992065998 0.4274135154763652 0
1700992093329 0.4247549299749068 0
1700992120188 0.42203529665507183 0
1700992146970 0.4215942729322404 0
1700992173839 0.42064713088341943 0
1700992200869 0.41973449096778515 0
1700992227996 0.4192260423472508 0
1700992254900 0.41864817083808425 0
1700992282163 0.4177634082927605 0
1700992309130 0.417563087118722 0
1700992335891 0.41657295498823255 0
1700992362779 0.41664194890872186 0
1700992389866 0.41563064446721054 0
1700992416612 0.4150290791852487 0
1700992443542 0.4149391793216448 0
1700992470354 0.4142312178957648 0
1700992497111 0.414361122976313 0
1700992523888 0.4135840559870468 0
1700992550901 0.41337808642362683 0
1700992577904 0.41261114743707095 0
1700992604638 0.4121822501711277 0
1700992631974 0.41182077780288734 0
1700992659194 0.4113469306051422 0
1700992686382 0.4107313662612994 0
1700992713423 0.41035116475480826 0
1700992740247 0.409991565300393 0
1700992767319 0.4096375845874529 0
1700992794258 0.4091674694743181 0
1700992821700 0.40907130278453924 0
1700992848710 0.4087734358298346 0
1700992875596 0.40848868251464526 0
1700992903160 0.40828448441362136 0
1700992929923 0.40802033824624173 0
1700992957987 0.4076959387317223 0
1700992989137 0.40748794245596376 0
1700993020060 0.40733146605714 0
1700993051608 0.40704657191439614 0
1700993083035 0.40731084871786244 0
1700993112655 0.4066004876645736 0
1700993139657 0.4066454709502699 0
1700993166229 0.40620126100401804 0
1700993192946 0.4058220279957964 0
1700993219759 0.40594388783904556 0
1700993246603 0.40598263301997606 0
1700993273623 0.4059488872172301 0
1700993300425 0.4057820329703198 0
1700993327598 0.40521140172691544 0
1700993354589 0.40521890264718646 0
1700993381762 0.40474403707474627 0
1700993408748 0.40494026266849104 0
1700993435386 0.4048446495607109 0
1700993462613 0.4046927934483543 0
1700993489458 0.404412553718053 0
1700993516292 0.4042981646839201 0
1700993543204 0.404170649039313 0
1700993570239 0.40412001782748364 0
1700993597175 0.40391749298016644 0
1700993624211 0.40378997733555927 0
1700993650875 0.4037956030257625 0
1700993678251 0.40351702079871776 0
1700993704942 0.403721471370193 0
1700993731497 0.4036483193308578 0
1700993758137 0.4033838465732614 0
1700993785647 0.40346637707917804 0
1700993812343 0.40344949583933143 0
1700993838794 0.4033707167200474 0
1700993865543 0.4031043682691347 0
1700993892199 0.4031868987750513 0
1700993918860 0.4031381307488278 0
1700993945520 0.40301058360332037 0
1700993972054 0.40281551149842654 0
1700993998784 0.40287178229791515 0
1700994025425 0.40254416119867037 0
1700994053162 0.40253415750098354 0
1700994080604 0.4024797623948112 0
1700994108419 0.40250039502129037 0
1700994135731 0.4022853155210228 0
1700994163345 0.40266920741975615 0
1700994191363 0.4024028589688434 0
1700994218978 0.40235409094262 0
1700994246326 0.40204147538990553 0
1700994273624 0.4017982604898937 0
1700994300745 0.4017269841438748 0
1700994328320 0.4022002840906845 0
1700994355526 0.40195508262654045 0
1700994383165 0.40200949116692025 0
1700994411503 0.4020320050456981 0
1700994439232 0.4021201844042447 0
1700994467019 0.4020657758638649 0
1700994494500 0.4018800363639476 0
1700994522029 0.4020389744654838 0
1700994549917 0.40206148278527926 0
1700994577785 0.4021271320513493 0
1700994605170 0.4019939578258929 0
1700994632702 0.40187766484028314 0
1700994659980 0.4018195183474783 0
1700994686432 0.401791382947734 0
1700994713939 0.4017876315611014 0
1700994741431 0.401751993388092 0
