1700981040145 21294568.0 0
1700981064200 21674752.0 0
1700981090863 23854389.0 0
1700981117509 24320307.0 0
1700981144369 24810747.0 0
1700981171837 25264404.0 0
1700981198274 25632234.0 0
1700981224774 26061369.0 0
1700981252022 26331111.0 0
1700981278658 26735724.0 0
1700981305540 28804040.0 0
1700981332313 29404682.0 0
1700981359877 30201452.0 0
1700981386990 30802094.0 0
1700981413677 31206608.0 0
1700981440414 31611122.0 0
1700981467380 30401763.0 0
1700981494509 30646983.0 0
1700981521257 30818637.0 0
1700981547706 33205445.0 0
1700981574231 33475187.0 0
1700981600871 34014671.0 0
1700981627506 34505111.0 0
1700981654435 34848419.0 0
1700981681260 35179466.0 0
1700981708330 37307006.0 0
1700981735048 37454102.0 0
1700981761938 35927387.0 0
1700981788488 38081236.0 0
1700981815340 38375500.0 0
1700981841903 38510371.0 0
1700981868550 38829157.0 0
1700981895489 40079779.0 0
1700981922027 40754134.0 0
1700981948627 43189986.0 0
1700981975588 47620294.0 0
1700982002258 48736045.0 0
1700982029289 51595748.0 0
1700982055782 52618695.0 0
1700982082642 52680000.0 0
1700982109441 52508346.0 0
1700982136038 52508346.0 0
1700982162937 53783490.0 0
1700982189817 56795609.0 0
1700982216687 59084329.0 0
1700982243287 61103307.0 0
1700982270218 60858087.0 0
1700982296857 62693150.0 0
1700982324317 62472452.0 0
1700982351100 64920565.0 0
1700982378239 65889184.0 0
1700982405283 71008334.0 0
1700982432284 75952394.0 0
1700982459112 76797387.0 0
1700982486276 78963497.0 0
1700982512953 78877670.0 0
1700982539317 78644711.0 0
1700982566289 80663689.0 0
1700982593141 82425186.0 0
1700982619700 82069617.0 0
1700982646491 83855636.0 0
1700982672893 85752004.0 0
1700982699712 89888048.0 0
1700982726395 94183485.0 0
1700982753162 94919145.0 0
1700982780264 99451628.0 0
1700982807342 102868360.0 0
1700982834432 105291951.0 0
1700982861802 107188319.0 0
1700982892572 111839325.0 0
1700982923049 113028642.0 0
1700982953836 115415450.0 0
1700982984869 117642865.0 0
1700983014387 121693082.0 0
1700983041504 123552667.0 0
1700983068137 131812494.0 0
1700983094641 133672079.0 0
1700983121373 135715579.0 0
1700983148381 135666535.0 0
1700983175229 137501598.0 0
1700983202912 139336661.0 0
1700983230031 143570793.0 0
1700983256955 149848425.0 0
1700983283594 154156123.0 0
1700983311015 162575343.0 0
1700983337751 166686865.0 0
1700983364702 172780582.0 0
1700983391722 177174107.0 0
1700983418534 177713591.0 0
1700983445399 181996767.0 0
1700983472111 183880874.0 0
1700983499222 185899852.0 0
1700983526483 190035896.0 0
1700983553665 194220984.0 0
1700983580334 200633487.0 0
1700983607023 200976795.0 0
1700983633680 205664584.0 0
1700983660350 214709115.0 0
1700983687035 218162630.0 0
1700983713825 225090095.0 0
1700983740359 229495881.0 0
1700983766987 235140028.0 0
1700983793519 246125884.0 0
1700983820339 258809066.0 0
1700983846992 268501058.0 0
1700983873629 285253658.0 0
1700983900313 296526932.0 0
1700983927060 310970942.0 0
1700983953691 327622856.0 0
1700983980531 343642504.0 0
1700984007167 363915480.0 0
1700984033527 380508772.0 0
1700984060577 395156729.0 0
1700984087040 411064097.0 0
1700984113617 433330972.0 0
1700984140199 450238616.0 0
1700984167120 473666495.0 0
1700984194140 488847815.0 0
1700984220842 507483536.0 0
1700984247562 522869216.0 0
1700984274240 538671056.0 0
1700984300850 560678576.0 0
1700984327525 578863136.0 0
1700984354393 600862595.0 0
1700984380896 622012210.0 0
1700984407364 645493032.0 0
1700984434390 663658800.0 0
1700984460958 686978443.0 0
1700984487852 707315512.0 0
1700984514686 724517480.0 0
1700984541213 749093455.0 0
1700984567812 771605456.0 0
1700984598844 785359844.0 0
1700984629057 809299495.0 0
1700984660234 826704588.0 0
1700984690052 844146392.0 0
1700984720625 859132638.0 0
1700984748530 873886381.0 0
1700984775026 894685202.0 0
1700984801723 911233705.0 0
1700984828921 924893124.0 0
1700984855413 940377086.0 0
1700984882229 956232539.0 0
1700984909014 967729679.0 0
1700984935868 981143009.0 0
1700984962759 996802766.0 0
1700984989432 1010289482.0 0
1700985016249 1025692388.0 0
1700985043134 1040145800.0 0
1700985069977 1053140088.0 0
1700985096648 1063986324.0 0
1700985123001 1076784964.0 0
1700985149630 1087154308.0 0
1700985175953 1101966492.0 0
1700985202660 1116741992.0 0
1700985229232 1129479492.0 0
1700985255556 1141984660.0 0
1700985282101 1153866200.0 0
1700985308626 1165649916.0 0
1700985335107 1180551026.0 0
1700985361656 1193628458.0 0
1700985388275 1206614575.0 0
1700985415053 1220047329.0 0
1700985441781 1229174922.0 0
1700985468464 1238168106.0 0
1700985495202 1253515170.0 0
1700985521823 1262459478.0 0
1700985548451 1274644320.0 0
1700985575395 1283537568.0 0
1700985602195 1292638488.0 0
1700985628693 1305057815.0 0
1700985655030 1316069870.0 0
1700985682013 1326972008.0 0
1700985708475 1335643238.0 0
1700985735249 1348238912.0 0
1700985762005 1358701382.0 0
1700985789729 1366969583.0 0
1700985820784 1388216406.0 0
1700985850814 1399946146.0 0
1700985881250 1413075966.0 0
1700985911827 1427850066.0 0
1700985941640 1438432066.0 0
1700985968583 1455583046.0 0
1700985995226 1470479246.0 0
1700986021921 1483364866.0 0
1700986048328 1493983496.0 0
1700986075088 1502347346.0 0
1700986101902 1513843600.0 0
1700986129368 1524166653.0 0
1700986156379 1533755564.0 0
1700986182804 1542164120.0 0
1700986209662 1554811532.0 0
1700986236489 1565144252.0 0
1700986263189 1573259912.0 0
1700986290046 1585406960.0 0
1700986316871 1597554008.0 0
1700986343914 1608802791.0 0
1700986370731 1621105466.0 0
1700986397345 1633298332.0 0
1700986423828 1643957939.0 0
1700986451161 1654392134.0 0
1700986477888 1664963734.0 0
1700986504983 1677373166.0 0
1700986531599 1693677826.0 0
1700986559169 1707126236.0 0
1700986585515 1715309081.0 0
1700986612187 1725390281.0 0
1700986638829 1739390141.0 0
1700986665365 1753316831.0 0
1700986691784 1765040291.0 0
1700986718735 1778686496.0 0
1700986745230 1786113251.0 0
1700986771886 1796821440.0 0
1700986798575 1806522208.0 0
1700986825134 1816235168.0 0
1700986851843 1823586944.0 0
1700986878452 1832946336.0 0
1700986905188 1841487544.0 0
1700986932341 1849812631.0 0
1700986959005 1867252052.0 0
1700986985535 1879964154.0 0
1700987012033 1892822342.0 0
1700987038909 1900584824.0 0
1700987065866 1911278356.0 0
1700987092977 1923474596.0 0
1700987119710 1936448189.0 0
1700987146640 1945917836.0 0
1700987173056 1957356098.0 0
1700987199556 1967705348.0 0
1700987226089 1980321966.0 0
1700987253086 1993543496.0 0
1700987279576 2008197038.0 0
1700987306204 2019873731.0 0
1700987333057 2032245860.0 0
1700987359789 2042319559.0 0
1700987386204 2053467911.0 0
1700987412608 2062627222.0 0
1700987439123 2071616391.0 0
1700987465923 2078361306.0 0
1700987492319 2085094068.0 0
1700987518985 2096898326.0 0
1700987545662 2103349976.0 0
1700987572108 2109910976.0 0
1700987598595 2120898626.0 0
1700987625657 2129618276.0 0
1700987656724 2140132076.0 0
1700987687823 2148365726.0 0
1700987718134 2154465026.0 0
1700987748440 2164650776.0 0
1700987777610 2170701476.0 0
1700987804038 2177850161.0 0
1700987830502 2185923867.0 0
1700987856826 2193948985.0 0
1700987883230 2199815986.0 0
1700987909410 2211587152.0 0
1700987935671 2219658113.0 0
1700987962136 2227252224.0 0
1700987988281 2237694950.0 0
1700988014799 2249206896.0 0
1700988041328 2260644200.0 0
1700988067952 2272038394.0 0
1700988094327 2281717776.0 0
1700988120695 2296121017.0 0
1700988147335 2305982966.0 0
1700988173669 2314507184.0 0
1700988200100 2324047764.0 0
1700988226637 2332327651.0 0
1700988294235 2339504940.0 0
1700988321175 2349740236.0 0
1700988347643 2356864537.0 0
1700988374815 2362714150.0 0
1700988401449 2370533819.0 0
1700988428324 2379271648.0 0
1700988455601 2388865220.0 0
1700988482537 2394277496.0 0
1700988508894 2403895284.0 0
1700988535744 2411277128.0 0
1700988562638 2418489460.0 0
1700988589480 2424698248.0 0
1700988616062 2431706480.0 0
1700988642856 2440733212.0 0
1700988669653 2447850443.0 0
1700988696595 2452973396.0 0
1700988723367 2462012239.0 0
1700988749981 2464704918.0 0
1700988776470 2469488763.0 0
1700988802884 2474248386.0 0
1700988829379 2483129786.0 0
1700988855872 2492253406.0 0
1700988882525 2497485358.0 0
1700988909045 2502511423.0 0
1700988935597 2507404267.0 0
1700988962391 2512188112.0 0
1700988988865 2523221233.0 0
1700989015349 2532223743.0 0
1700989041968 2538965533.0 0
1700989068918 2543652490.0 0
1700989095660 2548315225.0 0
1700989122670 2554337184.0 0
1700989149595 2559337788.0 0
1700989176619 2564229420.0 0
1700989203621 2567971378.0 0
1700989230555 2574519392.0 0
1700989257852 2580123188.0 0
1700989286234 2588917632.0 0
1700989316574 2594480636.0 0
1700989347112 2601158561.0 0
1700989378631 2605843196.0 0
1700989410503 2614538621.0 0
1700989438496 2619223256.0 0
1700989465356 2625804341.0 0
1700989492075 2632349111.0 0
1700989519050 2640923486.0 0
1700989545984 2645414441.0 0
1700989573265 2654948134.0 0
1700989599883 2660299383.0 0
1700989626676 2667821696.0 0
1700989653499 2672224640.0 0
1700989680558 2676434048.0 0
1700989707679 2680631360.0 0
1700989734525 2686735808.0 0
1700989761184 2690739584.0 0
1700989787828 2694900608.0 0
1700989814946 2701077632.0 0
1700989841790 2706258517.0 0
1700989868741 2710551532.0 0
1700989895661 2715789696.0 0
1700989922332 2721975746.0 0
1700989949068 2728173886.0 0
1700989976105 2732224036.0 0
1700990003329 2736250006.0 0
1700990029992 2738055446.0 0
1700990056931 2743201340.0 0
1700990083942 2749373768.0 0
1700990111017 2757572783.0 0
1700990137706 2762858024.0 0
1700990165225 2767051172.0 0
1700990192408 2771256404.0 0
1700990219176 2775389132.0 0
1700990246131 2779521860.0 0
1700990272924 2783606252.0 0
1700990299842 2787666476.0 0
1700990326447 2791775036.0 0
1700990353243 2798931541.0 0
1700990380194 2805334176.0 0
1700990406942 2813816177.0 0
1700990433651 2821346702.0 0
1700990460642 2828717116.0 0
1700990487588 2833869296.0 0
1700990514270 2838971136.0 0
1700990540821 2842937889.0 0
1700990567945 2851825628.0 0
1700990594677 2859905826.0 0
1700990621571 2867901646.0 0
1700990648425 2871674548.0 0
1700990675317 2875447450.0 0
1700990702069 2882304785.0 0
1700990728681 2888121401.0 0
1700990755668 2889896915.0 0
1700990782597 2895018496.0 0
1700990809275 2900318646.0 0
1700990836299 2904401901.0 0
1700990863564 2908364706.0 0
1700990890262 2914419326.0 0
1700990916928 2920257136.0 0
1700990943843 2923061444.0 0
1700990970763 2927035304.0 0
1700990997450 2931177752.0 0
1700991024493 2937134528.0 0
1700991051276 2941012052.0 0
1700991078131 2942701946.0 0
1700991104789 2946254336.0 0
1700991131584 2949818768.0 0
1700991158241 2953383200.0 0
1700991185276 2956911506.0 0
1700991212157 2963446491.0 0
1700991238814 2966831136.0 0
1700991265507 2970179646.0 0
1700991292046 2977555201.0 0
1700991318925 2978679401.0 0
1700991346026 2982862016.0 0
1700991372676 2990416364.0 0
1700991399234 2995951670.0 0
1700991426082 2999371598.0 0
1700991452849 3000998786.0 0
1700991479629 2999517251.0 0
1700991506757 2995000832.0 0
1700991533920 2990097296.0 0
1700991560809 2984193776.0 0
1700991588088 2976648047.0 0
1700991614741 2971377743.0 0
1700991641742 2962742518.0 0
1700991668718 2954292664.0 0
1700991695391 2944481943.0 0
1700991722622 2936001416.0 0
1700991749786 2925557456.0 0
1700991776759 2915514422.0 0
1700991804013 2902912862.0 0
1700991831267 2889629612.0 0
1700991860487 2877796888.0 0
1700991890460 2865511951.0 0
1700991922117 2850882248.0 0
1700991953059 2835327567.0 0
1700991983999 2819221828.0 0
1700992012138 2803096454.0 0
1700992038958 2785395109.0 0
1700992065997 2767932224.0 0
1700992093327 2750715210.0 0
1700992120187 2733102850.0 0
1700992146969 2730246778.0 0
1700992173838 2724113081.0 0
1700992200868 2718202820.0 0
1700992227995 2714910104.0 0
1700992254898 2711167805.0 0
1700992282162 2705438078.0 0
1700992309129 2704140797.0 0
1700992335890 2697728696.0 0
1700992362778 2698175501.0 0
1700992389865 2691626288.0 0
1700992416610 2687730548.0 0
1700992443541 2687148356.0 0
1700992470352 2682563594.0 0
1700992497110 2683404860.0 0
1700992523887 2678372570.0 0
1700992550900 2677038710.0 0
1700992577903 2672072009.0 0
1700992604636 2669294468.0 0
1700992631973 2666953571.0 0
1700992659193 2663884934.0 0
1700992686381 2659898536.0 0
1700992713422 2657436349.0 0
1700992740246 2655107581.0 0
1700992767318 2652815200.0 0
1700992794256 2649770732.0 0
1700992821699 2649147956.0 0
1700992848709 2647218968.0 0
1700992875595 2645374904.0 0
1700992903158 2644052516.0 0
1700992929921 2642341904.0 0
1700992957986 2640241091.0 0
1700992989136 2638894106.0 0
1700993020059 2637880764.0 0
1700993051607 2636035788.0 0
1700993083034 2637747246.0 0
1700993112654 2633146944.0 0
1700993139655 2633438256.0 0
1700993166227 2630561550.0 0
1700993192944 2628105635.0 0
1700993219757 2628894800.0 0
1700993246601 2629145714.0 0
1700993273621 2628927176.0 0
1700993300424 2627846627.0 0
1700993327596 2624151216.0 0
1700993354588 2624199792.0 0
1700993381760 2621124560.0 0
1700993408747 2622395318.0 0
1700993435385 2621776127.0 0
1700993462612 2620792706.0 0
1700993489457 2618977872.0 0
1700993516290 2618237088.0 0
1700993543203 2617411296.0 0
1700993570238 2617083408.0 0
1700993597173 2615771856.0 0
1700993624209 2614946064.0 0
1700993650874 2614982496.0 0
1700993678250 2613178396.0 0
1700993704941 2614502419.0 0
1700993731496 2614028686.0 0
1700993758135 2612315959.0 0
1700993785646 2612850427.0 0
1700993812342 2612741104.0 0
1700993838792 2612230930.0 0
1700993865542 2610506056.0 0
1700993892198 2611040524.0 0
1700993918859 2610724702.0 0
1700993945519 2609898706.0 0
1700993972053 2608635418.0 0
1700993998783 2608999828.0 0
1700994025424 2606878152.0 0
1700994053161 2606813368.0 0
1700994080603 2606461105.0 0
1700994108417 2606594722.0 0
1700994135729 2605201866.0 0
1700994163343 2607687952.0 0
1700994191361 2605963078.0 0
1700994218977 2605647256.0 0
1700994246325 2603622756.0 0
1700994273623 2602047695.0 0
1700994300744 2601586109.0 0
1700994328319 2604651202.0 0
1700994355525 2603063276.0 0
1700994383163 2603415626.0 0
1700994411502 2603561426.0 0
1700994439231 2604132476.0 0
1700994467018 2603780126.0 0
1700994494499 2602577276.0 0
1700994522027 2603606560.0 0
1700994549916 2603752324.0 0
1700994577783 2604177469.0 0
1700994605168 2603315032.0 0
1700994632701 2602561918.0 0
1700994659979 2602185361.0 0
1700994686431 2602003156.0 0
1700994713938 2601978862.0 0
1700994741429 2601748069.0 0
