1700981040146 6454710808.0 0
1700981064201 6454330624.0 0
1700981090864 6452150987.0 0
1700981117510 6451685069.0 0
1700981144370 6451194629.0 0
1700981171838 6450740972.0 0
1700981198275 6450373142.0 0
1700981224775 6449944007.0 0
1700981252023 6449674265.0 0
1700981278658 6449269652.0 0
1700981305541 6447201336.0 0
1700981332314 6446600694.0 0
1700981359878 6445803924.0 0
1700981386991 6445203282.0 0
1700981413678 6444798768.0 0
1700981440415 6444394254.0 0
1700981467381 6445603613.0 0
1700981494510 6445358393.0 0
1700981521258 6445186739.0 0
1700981547707 6442799931.0 0
1700981574232 6442530189.0 0
1700981600872 6441990705.0 0
1700981627507 6441500265.0 0
1700981654435 6441156957.0 0
1700981681261 6440825910.0 0
1700981708331 6438698370.0 0
1700981735048 6438551274.0 0
1700981761938 6440077989.0 0
1700981788489 6437924140.0 0
1700981815341 6437629876.0 0
1700981841904 6437495005.0 0
1700981868551 6437176219.0 0
1700981895490 6435925597.0 0
1700981922027 6435251242.0 0
1700981948628 6432815390.0 0
1700981975588 6428385082.0 0
1700982002259 6427269331.0 0
1700982029290 6424409628.0 0
1700982055783 6423386681.0 0
1700982082643 6423325376.0 0
1700982109442 6423497030.0 0
1700982136039 6423497030.0 0
1700982162937 6422221886.0 0
1700982189818 6419209767.0 0
1700982216688 6416921047.0 0
1700982243288 6414902069.0 0
1700982270219 6415147289.0 0
1700982296858 6413312226.0 0
1700982324318 6413532924.0 0
1700982351100 6411084811.0 0
1700982378240 6410116192.0 0
1700982405284 6404997042.0 0
1700982432284 6400052982.0 0
1700982459112 6399207989.0 0
1700982486277 6397041879.0 0
1700982512954 6397127706.0 0
1700982539318 6397360665.0 0
1700982566289 6395341687.0 0
1700982593141 6393580190.0 0
1700982619700 6393935759.0 0
1700982646492 6392149740.0 0
1700982672894 6390253372.0 0
1700982699712 6386117328.0 0
1700982726395 6381821891.0 0
1700982753163 6381086231.0 0
1700982780265 6376553748.0 0
1700982807343 6373137016.0 0
1700982834433 6370713425.0 0
1700982861802 6368817057.0 0
1700982892573 6364166051.0 0
1700982923050 6362976734.0 0
1700982953836 6360589926.0 0
1700982984870 6358362511.0 0
1700983014388 6354312294.0 0
1700983041505 6352452709.0 0
1700983068137 6344192882.0 0
1700983094642 6342333297.0 0
1700983121374 6340289797.0 0
1700983148381 6340338841.0 0
1700983175229 6338503778.0 0
1700983202913 6336668715.0 0
1700983230032 6332434583.0 0
1700983256955 6326156951.0 0
1700983283594 6321849253.0 0
1700983311016 6313430033.0 0
1700983337751 6309318511.0 0
1700983364703 6303224794.0 0
1700983391723 6298831269.0 0
1700983418535 6298291785.0 0
1700983445400 6294008609.0 0
1700983472112 6292124502.0 0
1700983499223 6290105524.0 0
1700983526484 6285969480.0 0
1700983553665 6281784392.0 0
1700983580335 6275371889.0 0
1700983607023 6275028581.0 0
1700983633681 6270340792.0 0
1700983660351 6261296261.0 0
1700983687035 6257842746.0 0
1700983713825 6250915281.0 0
1700983740360 6246509495.0 0
1700983766988 6240865348.0 0
1700983793520 6229879492.0 0
1700983820340 6217196310.0 0
1700983846992 6207504318.0 0
1700983873630 6190751718.0 0
1700983900314 6179478444.0 0
1700983927061 6165034434.0 0
1700983953692 6148382520.0 0
1700983980532 6132362872.0 0
1700984007168 6112089896.0 0
1700984033528 6095496604.0 0
1700984060578 6080848647.0 0
1700984087040 6064941279.0 0
1700984113618 6042674404.0 0
1700984140199 6025766760.0 0
1700984167121 6002338881.0 0
1700984194141 5987157561.0 0
1700984220843 5968521840.0 0
1700984247562 5953136160.0 0
1700984274241 5937334320.0 0
1700984300851 5915326800.0 0
1700984327526 5897142240.0 0
1700984354394 5875142781.0 0
1700984380897 5853993166.0 0
1700984407365 5830512344.0 0
1700984434391 5812346576.0 0
1700984460959 5789026933.0 0
1700984487852 5768689864.0 0
1700984514687 5751487896.0 0
1700984541213 5726911921.0 0
1700984567813 5704399920.0 0
1700984598845 5690645532.0 0
1700984629057 5666705881.0 0
1700984660235 5649300788.0 0
1700984690052 5631858984.0 0
1700984720626 5616872738.0 0
1700984748530 5602118995.0 0
1700984775027 5581320174.0 0
1700984801724 5564771671.0 0
1700984828922 5551112252.0 0
1700984855414 5535628290.0 0
1700984882229 5519772837.0 0
1700984909014 5508275697.0 0
1700984935868 5494862367.0 0
1700984962760 5479202610.0 0
1700984989433 5465715894.0 0
1700985016250 5450312988.0 0
1700985043135 5435859576.0 0
1700985069978 5422865288.0 0
1700985096649 5412019052.0 0
1700985123002 5399220412.0 0
1700985149631 5388851068.0 0
1700985175954 5374038884.0 0
1700985202661 5359263384.0 0
1700985229233 5346525884.0 0
1700985255557 5334020716.0 0
1700985282102 5322139176.0 0
1700985308626 5310355460.0 0
1700985335108 5295454350.0 0
1700985361657 5282376918.0 0
1700985388276 5269390801.0 0
1700985415054 5255958047.0 0
1700985441782 5246830454.0 0
1700985468464 5237837270.0 0
1700985495202 5222490206.0 0
1700985521824 5213545898.0 0
1700985548452 5201361056.0 0
1700985575396 5192467808.0 0
1700985602195 5183366888.0 0
1700985628693 5170947561.0 0
1700985655030 5159935506.0 0
1700985682014 5149033368.0 0
1700985708476 5140362138.0 0
1700985735249 5127766464.0 0
1700985762005 5117303994.0 0
1700985789730 5109035793.0 0
1700985820785 5087788970.0 0
1700985850814 5076059230.0 0
1700985881251 5062929410.0 0
1700985911828 5048155310.0 0
1700985941640 5037573310.0 0
1700985968584 5020422330.0 0
1700985995227 5005526130.0 0
1700986021922 4992640510.0 0
1700986048328 4982021880.0 0
1700986075088 4973658030.0 0
1700986101902 4962161776.0 0
1700986129369 4951838723.0 0
1700986156380 4942249812.0 0
1700986182805 4933841256.0 0
1700986209662 4921193844.0 0
1700986236490 4910861124.0 0
1700986263189 4902745464.0 0
1700986290047 4890598416.0 0
1700986316871 4878451368.0 0
1700986343915 4867202585.0 0
1700986370732 4854899910.0 0
1700986397346 4842707044.0 0
1700986423828 4832047437.0 0
1700986451162 4821613242.0 0
1700986477889 4811041642.0 0
1700986504984 4798632210.0 0
1700986531599 4782327550.0 0
1700986559170 4768879140.0 0
1700986585516 4760696295.0 0
1700986612187 4750615095.0 0
1700986638830 4736615235.0 0
1700986665366 4722688545.0 0
1700986691785 4710965085.0 0
1700986718735 4697318880.0 0
1700986745231 4689892125.0 0
1700986771887 4679183936.0 0
1700986798576 4669483168.0 0
1700986825135 4659770208.0 0
1700986851844 4652418432.0 0
1700986878453 4643059040.0 0
1700986905188 4634517832.0 0
1700986932342 4626192745.0 0
1700986959006 4608753324.0 0
1700986985536 4596041222.0 0
1700987012033 4583183034.0 0
1700987038910 4575420552.0 0
1700987065867 4564727020.0 0
1700987092977 4552530780.0 0
1700987119711 4539557187.0 0
1700987146641 4530087540.0 0
1700987173057 4518649278.0 0
1700987199557 4508300028.0 0
1700987226090 4495683410.0 0
1700987253087 4482461880.0 0
1700987279576 4467808338.0 0
1700987306205 4456131645.0 0
1700987333058 4443759516.0 0
1700987359790 4433685817.0 0
1700987386205 4422537465.0 0
1700987412609 4413378154.0 0
1700987439123 4404388985.0 0
1700987465923 4397644070.0 0
1700987492320 4390911308.0 0
1700987518986 4379107050.0 0
1700987545663 4372655400.0 0
1700987572109 4366094400.0 0
1700987598596 4355106750.0 0
1700987625658 4346387100.0 0
1700987656725 4335873300.0 0
1700987687823 4327639650.0 0
1700987718135 4321540350.0 0
1700987748441 4311354600.0 0
1700987777611 4305303900.0 0
1700987804039 4298155215.0 0
1700987830503 4290081509.0 0
1700987856826 4282056391.0 0
1700987883231 4276189390.0 0
1700987909410 4264418224.0 0
1700987935672 4256347263.0 0
1700987962137 4248753152.0 0
1700987988282 4238310426.0 0
1700988014799 4226798480.0 0
1700988041328 4215361176.0 0
1700988067953 4203966982.0 0
1700988094328 4194287600.0 0
1700988120696 4179884359.0 0
1700988147335 4170022410.0 0
1700988173669 4161498192.0 0
1700988200101 4151957612.0 0
1700988226637 4143677725.0 0
1700988294236 4136500436.0 0
1700988321176 4126265140.0 0
1700988347644 4119140839.0 0
1700988374815 4113291226.0 0
1700988401450 4105471557.0 0
1700988428325 4096733728.0 0
1700988455601 4087140156.0 0
1700988482538 4081727880.0 0
1700988508894 4072110092.0 0
1700988535745 4064728248.0 0
1700988562639 4057515916.0 0
1700988589480 4051307128.0 0
1700988616063 4044298896.0 0
1700988642857 4035272164.0 0
1700988669654 4028154933.0 0
1700988696596 4023031980.0 0
1700988723367 4013993137.0 0
1700988749982 4011300458.0 0
1700988776471 4006516613.0 0
1700988802885 4001756990.0 0
1700988829380 3992875590.0 0
1700988855873 3983751970.0 0
1700988882525 3978520018.0 0
1700988909045 3973493953.0 0
1700988935598 3968601109.0 0
1700988962392 3963817264.0 0
1700988988866 3952784143.0 0
1700989015350 3943781633.0 0
1700989041969 3937039843.0 0
1700989068918 3932352886.0 0
1700989095661 3927690151.0 0
1700989122671 3921668192.0 0
1700989149596 3916667588.0 0
1700989176620 3911775956.0 0
1700989203622 3908033998.0 0
1700989230556 3901485984.0 0
1700989257852 3895882188.0 0
1700989286235 3887087744.0 0
1700989316575 3881524740.0 0
1700989347113 3874846815.0 0
1700989378631 3870162180.0 0
1700989410503 3861466755.0 0
1700989438497 3856782120.0 0
1700989465356 3850201035.0 0
1700989492076 3843656265.0 0
1700989519050 3835081890.0 0
1700989545985 3830590935.0 0
1700989573266 3821057242.0 0
1700989599884 3815705993.0 0
1700989626676 3808183680.0 0
1700989653500 3803780736.0 0
1700989680559 3799571328.0 0
1700989707679 3795374016.0 0
1700989734526 3789269568.0 0
1700989761184 3785265792.0 0
1700989787828 3781104768.0 0
1700989814947 3774927744.0 0
1700989841791 3769746859.0 0
1700989868742 3765453844.0 0
1700989895662 3760215680.0 0
1700989922333 3754029630.0 0
1700989949068 3747831490.0 0
1700989976106 3743781340.0 0
1700990003330 3739755370.0 0
1700990029992 3737949930.0 0
1700990056931 3732804036.0 0
1700990083943 3726631608.0 0
1700990111017 3718432593.0 0
1700990137707 3713147352.0 0
1700990165226 3708954204.0 0
1700990192408 3704748972.0 0
1700990219177 3700616244.0 0
1700990246132 3696483516.0 0
1700990272924 3692399124.0 0
1700990299843 3688338900.0 0
1700990326448 3684230340.0 0
1700990353243 3677073835.0 0
1700990380195 3670671200.0 0
1700990406943 3662189199.0 0
1700990433651 3654658674.0 0
1700990460643 3647288260.0 0
1700990487589 3642136080.0 0
1700990514271 3637034240.0 0
1700990540821 3633067487.0 0
1700990567945 3624179748.0 0
1700990594677 3616099550.0 0
1700990621572 3608103730.0 0
1700990648426 3604330828.0 0
1700990675317 3600557926.0 0
1700990702070 3593700591.0 0
1700990728682 3587883975.0 0
1700990755668 3586108461.0 0
1700990782598 3580986880.0 0
1700990809276 3575686730.0 0
1700990836299 3571603475.0 0
1700990863565 3567640670.0 0
1700990890263 3561586050.0 0
1700990916928 3555748240.0 0
1700990943843 3552943932.0 0
1700990970764 3548970072.0 0
1700990997451 3544827624.0 0
1700991024493 3538870848.0 0
1700991051277 3534993324.0 0
1700991078132 3533303430.0 0
1700991104790 3529751040.0 0
1700991131585 3526186608.0 0
1700991158241 3522622176.0 0
1700991185277 3519093870.0 0
1700991212157 3512558885.0 0
1700991238815 3509174240.0 0
1700991265508 3505825730.0 0
1700991292047 3498450175.0 0
1700991318925 3497325975.0 0
1700991346027 3493143360.0 0
1700991372677 3485589012.0 0
1700991399234 3480053706.0 0
1700991426082 3476633778.0 0
1700991452850 3475006590.0 0
1700991479629 3476488125.0 0
1700991506758 3481004544.0 0
1700991533921 3485908080.0 0
1700991560810 3491811600.0 0
1700991588088 3499357329.0 0
1700991614741 3504627633.0 0
1700991641742 3513262858.0 0
1700991668719 3521712712.0 0
1700991695392 3531523433.0 0
1700991722622 3540003960.0 0
1700991749786 3550447920.0 0
1700991776759 3560490954.0 0
1700991804013 3573092514.0 0
1700991831268 3586375764.0 0
1700991860488 3598208488.0 0
1700991890461 3610493425.0 0
1700991922118 3625123128.0 0
1700991953059 3640677809.0 0
1700991983999 3656783548.0 0
1700992012139 3672908922.0 0
1700992038959 3690610267.0 0
1700992065998 3708073152.0 0
1700992093328 3725290166.0 0
1700992120188 3742902526.0 0
1700992146970 3745758598.0 0
1700992173839 3751892295.0 0
1700992200868 3757802556.0 0
1700992227996 3761095272.0 0
1700992254899 3764837571.0 0
1700992282162 3770567298.0 0
1700992309130 3771864579.0 0
1700992335891 3778276680.0 0
1700992362779 3777829875.0 0
1700992389866 3784379088.0 0
1700992416611 3788274828.0 0
1700992443541 3788857020.0 0
1700992470353 3793441782.0 0
1700992497110 3792600516.0 0
1700992523888 3797632806.0 0
1700992550901 3798966666.0 0
1700992577903 3803933367.0 0
1700992604637 3806710908.0 0
1700992631974 3809051805.0 0
1700992659194 3812120442.0 0
1700992686381 3816106840.0 0
1700992713422 3818569027.0 0
1700992740246 3820897795.0 0
1700992767319 3823190176.0 0
1700992794257 3826234644.0 0
1700992821700 3826857420.0 0
1700992848710 3828786408.0 0
1700992875595 3830630472.0 0
1700992903159 3831952860.0 0
1700992929922 3833663472.0 0
1700992957987 3835764285.0 0
1700992989136 3837111270.0 0
1700993020060 3838124612.0 0
1700993051608 3839969588.0 0
1700993083035 3838258130.0 0
1700993112654 3842858432.0 0
1700993139656 3842567120.0 0
1700993166228 3845443826.0 0
1700993192945 3847899741.0 0
1700993219758 3847110576.0 0
1700993246602 3846859662.0 0
1700993273622 3847078200.0 0
1700993300425 3848158749.0 0
1700993327597 3851854160.0 0
1700993354588 3851805584.0 0
1700993381761 3854880816.0 0
1700993408748 3853610058.0 0
1700993435385 3854229249.0 0
1700993462613 3855212670.0 0
1700993489457 3857027504.0 0
1700993516291 3857768288.0 0
1700993543204 3858594080.0 0
1700993570238 3858921968.0 0
1700993597174 3860233520.0 0
1700993624210 3861059312.0 0
1700993650874 3861022880.0 0
1700993678251 3862826980.0 0
1700993704942 3861502957.0 0
1700993731497 3861976690.0 0
1700993758136 3863689417.0 0
1700993785647 3863154949.0 0
1700993812343 3863264272.0 0
1700993838793 3863774446.0 0
1700993865542 3865499320.0 0
1700993892199 3864964852.0 0
1700993918860 3865280674.0 0
1700993945520 3866106670.0 0
1700993972054 3867369958.0 0
1700993998784 3867005548.0 0
1700994025425 3869127224.0 0
1700994053162 3869192008.0 0
1700994080604 3869544271.0 0
1700994108418 3869410654.0 0
1700994135730 3870803510.0 0
1700994163344 3868317424.0 0
1700994191362 3870042298.0 0
1700994218978 3870358120.0 0
1700994246325 3872382620.0 0
1700994273624 3873957681.0 0
1700994300745 3874419267.0 0
1700994328320 3871354174.0 0
1700994355525 3872942100.0 0
1700994383164 3872589750.0 0
1700994411503 3872443950.0 0
1700994439232 3871872900.0 0
1700994467019 3872225250.0 0
1700994494500 3873428100.0 0
1700994522028 3872398816.0 0
1700994549916 3872253052.0 0
1700994577784 3871827907.0 0
1700994605169 3872690344.0 0
1700994632701 3873443458.0 0
1700994659980 3873820015.0 0
1700994686431 3874002220.0 0
1700994713938 3874026514.0 0
1700994741430 3874257307.0 0
