1700981037606 0.0 0
1700981061690 0.00135236664162284 0
1700981088342 0.0028549962434259958 0
1700981114996 0.004357625845229151 0
1700981141827 0.005860255447032307 0
1700981169391 0.007362885048835462 0
1700981195850 0.008865514650638617 0
1700981222328 0.010368144252441773 0
1700981249587 0.01187077385424493 0
1700981276214 0.013373403456048084 0
1700981303059 0.014876033057851241 0
1700981329801 0.016378662659654396 0
1700981357341 0.017881292261457554 0
1700981384510 0.019383921863260708 0
1700981411189 0.020886551465063866 0
1700981437922 0.02238918106686702 0
1700981464895 0.023891810668670174 0
1700981492094 0.02539444027047333 0
1700981518796 0.026897069872276486 0
1700981545224 0.028399699474079637 0
1700981571783 0.029902329075882795 0
1700981598423 0.03140495867768595 0
1700981625091 0.03290758827948911 0
1700981652014 0.03441021788129226 0
1700981678789 0.035912847483095416 0
1700981705869 0.03741547708489858 0
1700981732589 0.03891810668670173 0
1700981759421 0.040420736288504885 0
1700981785979 0.04192336589030804 0
1700981812856 0.0434259954921112 0
1700981839387 0.04492862509391435 0
1700981866053 0.04643125469571751 0
1700981893003 0.047933884297520664 0
1700981919526 0.04943651389932382 0
1700981946156 0.05093914350112697 0
1700981973094 0.05244177310293013 0
1700981999763 0.05394440270473329 0
1700982026827 0.05544703230653644 0
1700982053336 0.056949661908339604 0
1700982080168 0.05845229151014275 0
1700982106961 0.059954921111945905 0
1700982133558 0.061457550713749066 0
1700982160493 0.06296018031555221 0
1700982187386 0.06446280991735537 0
1700982214203 0.06596543951915854 0
1700982240822 0.06746806912096169 0
1700982267735 0.06897069872276483 0
1700982294393 0.070473328324568 0
1700982321875 0.07197595792637115 0
1700982348645 0.07347858752817431 0
1700982375754 0.07498121712997746 0
1700982402812 0.07648384673178062 0
1700982429822 0.07798647633358378 0
1700982456700 0.07948910593538694 0
1700982483798 0.08099173553719008 0
1700982510477 0.08249436513899325 0
1700982536841 0.0839969947407964 0
1700982563830 0.08549962434259956 0
1700982590663 0.08700225394440271 0
1700982617266 0.08850488354620586 0
1700982644022 0.09000751314800902 0
1700982670435 0.09151014274981217 0
1700982697233 0.09301277235161533 0
1700982723903 0.0945154019534185 0
1700982750726 0.09601803155522165 0
1700982777842 0.09752066115702479 0
1700982804869 0.09902329075882796 0
1700982831963 0.10052592036063111 0
1700982859283 0.10202854996243427 0
1700982889939 0.10353117956423741 0
1700982920499 0.10503380916604058 0
1700982951293 0.10653643876784374 0
1700982982327 0.10803906836964688 0
1700983011838 0.10954169797145004 0
1700983039027 0.11104432757325321 0
1700983065698 0.11254695717505635 0
1700983092188 0.1140495867768595 0
1700983118891 0.11555221637866267 0
1700983145914 0.11705484598046581 0
1700983172717 0.11855747558226898 0
1700983200362 0.12006010518407213 0
1700983227542 0.1215627347858753 0
1700983254487 0.12306536438767844 0
1700983281086 0.1245679939894816 0
1700983308525 0.12607062359128476 0
1700983335222 0.1275732531930879 0
1700983362202 0.12907588279489107 0
1700983389261 0.13057851239669424 0
1700983416037 0.13208114199849738 0
1700983442938 0.13358377160030052 0
1700983469682 0.1350864012021037 0
1700983496719 0.13658903080390683 0
1700983523987 0.13809166040571 0
1700983551203 0.13959429000751317 0
1700983577824 0.1410969196093163 0
1700983604536 0.14259954921111948 0
1700983631214 0.14410217881292262 0
1700983657894 0.14560480841472576 0
1700983684514 0.14710743801652892 0
1700983711322 0.1486100676183321 0
1700983737887 0.15011269722013523 0
1700983764442 0.1516153268219384 0
1700983791026 0.15311795642374157 0
1700983817841 0.1546205860255447 0
1700983844509 0.15612321562734788 0
1700983871138 0.15762584522915102 0
1700983897827 0.1591284748309542 0
1700983924539 0.16063110443275733 0
1700983951180 0.1621337340345605 0
1700983978046 0.16363636363636366 0
1700984004718 0.1651389932381668 0
1700984031063 0.16664162283996997 0
1700984058086 0.1681442524417731 0
1700984084545 0.16964688204357625 0
1700984111169 0.17114951164537942 0
1700984137674 0.1726521412471826 0
1700984164670 0.17415477084898573 0
1700984191624 0.1756574004507889 0
1700984218401 0.17716003005259207 0
1700984245078 0.1786626596543952 0
1700984271710 0.18016528925619835 0
1700984298388 0.18166791885800151 0
1700984325066 0.18317054845980466 0
1700984351893 0.18467317806160782 0
1700984378407 0.186175807663411 0
1700984404884 0.18767843726521413 0
1700984431913 0.1891810668670173 0
1700984458406 0.19068369646882044 0
1700984485326 0.19218632607062358 0
1700984512191 0.19368895567242675 0
1700984538698 0.19519158527422992 0
1700984565351 0.19669421487603309 0
1700984596289 0.19819684447783623 0
1700984626506 0.1996994740796394 0
1700984657725 0.20120210368144253 0
1700984687541 0.20270473328324567 0
1700984718086 0.20420736288504884 0
1700984745997 0.205709992486852 0
1700984772644 0.20721262208865518 0
1700984799273 0.2087152516904583 0
1700984826409 0.21021788129226146 0
1700984852906 0.21172051089406463 0
1700984879717 0.21322314049586777 0
1700984906509 0.21472577009767094 0
1700984933421 0.2162283996994741 0
1700984960290 0.21773102930127727 0
1700984986974 0.2192336589030804 0
1700985013806 0.22073628850488355 0
1700985040654 0.22223891810668672 0
1700985067521 0.22374154770848986 0
1700985094144 0.22524417731029303 0
1700985120530 0.2267468069120962 0
1700985147218 0.2282494365138993 0
1700985173589 0.22975206611570248 0
1700985200233 0.23125469571750565 0
1700985226834 0.23275732531930882 0
1700985253151 0.23425995492111196 0
1700985279726 0.23576258452291513 0
1700985306210 0.23726521412471824 0
1700985332696 0.2387678437265214 0
1700985359186 0.24027047332832457 0
1700985385811 0.24177310293012774 0
1700985412645 0.2432757325319309 0
1700985439309 0.24477836213373405 0
1700985466021 0.2462809917355372 0
1700985492789 0.24778362133734033 0
1700985519404 0.2492862509391435 0
1700985546021 0.25078888054094667 0
1700985572751 0.2522915101427498 0
1700985599732 0.253794139744553 0
1700985626225 0.25529676934635614 0
1700985652614 0.2567993989481593 0
1700985679587 0.2583020285499624 0
1700985706081 0.2598046581517656 0
1700985732786 0.26130728775356876 0
1700985759590 0.2628099173553719 0
1700985787202 0.2643125469571751 0
1700985818233 0.2658151765589782 0
1700985848252 0.2673178061607814 0
1700985878695 0.2688204357625845 0
1700985909311 0.2703230653643877 0
1700985939263 0.27182569496619086 0
1700985966213 0.273328324567994 0
1700985992840 0.27483095416979714 0
1700986019482 0.2763335837716003 0
1700986045888 0.2778362133734035 0
1700986072621 0.2793388429752066 0
1700986099392 0.2808414725770098 0
1700986126749 0.28234410217881295 0
1700986153761 0.2838467317806161 0
1700986180430 0.28534936138241923 0
1700986207238 0.28685199098422237 0
1700986234025 0.28835462058602557 0
1700986260717 0.2898572501878287 0
1700986287589 0.2913598797896319 0
1700986314349 0.29286250939143504 0
1700986341407 0.2943651389932382 0
1700986368162 0.2958677685950413 0
1700986394886 0.29737039819684447 0
1700986421399 0.29887302779864766 0
1700986448625 0.3003756574004508 0
1700986475386 0.301878287002254 0
1700986502518 0.3033809166040571 0
1700986529089 0.3048835462058603 0
1700986556655 0.3063861758076634 0
1700986583089 0.3078888054094666 0
1700986609734 0.30939143501126976 0
1700986636378 0.3108940646130729 0
1700986662910 0.31239669421487604 0
1700986689325 0.3138993238166792 0
1700986716295 0.3154019534184824 0
1700986742750 0.3169045830202855 0
1700986769460 0.3184072126220887 0
1700986796129 0.31990984222389185 0
1700986822721 0.321412471825695 0
1700986849405 0.32291510142749813 0
1700986875991 0.32441773102930127 0
1700986902648 0.32592036063110447 0
1700986929728 0.3274229902329076 0
1700986956523 0.3289256198347108 0
1700986983113 0.33042824943651394 0
1700987009600 0.3319308790383171 0
1700987036444 0.3334335086401202 0
1700987063322 0.33493613824192336 0
1700987090520 0.33643876784372656 0
1700987117236 0.3379413974455297 0
1700987144189 0.3394440270473329 0
1700987170663 0.340946656649136 0
1700987197136 0.3424492862509392 0
1700987223690 0.3439519158527423 0
1700987250608 0.34545454545454546 0
1700987277152 0.34695717505634865 0
1700987303785 0.3484598046581518 0
1700987330622 0.34996243425995494 0
1700987357317 0.3514650638617581 0
1700987383750 0.35296769346356127 0
1700987410140 0.3544703230653644 0
1700987436638 0.35597295266716755 0
1700987463459 0.35747558226897075 0
1700987489831 0.35897821187077383 0
1700987516482 0.36048084147257703 0
1700987543194 0.36198347107438017 0
1700987569664 0.36348610067618337 0
1700987596186 0.3649887302779865 0
1700987622887 0.36649135987978965 0
1700987653893 0.36799398948159284 0
1700987685285 0.3694966190833959 0
1700987715592 0.3709992486851991 0
1700987745903 0.37250187828700226 0
1700987775110 0.37400450788880546 0
1700987801613 0.3755071374906086 0
1700987828045 0.37700976709241174 0
1700987854444 0.3785123966942149 0
1700987880801 0.380015026296018 0
1700987906985 0.3815176558978212 0
1700987933254 0.38302028549962436 0
1700987959740 0.38452291510142755 0
1700987985878 0.3860255447032307 0
1700988012372 0.38752817430503383 0
1700988038894 0.389030803906837 0
1700988065542 0.3905334335086401 0
1700988091868 0.3920360631104433 0
1700988118245 0.39353869271224645 0
1700988144898 0.39504132231404965 0
1700988171259 0.39654395191585273 0
1700988197656 0.39804658151765593 0
1700988224159 0.39954921111945907 0
1700988291790 0.4 0
1700988318708 0.4 0
1700988345239 0.4 0
1700988372421 0.4 0
1700988399031 0.4 0
1700988425894 0.4 0
1700988453145 0.4 0
1700988480097 0.4 0
1700988506493 0.4 0
1700988533317 0.4 0
1700988560173 0.4 0
1700988587069 0.4 0
1700988613629 0.4 0
1700988640473 0.4 0
1700988667302 0.4 0
1700988694207 0.4 0
1700988720891 0.4 0
1700988747561 0.4 0
1700988774078 0.4 0
1700988800479 0.4 0
1700988827005 0.4 0
1700988853467 0.4 0
1700988880175 0.4 0
1700988906667 0.4 0
1700988933251 0.4 0
1700988959760 0.4 0
1700988986488 0.4 0
1700989012901 0.4 0
1700989039505 0.4 0
1700989066481 0.4 0
1700989093183 0.4 0
1700989120162 0.4 0
1700989147126 0.4 0
1700989174126 0.4 0
1700989201160 0.4 0
1700989228132 0.4 0
1700989255355 0.4 0
1700989283741 0.4 0
1700989313940 0.4 0
1700989344223 0.4 0
1700989376087 0.4 0
1700989407769 0.4 0
1700989436103 0.4 0
1700989462898 0.4 0
1700989489610 0.4 0
1700989516589 0.4 0
1700989543471 0.4 0
1700989570760 0.4 0
1700989597486 0.4 0
1700989624293 0.4 0
1700989651084 0.4 0
1700989678176 0.4 0
1700989705216 0.4 0
1700989732069 0.4 0
1700989758724 0.4 0
1700989785400 0.4 0
1700989812488 0.4 0
1700989839354 0.4 0
1700989866288 0.4 0
1700989893201 0.4 0
1700989919872 0.4 0
1700989946636 0.4 0
1700989973652 0.4 0
1700990000889 0.4 0
1700990027562 0.4 0
1700990054505 0.4 0
1700990081493 0.4 0
1700990108595 0.4 0
1700990135291 0.4 0
1700990162850 0.4 0
1700990189963 0.4 0
1700990216747 0.4 0
1700990243703 0.4 0
1700990270501 0.4 0
1700990297412 0.4 0
1700990324045 0.4 0
1700990350834 0.4 0
1700990377798 0.4 0
1700990404465 0.4 0
1700990431233 0.4 0
1700990458240 0.4 0
1700990485196 0.4 0
1700990511860 0.4 0
1700990538401 0.4 0
1700990565531 0.4 0
1700990592230 0.4 0
1700990619144 0.4 0
1700990646015 0.4 0
1700990672860 0.4 0
1700990699647 0.4 0
1700990726284 0.4 0
1700990753191 0.4 0
1700990780202 0.4 0
1700990806898 0.4 0
1700990833845 0.4 0
1700990861206 0.4 0
1700990887803 0.4 0
1700990914507 0.4 0
1700990941344 0.4 0
1700990968322 0.4 0
1700990994991 0.4 0
1700991022039 0.4 0
1700991048801 0.4 0
1700991075651 0.4 0
1700991102395 0.4 0
1700991129132 0.4 0
1700991155814 0.4 0
1700991182754 0.4 0
1700991209687 0.4 0
1700991236427 0.4 0
1700991263149 0.4 0
1700991289658 0.4 0
1700991316533 0.4 0
1700991343639 0.4 0
1700991370289 0.4 0
1700991396839 0.4 0
1700991423650 0.4 0
1700991450462 0.4 0
1700991477244 0.4 0
1700991504268 0.4 0
1700991531524 0.4 0
1700991558393 0.4 0
1700991585689 0.4 0
1700991612318 0.4 0
1700991639290 0.4 0
1700991666289 0.4 0
1700991692993 0.4 0
1700991720116 0.4 0
1700991747385 0.4 0
1700991774306 0.4 0
1700991801586 0.4 0
1700991828810 0.4 0
1700991857571 0.4 0
1700991888010 0.4 0
1700991919401 0.4 0
1700991950283 0.4 0
1700991981564 0.4 0
1700992009720 0.4 0
1700992036532 0.4 0
1700992063564 0.4 0
1700992090894 0.4 0
1700992117793 0.4 0
1700992144495 0.4 0
1700992171406 0.4 0
1700992198453 0.4 0
1700992225547 0.4 0
1700992252463 0.4 0
1700992279726 0.4 0
1700992306712 0.4 0
1700992333497 0.4 0
1700992360354 0.4 0
1700992387397 0.4 0
1700992414147 0.4 0
1700992441103 0.4 0
1700992467940 0.4 0
1700992494682 0.4 0
1700992521443 0.4 0
1700992548490 0.4 0
1700992575518 0.4 0
1700992602232 0.4 0
1700992629609 0.4 0
1700992656786 0.4 0
1700992683954 0.4 0
1700992710963 0.4 0
1700992737786 0.4 0
1700992764888 0.4 0
1700992791800 0.4 0
1700992819222 0.4 0
1700992846255 0.4 0
1700992873162 0.4 0
1700992900748 0.4 0
1700992927528 0.4 0
1700992955112 0.4 0
1700992986585 0.4 0
1700993017440 0.4 0
1700993048891 0.4 0
1700993080176 0.4 0
1700993110287 0.4 0
1700993137094 0.4 0
1700993163820 0.4 0
1700993190531 0.4 0
1700993217368 0.4 0
1700993244127 0.4 0
1700993271239 0.4 0
1700993297997 0.4 0
1700993325187 0.4 0
1700993352186 0.4 0
1700993379351 0.4 0
1700993406373 0.4 0
1700993432986 0.4 0
1700993460162 0.4 0
1700993487042 0.4 0
1700993513890 0.4 0
1700993540789 0.4 0
1700993567749 0.4 0
1700993594754 0.4 0
1700993621751 0.4 0
1700993648435 0.4 0
1700993675774 0.4 0
1700993702512 0.4 0
1700993729069 0.4 0
1700993755585 0.4 0
1700993783149 0.4 0
1700993809915 0.4 0
1700993836364 0.4 0
1700993863128 0.4 0
1700993889751 0.4 0
1700993916434 0.4 0
1700993943162 0.4 0
1700993969624 0.4 0
1700993996411 0.4 0
1700994023006 0.4 0
1700994050694 0.4 0
1700994078122 0.4 0
1700994106012 0.4 0
1700994133241 0.4 0
1700994160860 0.4 0
1700994188916 0.4 0
1700994216491 0.4 0
1700994243878 0.4 0
1700994271185 0.4 0
1700994298331 0.4 0
1700994325886 0.4 0
1700994353057 0.4 0
1700994380743 0.4 0
1700994409063 0.4 0
1700994436727 0.4 0
1700994464557 0.4 0
1700994491959 0.4 0
1700994519576 0.4 0
1700994547460 0.4 0
1700994575270 0.4 0
1700994602731 0.4 0
1700994630270 0.4 0
1700994657587 0.4 0
1700994684017 0.4 0
1700994711169 0.4 0
1700994738571 0.4 0
1700994769859 0.4 0
