1700294710255 0.0013113617897033691 0
1700294782700 0.004042685031890869 0
1700294865723 0.004173457622528076 0
1700294947001 0.004286587238311768 0
1700295026964 0.004388988018035889 0
1700295107010 0.004496514797210693 0
1700295186854 0.004597902297973633 0
1700295266708 0.004693329334259033 0
1700295346624 0.004765987396240234 0
1700295426473 0.005265474319458008 0
1700295506997 0.005472540855407715 0
1700295586781 0.005655944347381592 0
1700295666600 0.005867660045623779 0
1700295746670 0.005995571613311768 0
1700295826480 0.006068825721740723 0
1700295906501 0.00611567497253418 0
1700295986283 0.006172060966491699 0
1700296066110 0.0062146782875061035 0
