1700294710253 0.0 0
1700294782697 0.0013316869735717773 0
1700294865719 0.002548254653811455 0
1700294946998 0.0010085664689540863 0
1700295026961 -0.0024040017277002336 0
1700295107007 -0.005547512322664261 0
1700295186851 -0.0056862905621528625 0
1700295266705 -0.00112856924533844 0
1700295346621 0.008691370766609908 0
1700295426470 0.022861543763428926 0
1700295506994 0.04184171706438065 0
1700295586778 0.0657590925693512 0
1700295666597 0.09434832334518432 0
1700295746667 0.12814900875091553 0
1700295826476 0.16774251461029052 0
1700295906498 0.21311798095703124 0
1700295986280 0.26408920288085935 0
1700296066107 0.3205726623535156 0
