1700294710254 0.09942184388637543 0
1700294782699 0.9278939366340637 0
1700294865722 1.7049487829208374 0
1700294947000 2.130297899246216 0
1700295026963 2.3536174297332764 0
1700295107010 2.8734285831451416 0
1700295186853 4.063122272491455 0
1700295266707 5.703007221221924 0
1700295346623 7.536007881164551 0
1700295426473 9.438260078430176 0
1700295506997 11.375541687011719 0
1700295586780 13.351434707641602 0
1700295666600 15.356830596923828 0
1700295746669 17.38463020324707 0
1700295826479 19.43603515625 0
1700295906500 21.509721755981445 0
1700295986282 23.601293563842773 0
1700296066109 25.704931259155273 0
