1700294710254 0.09999923408031464 0
1700294782699 0.9738249778747559 0
1700294865721 1.8727236986160278 0
1700294946999 2.497663736343384 0
1700295026963 2.6021718978881836 0
1700295107009 2.0283753871917725 0
1700295186852 0.9034363031387329 0
1700295266707 -0.5313928723335266 0
1700295346623 -2.117902994155884 0
1700295426472 -3.7641217708587646 0
1700295506996 -5.432199478149414 0
1700295586780 -7.118758678436279 0
1700295666599 -8.817864418029785 0
1700295746668 -10.525039672851562 0
1700295826478 -12.240778923034668 0
1700295906499 -13.964876174926758 0
1700295986281 -15.695555686950684 0
1700296066109 -17.43007469177246 0
