1700294710253 4.9993894993894995e-05 0
1700294782698 4.993894993894994e-05 0
1700294865720 4.987789987789988e-05 0
1700294946998 4.981684981684982e-05 0
1700295026962 4.975579975579976e-05 0
1700295107008 4.9694749694749696e-05 0
1700295186851 4.963369963369964e-05 0
1700295266706 4.9572649572649575e-05 0
1700295346622 4.951159951159952e-05 0
1700295426471 4.945054945054945e-05 0
1700295506995 4.9389499389499396e-05 0
1700295586779 4.932844932844933e-05 0
1700295666598 4.9267399267399275e-05 0
1700295746667 4.9206349206349204e-05 0
1700295826477 4.9145299145299147e-05 0
1700295906498 4.908424908424908e-05 0
1700295986280 4.9023199023199025e-05 0
1700296066108 4.896214896214896e-05 0
