1700294712751 0.0032939070864662604 0
1700294785210 0.0033469323667219882 0
1700294868235 0.0037043298464364957 0
1700294949381 0.003772488529818046 0
1700295029375 0.0038463271034813915 0
1700295109395 0.003937205347990125 0
1700295189234 0.004028083592498858 0
1700295269132 0.004100028869401606 0
1700295349064 0.004166294256022557 0
1700295428907 0.004236346236164706 0
1700295509419 0.004574629618096228 0
1700295589162 0.004690092462332138 0
1700295669040 0.005064256296256663 0
1700295749065 0.00516644429048726 0
1700295828908 0.005228892509183736 0
1700295908881 0.0050440523290881225 0
1700295988704 0.0051008373344500445 0
1700296068472 0.005165193673860224 0
