1700294712750 6454674016.0 0
1700294785209 6454330624.0 0
1700294868234 6452016116.0 0
1700294949380 6451574720.0 0
1700295029374 6451096541.0 0
1700295109395 6450508013.0 0
1700295189233 6449919485.0 0
1700295269131 6449453567.0 0
1700295349063 6449024432.0 0
1700295428906 6448570775.0 0
1700295509418 6446380050.0 0
1700295589161 6445632312.0 0
1700295669039 6443209225.0 0
1700295749064 6442547455.0 0
1700295828907 6442143040.0 0
1700295908880 6443340066.0 0
1700295988704 6442972326.0 0
1700296068472 6442555554.0 0
