1700294710255 0.0 0
1700294782701 0.0013736263736263737 0
1700294865723 0.0028998778998779 0
1700294947001 0.004426129426129426 0
1700295026964 0.005952380952380952 0
1700295107011 0.007478632478632479 0
1700295186855 0.009004884004884004 0
1700295266709 0.010531135531135532 0
1700295346625 0.012057387057387058 0
1700295426474 0.013583638583638584 0
1700295506998 0.01510989010989011 0
1700295586782 0.016636141636141636 0
1700295666601 0.018162393162393164 0
1700295746670 0.019688644688644688 0
1700295826480 0.021214896214896216 0
1700295906502 0.02274114774114774 0
1700295986283 0.024267399267399268 0
1700296066111 0.025793650793650792 0
