1700463663932 0.356640625 0
1700463735761 1.64150390625 0
1700463815706 2.90859375 0
1700463898885 3.14267578125 0
1700463978661 2.30029296875 0
1700464058526 10.6666015625 0
1700464138415 2.636328125 0
1700464218285 1.7962890625 0
1700464299424 1.7228515625 0
1700464386568 4.8857421875 0
1700464466697 3.23916015625 0
1700464549786 1.9724609375 0
1700464629541 1.6697265625 0
1700464709550 1.697265625 0
1700464789273 5.00791015625 0
1700464868945 2.71494140625 0
1700464948702 1.82490234375 0
1700465028566 1.66220703125 0
1700465108449 2.40732421875 0
1700465188485 1.8322265625 0
1700465268598 5.2419921875 0
1700465349435 2.5158203125 0
1700465429277 1.9388671875 0
1700465509255 1.79306640625 0
1700465589099 2.74619140625 0
1700465668923 1.56533203125 0
1700465748669 1.73115234375 0
1700465828313 1.73125 0
1700465908343 1.973828125 0
1700465991648 1.58427734375 0
1700466073799 1.87607421875 0
1700466156937 1.7396484375 0
1700466236730 1.591015625 0
1700466316689 1.90830078125 0
1700466396310 1.76484375 0
1700466479200 1.70576171875 0
1700466559003 1.9978515625 0
1700466638767 1.88466796875 0
1700466718397 1.86435546875 0
1700466798376 1.6833984375 0
1700466878042 2.164453125 0
1700466961169 1.88330078125 0
1700467040825 2.29580078125 0
1700467120708 1.86416015625 0
1700467200285 1.96015625 0
1700467280013 1.992578125 0
1700467359873 1.76103515625 0
1700467439778 2.19169921875 0
1700467522139 7.03974609375 0
1700467608300 2.2392578125 0
1700467688050 6.19072265625 0
1700467767813 2.77216796875 0
1700467847621 2.65732421875 0
1700467927504 2.42763671875 0
1700468007321 2.28251953125 0
1700468087301 2.24482421875 0
1700468167473 2.94560546875 0
1700468247375 2.28095703125 0
1700468327185 2.241796875 0
1700468407117 2.7419921875 0
1700468486941 2.3587890625 0
1700468566676 2.4236328125 0
1700468646461 2.726953125 0
1700468726174 2.5662109375 0
1700468809367 2.5078125 0
1700468889355 2.5080078125 0
1700469005938 2.555859375 0
1700469086131 2.3865234375 0
1700469166492 2.812109375 0
1700469246821 2.7470703125 0
1700469327096 2.36416015625 0
1700469407413 3.2439453125 0
1700469487720 3.1505859375 0
1700469568117 3.045703125 0
1700469648346 2.803515625 0
1700469729517 3.0314453125 0
1700469813586 2.97734375 0
1700469894629 3.69453125 0
1700469974895 3.03671875 0
1700470055201 3.0970703125 0
1700470135601 3.11875 0
1700470216035 3.1609375 0
1700470296375 3.338671875 0
1700470376797 3.28125 0
1700470457065 3.5201171875 0
1700470537457 3.9568359375 0
1700470617730 3.599609375 0
1700470701353 3.3361328125 0
1700470784982 3.2568359375 0
1700470865494 3.480859375 0
1700470945924 3.669140625 0
1700471026280 3.5931640625 0
1700471106662 3.326953125 0
1700471187037 3.5470703125 0
1700471267245 7.4021484375 0
1700471347801 3.8384765625 0
1700471428085 3.6556640625 0
1700471509546 3.8013671875 0
1700471593503 3.809375 0
1700471675317 3.8779296875 0
1700471755633 4.0287109375 0
1700471835861 3.80390625 0
1700471919430 4.5759765625 0
1700471999897 4.1255859375 0
1700472080164 3.9501953125 0
1700472160573 9.7220703125 0
1700472241011 4.1029296875 0
1700472321517 4.2033203125 0
1700472401746 4.298046875 0
1700472482014 4.9421875 0
1700472563532 4.7951171875 0
1700472643925 4.70859375 0
1700472724353 4.6283203125 0
1700472804746 5.376171875 0
1700472885117 4.5640625 0
1700472965565 6.291015625 0
1700473045937 4.7509765625 0
1700473126245 4.836328125 0
1700473207490 5.04453125 0
1700473291626 4.981640625 0
1700473373220 5.559765625 0
1700473453601 5.2734375 0
1700473533793 5.8953125 0
1700473614046 5.8703125 0
1700473694313 6.854296875 0
1700473774841 6.728515625 0
1700473858523 7.119921875 0
1700473938885 7.3109375 0
1700474019137 7.7515625 0
1700474099413 7.546484375 0
1700474179911 7.825390625 0
1700474260198 11.92578125 0
1700474336829 8.9078125 0
