1700463663935 0.0013113617897033691 0
1700463735766 0.0058013200759887695 0
1700463815710 0.008024156093597412 0
1700463898889 0.00866001844406128 0
1700463978665 0.007653176784515381 0
1700464058530 0.007025539875030518 0
1700464138419 0.006496429443359375 0
1700464218289 0.006407260894775391 0
1700464299428 0.006170690059661865 0
1700464386572 0.0061209797859191895 0
1700464466701 0.006194174289703369 0
1700464549790 0.0062950849533081055 0
1700464629545 0.0063610076904296875 0
1700464709554 0.0063970088958740234 0
1700464789277 0.006161689758300781 0
1700464868949 0.0062628984451293945 0
1700464948706 0.006393909454345703 0
1700465028570 0.006547212600708008 0
1700465108453 0.006752371788024902 0
1700465188487 0.006898403167724609 0
1700465268602 0.007042586803436279 0
1700465349438 0.007218897342681885 0
1700465429281 0.007474184036254883 0
1700465509258 0.0077277421951293945 0
1700465589102 0.008048415184020996 0
1700465668927 0.008494317531585693 0
1700465748672 0.008922219276428223 0
1700465828317 0.009268343448638916 0
1700465908347 0.00953584909439087 0
1700465991652 0.009948968887329102 0
1700466073803 0.010671675205230713 0
1700466156941 0.011252999305725098 0
1700466236734 0.01269841194152832 0
1700466316692 0.013696074485778809 0
1700466396313 0.014296948909759521 0
1700466479204 0.01485353708267212 0
1700466559007 0.015588641166687012 0
1700466638770 0.016179144382476807 0
1700466718401 0.016728997230529785 0
1700466798380 0.017314136028289795 0
1700466878045 0.017935574054718018 0
1700466961172 0.018808186054229736 0
1700467040828 0.01976698637008667 0
1700467120711 0.021120011806488037 0
1700467200289 0.022245943546295166 0
1700467280017 0.02329319715499878 0
1700467359877 0.0243188738822937 0
1700467439780 0.02577155828475952 0
1700467522143 0.026954352855682373 0
1700467608304 0.028162121772766113 0
1700467688053 0.02944093942642212 0
1700467767817 0.03102409839630127 0
1700467847624 0.03241676092147827 0
1700467927507 0.033304035663604736 0
1700468007325 0.03407692909240723 0
1700468087305 0.03546017408370972 0
1700468167477 0.036794424057006836 0
1700468247379 0.03791642189025879 0
1700468327189 0.0386773943901062 0
1700468407121 0.03973817825317383 0
1700468486945 0.040936827659606934 0
1700468566680 0.04192674160003662 0
1700468646464 0.04351681470870972 0
1700468726177 0.04493683576583862 0
1700468809371 0.04629027843475342 0
1700468889359 0.04762142896652222 0
1700469005941 0.049127399921417236 0
1700469086134 0.05100595951080322 0
1700469166495 0.0529937744140625 0
1700469246825 0.05452525615692139 0
1700469327099 0.056180715560913086 0
1700469407417 0.05806088447570801 0
1700469487723 0.05915224552154541 0
1700469568120 0.060408055782318115 0
1700469648350 0.06261211633682251 0
1700469729520 0.06382918357849121 0
1700469813590 0.06471258401870728 0
1700469894633 0.06654000282287598 0
1700469974899 0.06773406267166138 0
1700470055204 0.06917273998260498 0
1700470135605 0.07094931602478027 0
1700470216039 0.07234925031661987 0
1700470296378 0.07356864213943481 0
1700470376801 0.07510513067245483 0
1700470457069 0.07671165466308594 0
1700470537461 0.07716447114944458 0
1700470617733 0.07839763164520264 0
1700470701357 0.07911866903305054 0
1700470784985 0.08009284734725952 0
1700470865498 0.0807349681854248 0
1700470945928 0.08167308568954468 0
1700471026284 0.0830957293510437 0
1700471106665 0.0845382809638977 0
1700471187040 0.0854063630104065 0
1700471267249 0.08633249998092651 0
1700471347805 0.08735746145248413 0
1700471428089 0.08864140510559082 0
1700471509549 0.08988445997238159 0
1700471593506 0.09097635746002197 0
1700471675320 0.09229212999343872 0
1700471755637 0.09447664022445679 0
1700471835865 0.09605717658996582 0
1700471919434 0.09707880020141602 0
1700471999901 0.0978497862815857 0
1700472080168 0.09842723608016968 0
1700472160577 0.09942841529846191 0
1700472241014 0.1013980507850647 0
1700472321521 0.1028328537940979 0
1700472401750 0.1040077805519104 0
1700472482016 0.10572093725204468 0
1700472563536 0.10733920335769653 0
1700472643928 0.10796505212783813 0
1700472724357 0.10888069868087769 0
1700472804750 0.1106763482093811 0
1700472885121 0.11185109615325928 0
1700472965569 0.11285203695297241 0
1700473045941 0.11383390426635742 0
1700473126249 0.1143566370010376 0
1700473207494 0.11516988277435303 0
1700473291629 0.11845755577087402 0
1700473373224 0.12345105409622192 0
1700473453604 0.1289767026901245 0
1700473533797 0.13626152276992798 0
1700473614049 0.14699715375900269 0
1700473694317 0.15623551607131958 0
1700473774845 0.1604340672492981 0
1700473858527 0.16568470001220703 0
1700473938889 0.17066949605941772 0
1700474019140 0.17609703540802002 0
1700474099417 0.1809123158454895 0
1700474179915 0.18620949983596802 0
1700474260201 0.19067460298538208 0
1700474336833 0.1954559087753296 0
