1700463666309 4088.0 0
1700463738134 4082.0 0
1700463818088 4075.0 0
1700463901308 4075.0 0
1700463981100 4078.0 0
1700464060922 4080.0 0
1700464140770 4082.0 0
1700464220723 4083.0 0
1700464301973 4084.0 0
1700464389135 4084.0 0
1700464469099 4084.0 0
1700464552181 4084.0 0
1700464631920 4084.0 0
1700464711936 4085.0 0
1700464791676 4085.0 0
1700464871363 4085.0 0
1700464951129 4085.0 0
1700465030968 4085.0 0
1700465110840 4086.0 0
1700465190916 4086.0 0
1700465271010 4086.0 0
1700465351794 4085.0 0
1700465431725 4086.0 0
1700465511653 4086.0 0
1700465591517 4086.0 0
1700465671321 4085.0 0
1700465751071 4086.0 0
1700465830729 4086.0 0
1700465910793 4086.0 0
1700465994079 4086.0 0
1700466076199 4086.0 0
1700466159357 4086.0 0
1700466239214 4086.0 0
1700466319077 4086.0 0
1700466398732 4087.0 0
1700466481642 4087.0 0
1700466561355 4087.0 0
1700466641110 4087.0 0
1700466720756 4087.0 0
1700466800764 4087.0 0
1700466880463 4087.0 0
1700466963533 4087.0 0
1700467043245 4087.0 0
1700467123053 4087.0 0
1700467202729 4087.0 0
1700467282386 4087.0 0
1700467362220 4087.0 0
1700467442238 4087.0 0
1700467524642 4087.0 0
1700467610720 4086.0 0
1700467690491 4086.0 0
1700467770265 4086.0 0
1700467850045 4086.0 0
1700467929929 4086.0 0
1700468009746 4086.0 0
1700468089752 4086.0 0
1700468169891 4086.0 0
1700468249741 4086.0 0
1700468329648 4086.0 0
1700468409536 4086.0 0
1700468489336 4086.0 0
1700468569075 4086.0 0
1700468648880 4086.0 0
1700468728606 4086.0 0
1700468811783 4086.0 0
1700468891767 4087.0 0
1700469008337 4087.0 0
1700469088643 4087.0 0
1700469168824 4087.0 0
1700469249230 4087.0 0
1700469329494 4087.0 0
1700469409813 4087.0 0
1700469490140 4087.0 0
1700469570548 4087.0 0
1700469650713 4087.0 0
1700469732083 4087.0 0
1700469816116 4087.0 0
1700469897053 4087.0 0
1700469977259 4087.0 0
1700470057559 4087.0 0
1700470137989 4087.0 0
1700470218446 4087.0 0
1700470298778 4087.0 0
1700470379163 4087.0 0
1700470459457 4087.0 0
1700470539804 4087.0 0
1700470620142 4087.0 0
1700470703748 4087.0 0
1700470787354 4087.0 0
1700470867899 4087.0 0
1700470948299 4087.0 0
1700471028660 4087.0 0
1700471109032 4087.0 0
1700471189442 4087.0 0
1700471269652 4087.0 0
1700471350221 4086.0 0
1700471430504 4086.0 0
1700471512093 4086.0 0
1700471595980 4086.0 0
1700471677749 4086.0 0
1700471758021 4086.0 0
1700471838227 4086.0 0
1700471921818 4086.0 0
1700472002334 4086.0 0
1700472082518 4086.0 0
1700472162953 4086.0 0
1700472243415 4086.0 0
1700472323934 4085.0 0
1700472404173 4086.0 0
1700472484420 4086.0 0
1700472565943 4086.0 0
1700472646348 4086.0 0
1700472726778 4086.0 0
1700472807222 4086.0 0
1700472887578 4086.0 0
1700472967961 4086.0 0
1700473048307 4086.0 0
1700473128604 4086.0 0
1700473210028 4086.0 0
1700473294191 4086.0 0
1700473375620 4084.0 0
1700473455939 4081.0 0
1700473536194 4074.0 0
1700473616426 4055.0 0
1700473696757 4040.0 0
1700473777243 4035.0 0
1700473860885 4027.0 0
1700473941266 4021.0 0
1700474021475 4014.0 0
1700474101874 4007.0 0
1700474182310 4000.0 0
1700474262630 3995.0 0
1700474339220 3987.0 0
