1700463663933 0.0 0
1700463735762 0.33269619941711426 0
1700463815707 1.0656676769256592 0
1700463898886 1.7927242279052735 0
1700463978662 2.5277545928955076 0
1700464058527 3.2670337677001955 0
1700464138416 4.007597351074219 0
1700464218285 4.747724914550782 0
1700464299425 5.488955688476563 0
1700464386569 6.228924560546875 0
1700464466698 6.967462158203125 0
1700464549787 7.704287719726563 0
1700464629542 8.440802001953125 0
1700464709551 9.177752685546874 0
1700464789274 9.916607666015626 0
1700464868946 10.65809326171875 0
1700464948703 11.3927490234375 0
1700465028566 12.12596435546875 0
1700465108450 12.85703125 0
1700465188485 13.58692626953125 0
1700465268599 14.31817626953125 0
1700465349436 15.0466796875 0
1700465429278 15.77255859375 0
1700465509255 16.49422607421875 0
1700465589100 17.21595458984375 0
1700465668924 17.9280517578125 0
1700465748669 18.636376953125 0
1700465828314 19.3459716796875 0
1700465908344 20.057470703125 0
1700465991649 20.7665771484375 0
1700466073800 21.45830078125 0
1700466156938 22.142529296875 0
1700466236731 22.80341796875 0
1700466316689 23.432958984375 0
1700466396310 24.1037109375 0
1700466479201 24.775146484375 0
1700466559004 25.438720703125 0
1700466638767 26.09912109375 0
1700466718398 26.762939453125 0
1700466798377 27.419921875 0
1700466878043 28.082470703125 0
1700466961169 28.716357421875 0
1700467040826 29.343212890625 0
1700467120709 29.938916015625 0
1700467200286 30.52109375 0
1700467280014 31.120068359375 0
1700467359874 31.712841796875 0
1700467439778 32.274072265625 0
1700467522140 32.846923828125 0
1700467608301 33.3947265625 0
1700467688050 33.9486328125 0
1700467767814 34.46728515625 0
1700467847622 34.9802734375 0
1700467927505 35.520703125 0
1700468007322 36.094140625 0
1700468087302 36.63271484375 0
1700468167474 37.12958984375 0
1700468247376 37.64248046875 0
1700468327186 38.1744140625 0
1700468407118 38.72119140625 0
1700468486942 39.2158203125 0
1700468566677 39.7296875 0
1700468646462 40.20615234375 0
1700468726174 40.64541015625 0
1700468809368 41.11015625 0
1700468889356 41.55205078125 0
1700469005939 42.0064453125 0
1700469086131 42.4 0
1700469166493 42.751171875 0
1700469246822 43.113671875 0
1700469327097 43.512890625 0
1700469407414 43.8822265625 0
1700469487721 44.2580078125 0
1700469568117 44.698828125 0
1700469648347 45.0275390625 0
1700469729517 45.362109375 0
1700469813587 45.8056640625 0
1700469894630 46.1732421875 0
1700469974896 46.5181640625 0
1700470055201 46.891015625 0
1700470135602 47.214453125 0
1700470216036 47.5421875 0
1700470296375 47.8900390625 0
1700470376798 48.2283203125 0
1700470457066 48.521875 0
1700470537458 48.9294921875 0
1700470617730 49.306640625 0
1700470701354 49.7013671875 0
1700470784983 50.1 0
1700470865495 50.492578125 0
1700470945925 50.9009765625 0
1700471026281 51.233203125 0
1700471106662 51.510546875 0
1700471187038 51.8509765625 0
1700471267246 52.222265625 0
1700471347802 52.577734375 0
1700471428086 52.88515625 0
1700471509546 53.18984375 0
1700471593503 53.4904296875 0
1700471675318 53.81328125 0
1700471755634 53.9830078125 0
1700471835862 54.1423828125 0
1700471919431 54.43125 0
1700471999898 54.75546875 0
1700472080165 55.13828125 0
1700472160574 55.478515625 0
1700472241011 55.687890625 0
1700472321518 55.85078125 0
1700472401747 56.1078125 0
1700472482014 56.312890625 0
1700472563533 56.449609375 0
1700472643925 56.740625 0
1700472724354 57.062109375 0
1700472804746 57.259765625 0
1700472885118 57.4234375 0
1700472965566 57.69609375 0
1700473045938 57.938671875 0
1700473126246 58.265625 0
1700473207491 58.591015625 0
1700473291627 58.652734375 0
1700473373221 58.240234375 0
1700473453602 57.654296875 0
1700473533794 56.775 0
1700473614047 55.425390625 0
1700473694314 53.705859375 0
1700473774842 53.0390625 0
1700473858524 52.380078125 0
1700473938886 51.678515625 0
1700474019138 50.99453125 0
1700474099414 50.33671875 0
1700474179912 49.68515625 0
1700474260198 49.057421875 0
1700474336830 48.428515625 0
