1700463663935 0.09999999403953552 0
1700463735765 0.9993370175361633 0
1700463815709 1.9969817399978638 0
1700463898888 2.992380142211914 0
1700463978665 3.987997055053711 0
1700464058529 4.985728740692139 0
1700464138419 5.985436916351318 0
1700464218288 6.986571311950684 0
1700464299427 7.988452434539795 0
1700464386571 8.990740776062012 0
1700464466700 9.99304485321045 0
1700464549789 10.99504280090332 0
1700464629545 11.99661922454834 0
1700464709553 12.997843742370605 0
1700464789276 13.998847007751465 0
1700464868948 15.000106811523438 0
1700464948706 16.001251220703125 0
1700465028569 17.001995086669922 0
1700465108453 18.002182006835938 0
1700465188487 19.001712799072266 0
1700465268601 20.000703811645508 0
1700465349438 20.99917984008789 0
1700465429281 21.997058868408203 0
1700465509257 22.99416732788086 0
1700465589102 23.990489959716797 0
1700465668926 24.985780715942383 0
1700465748672 25.979759216308594 0
1700465828316 26.972454071044922 0
1700465908346 27.96409034729004 0
1700465991651 28.954856872558594 0
1700466073802 29.94437026977539 0
1700466156940 30.932035446166992 0
1700466236733 31.917444229125977 0
1700466316692 32.899017333984375 0
1700466396313 33.87747573852539 0
1700466479203 34.85383605957031 0
1700466559006 35.82845687866211 0
1700466638769 36.801292419433594 0
1700466718400 37.772586822509766 0
1700466798379 38.742435455322266 0
1700466878044 39.71100616455078 0
1700466961172 40.67793655395508 0
1700467040828 41.64273452758789 0
1700467120710 42.604774475097656 0
1700467200288 43.563255310058594 0
1700467280016 44.518489837646484 0
1700467359876 45.47073745727539 0
1700467439780 46.41984176635742 0
1700467522142 47.36547088623047 0
1700467608303 48.307735443115234 0
1700467688052 49.24656295776367 0
1700467767816 50.18165588378906 0
1700467847624 51.11257553100586 0
1700467927507 52.039798736572266 0
1700468007325 52.964599609375 0
1700468087304 53.887332916259766 0
1700468167476 54.80701446533203 0
1700468247378 55.723480224609375 0
1700468327188 56.63722610473633 0
1700468407120 57.54911804199219 0
1700468486944 58.45868682861328 0
1700468566679 59.36577224731445 0
1700468646464 60.27028274536133 0
1700468726176 61.171173095703125 0
1700468809370 62.068519592285156 0
1700468889358 62.96233367919922 0
1700469005941 63.85285949707031 0
1700469086134 64.73954010009766 0
1700469166495 65.62132263183594 0
1700469246825 66.49781799316406 0
1700469327099 67.36985778808594 0
1700469407416 68.23770904541016 0
1700469487723 69.10118103027344 0
1700469568119 69.9616928100586 0
1700469648349 70.81884765625 0
1700469729520 71.67140197753906 0
1700469813589 72.5209732055664 0
1700469894632 73.36814880371094 0
1700469974898 74.21186065673828 0
1700470055203 75.05260467529297 0
1700470135604 75.89010620117188 0
1700470216038 76.7238540649414 0
1700470296377 77.55430603027344 0
1700470376800 78.38184356689453 0
1700470457068 79.2059326171875 0
1700470537460 80.02732849121094 0
1700470617732 80.84722900390625 0
1700470701356 81.66557312011719 0
1700470784984 82.48291778564453 0
1700470865497 83.29916381835938 0
1700470945927 84.11474609375 0
1700471026283 84.92900848388672 0
1700471106665 85.7406997680664 0
1700471187040 86.54976654052734 0
1700471267248 87.35716247558594 0
1700471347804 88.16315460205078 0
1700471428088 88.96736907958984 0
1700471509549 89.76933288574219 0
1700471593505 90.5689468383789 0
1700471675320 91.36653900146484 0
1700471755636 92.16099548339844 0
1700471835864 92.9507064819336 0
1700471919433 93.73670959472656 0
1700471999900 94.52045440673828 0
1700472080167 95.30316925048828 0
1700472160576 96.08534240722656 0
1700472241014 96.86578369140625 0
1700472321520 97.64259338378906 0
1700472401749 98.41621398925781 0
1700472482016 99.18696594238281 0
1700472563535 99.95390319824219 0
1700472643927 100.71775817871094 0
1700472724356 101.4802474975586 0
1700472804749 102.24097442626953 0
1700472885120 102.99851989746094 0
1700472965568 103.75366973876953 0
1700473045940 104.50689697265625 0
1700473126248 105.25890350341797 0
1700473207493 106.01052856445312 0
1700473291629 106.76029205322266 0
1700473373223 107.50190734863281 0
1700473453604 108.22982788085938 0
1700473533796 108.93968963623047 0
1700473614048 109.62554931640625 0
1700473694316 110.27954864501953 0
1700473774844 110.90660858154297 0
1700473858526 111.51499938964844 0
1700473938888 112.10636138916016 0
1700474019140 112.68193054199219 0
1700474099416 113.24227142333984 0
1700474179914 113.78817749023438 0
1700474260201 114.32015228271484 0
1700474336832 114.8388671875 0
