1700463663934 -0.09999999403953552 0
1700463735764 -0.9996716380119324 0
1700463815708 -1.998498558998108 0
1700463898887 -2.9962050914764404 0
1700463978664 -3.994022846221924 0
1700464058528 -4.992897033691406 0
1700464138418 -5.9927592277526855 0
1700464218287 -6.99333381652832 0
1700464299427 -7.9942803382873535 0
1700464386570 -8.995429039001465 0
1700464466700 -9.996585845947266 0
1700464549788 -10.997589111328125 0
1700464629544 -11.998380661010742 0
1700464709552 -12.998997688293457 0
1700464789276 -13.999503135681152 0
1700464868948 -15.000137329101562 0
1700464948705 -16.000713348388672 0
1700465028568 -17.001087188720703 0
1700465108452 -18.00118637084961 0
1700465188486 -19.000953674316406 0
1700465268600 -20.000452041625977 0
1700465349437 -20.99968910217285 0
1700465429280 -21.99863052368164 0
1700465509257 -22.99718475341797 0
1700465589101 -23.99534797668457 0
1700465668925 -24.992990493774414 0
1700465748671 -25.989978790283203 0
1700465828315 -26.9863224029541 0
1700465908346 -27.982135772705078 0
1700465991650 -28.977514266967773 0
1700466073801 -29.972265243530273 0
1700466156940 -30.96608543395996 0
1700466236733 -31.958768844604492 0
1700466316691 -32.949520111083984 0
1700466396312 -33.93870544433594 0
1700466479203 -34.92683792114258 0
1700466559005 -35.914093017578125 0
1700466638769 -36.900447845458984 0
1700466718399 -37.88602828979492 0
1700466798379 -38.870872497558594 0
1700466878044 -39.85508728027344 0
1700466961171 -40.838470458984375 0
1700467040827 -41.820777893066406 0
1700467120710 -42.80168914794922 0
1700467200288 -43.78080368041992 0
1700467280015 -44.75825119018555 0
1700467359875 -45.73420333862305 0
1700467439779 -46.70854568481445 0
1700467522142 -47.681129455566406 0
1700467608302 -48.65199661254883 0
1700467688052 -49.62111282348633 0
1700467767816 -50.588321685791016 0
1700467847623 -51.55339431762695 0
1700467927506 -52.516571044921875 0
1700468007324 -53.4785270690918 0
1700468087303 -54.43943786621094 0
1700468167475 -55.39879608154297 0
1700468247377 -56.356502532958984 0
1700468327188 -57.31282043457031 0
1700468407119 -58.26820755004883 0
1700468486944 -59.222412109375 0
1700468566679 -60.17534637451172 0
1700468646463 -61.12697219848633 0
1700468726176 -62.07673263549805 0
1700468809369 -63.02466583251953 0
1700468889357 -63.97078323364258 0
1700469005940 -64.91519927978516 0
1700469086133 -65.8576431274414 0
1700469166494 -66.79752349853516 0
1700469246824 -67.7346420288086 0
1700469327098 -68.66944885253906 0
1700469407416 -69.6020736694336 0
1700469487722 -70.53241729736328 0
1700469568119 -71.46122741699219 0
1700469648348 -72.3883056640625 0
1700469729519 -73.31298065185547 0
1700469813588 -74.23612213134766 0
1700469894632 -75.15802001953125 0
1700469974898 -76.07814025878906 0
1700470055203 -76.99671936035156 0
1700470135603 -77.91358947753906 0
1700470216037 -78.82852172851562 0
1700470296377 -79.74173736572266 0
1700470376800 -80.65343475341797 0
1700470457068 -81.56333923339844 0
1700470537460 -82.47184753417969 0
1700470617732 -83.379638671875 0
1700470701356 -84.28666687011719 0
1700470784984 -85.19324493408203 0
1700470865496 -86.09931182861328 0
1700470945926 -87.0051040649414 0
1700471026282 -87.91026306152344 0
1700471106664 -88.81410217285156 0
1700471187039 -89.7165756225586 0
1700471267247 -90.61821746826172 0
1700471347803 -91.51918029785156 0
1700471428087 -92.41925048828125 0
1700471509548 -93.31816864013672 0
1700471593505 -94.21586608886719 0
1700471675319 -95.11253356933594 0
1700471755635 -96.00755310058594 0
1700471835863 -96.9000015258789 0
1700471919432 -97.79047393798828 0
1700471999899 -98.67977142333984 0
1700472080167 -99.56861877441406 0
1700472160576 -100.45726776123047 0
1700472241013 -101.34504699707031 0
1700472321519 -102.23088073730469 0
1700472401748 -103.11502075195312 0
1700472482015 -103.99766540527344 0
1700472563535 -104.87822723388672 0
1700472643927 -105.75715637207031 0
1700472724355 -106.63544464111328 0
1700472804748 -107.51285552978516 0
1700472885119 -108.3885498046875 0
1700472965568 -109.26300048828125 0
1700473045940 -110.13648986816406 0
1700473126248 -111.0093994140625 0
1700473207492 -111.88221740722656 0
1700473291628 -112.75408172607422 0
1700473373222 -113.621337890625 0
1700473453603 -114.48070526123047 0
1700473533795 -115.32953643798828 0
1700473614048 -116.16407012939453 0
1700473694315 -116.97921752929688 0
1700473774844 -117.77780151367188 0
1700473858525 -118.56482696533203 0
1700473938887 -119.34121704101562 0
1700474019139 -120.10762786865234 0
1700474099415 -120.86429595947266 0
1700474179913 -121.61165618896484 0
1700474260200 -122.34993743896484 0
1700474336832 -123.07948303222656 0
