1700463663933 4.996246246246247e-05 0
1700463735763 4.9624624624624625e-05 0
1700463815707 4.9249249249249253e-05 0
1700463898886 4.8873873873873876e-05 0
1700463978663 4.8498498498498504e-05 0
1700464058527 4.812312312312313e-05 0
1700464138417 4.774774774774775e-05 0
1700464218286 4.737237237237238e-05 0
1700464299426 4.6996996996997e-05 0
1700464386569 4.662162162162162e-05 0
1700464466699 4.624624624624625e-05 0
1700464549788 4.587087087087087e-05 0
1700464629543 4.54954954954955e-05 0
1700464709551 4.5120120120120124e-05 0
1700464789275 4.4744744744744746e-05 0
1700464868947 4.4369369369369375e-05 0
1700464948704 4.3993993993994e-05 0
1700465028567 4.3618618618618626e-05 0
1700465108451 4.324324324324325e-05 0
1700465188486 4.286786786786787e-05 0
1700465268600 4.24924924924925e-05 0
1700465349436 4.2117117117117115e-05 0
1700465429279 4.1741741741741744e-05 0
1700465509256 4.1366366366366366e-05 0
1700465589100 4.099099099099099e-05 0
1700465668925 4.061561561561562e-05 0
1700465748670 4.024024024024024e-05 0
1700465828315 3.986486486486487e-05 0
1700465908345 3.948948948948949e-05 0
1700465991649 3.911411411411411e-05 0
1700466073800 3.873873873873874e-05 0
1700466156939 3.836336336336336e-05 0
1700466236732 3.7987987987987985e-05 0
1700466316690 3.7612612612612614e-05 0
1700466396311 3.7237237237237236e-05 0
1700466479202 3.6861861861861865e-05 0
1700466559004 3.648648648648649e-05 0
1700466638768 3.611111111111111e-05 0
1700466718399 3.573573573573574e-05 0
1700466798378 3.536036036036036e-05 0
1700466878043 3.498498498498499e-05 0
1700466961170 3.460960960960961e-05 0
1700467040826 3.4234234234234234e-05 0
1700467120709 3.385885885885886e-05 0
1700467200287 3.3483483483483485e-05 0
1700467280015 3.310810810810811e-05 0
1700467359874 3.2732732732732736e-05 0
1700467439779 3.235735735735736e-05 0
1700467522141 3.198198198198199e-05 0
1700467608301 3.160660660660661e-05 0
1700467688051 3.123123123123123e-05 0
1700467767815 3.085585585585586e-05 0
1700467847622 3.0480480480480482e-05 0
1700467927505 3.0105105105105108e-05 0
1700468007323 2.9729729729729733e-05 0
1700468087302 2.935435435435436e-05 0
1700468167475 2.897897897897898e-05 0
1700468247377 2.8603603603603606e-05 0
1700468327187 2.8228228228228232e-05 0
1700468407119 2.7852852852852857e-05 0
1700468486943 2.7477477477477483e-05 0
1700468566678 2.7102102102102105e-05 0
1700468646462 2.672672672672673e-05 0
1700468726175 2.635135135135135e-05 0
1700468809368 2.5975975975975975e-05 0
1700468889357 2.56006006006006e-05 0
1700469005939 2.5225225225225222e-05 0
1700469086132 2.484984984984985e-05 0
1700469166493 2.4474474474474477e-05 0
1700469246823 2.4099099099099102e-05 0
1700469327097 2.3723723723723725e-05 0
1700469407415 2.334834834834835e-05 0
1700469487722 2.2972972972972976e-05 0
1700469568118 2.2597597597597598e-05 0
1700469648348 2.2222222222222223e-05 0
1700469729518 2.1846846846846845e-05 0
1700469813588 2.147147147147147e-05 0
1700469894631 2.1096096096096096e-05 0
1700469974897 2.0720720720720722e-05 0
1700470055202 2.0345345345345344e-05 0
1700470135603 1.996996996996997e-05 0
1700470216036 1.9594594594594595e-05 0
1700470296376 1.921921921921922e-05 0
1700470376799 1.8843843843843846e-05 0
1700470457067 1.846846846846847e-05 0
1700470537459 1.8093093093093094e-05 0
1700470617731 1.771771771771772e-05 0
1700470701355 1.7342342342342345e-05 0
1700470784983 1.6966966966966967e-05 0
1700470865496 1.6591591591591593e-05 0
1700470945926 1.6216216216216218e-05 0
1700471026282 1.5840840840840844e-05 0
1700471106663 1.5465465465465466e-05 0
1700471187038 1.5090090090090091e-05 0
1700471267247 1.4714714714714713e-05 0
1700471347803 1.4339339339339339e-05 0
1700471428087 1.3963963963963963e-05 0
1700471509547 1.3588588588588588e-05 0
1700471593504 1.3213213213213214e-05 0
1700471675318 1.2837837837837838e-05 0
1700471755634 1.2462462462462463e-05 0
1700471835863 1.2087087087087087e-05 0
1700471919432 1.1711711711711713e-05 0
1700471999899 1.1336336336336336e-05 0
1700472080166 1.0960960960960962e-05 0
1700472160575 1.0585585585585586e-05 0
1700472241012 1.0210210210210211e-05 0
1700472321518 9.834834834834835e-06 0
1700472401747 9.45945945945946e-06 0
1700472482015 9.084084084084084e-06 0
1700472563534 8.708708708708708e-06 0
1700472643926 8.333333333333334e-06 0
1700472724354 7.957957957957958e-06 0
1700472804747 7.582582582582583e-06 0
1700472885119 7.207207207207208e-06 0
1700472965567 6.8318318318318324e-06 0
1700473045939 6.456456456456457e-06 0
1700473126247 6.081081081081082e-06 0
1700473207492 5.705705705705706e-06 0
1700473291627 5.33033033033033e-06 0
1700473373222 4.954954954954955e-06 0
1700473453602 4.57957957957958e-06 0
1700473533795 4.204204204204204e-06 0
1700473614047 3.828828828828829e-06 0
1700473694315 3.4534534534534537e-06 0
1700473774843 3.0780780780780783e-06 0
1700473858524 2.702702702702703e-06 0
1700473938886 2.3273273273273273e-06 0
1700474019138 1.951951951951952e-06 0
1700474099415 1.5765765765765764e-06 0
1700474179913 1.2012012012012013e-06 0
1700474260199 8.258258258258259e-07 0
1700474336831 4.504504504504505e-07 0
