1700463663931 0.356640625 0
1700463735760 1.97431640625 0
1700463815705 3.9744140625 0
1700463898884 4.9353515625 0
1700463978660 4.828515625 0
1700464058525 13.933984375 0
1700464138414 6.644921875 0
1700464218284 6.543359375 0
1700464299423 7.21171875 0
1700464386567 11.116015625 0
1700464466696 10.20703125 0
1700464549785 9.67578125 0
1700464629540 10.1125 0
1700464709548 10.87578125 0
1700464789272 14.92578125 0
1700464868944 13.371875 0
1700464948701 13.2171875 0
1700465028564 13.78828125 0
1700465108448 15.2625 0
1700465188484 15.4203125 0
1700465268597 19.56015625 0
1700465349434 17.5609375 0
1700465429276 17.7125 0
1700465509254 18.2890625 0
1700465589098 19.9640625 0
1700465668922 19.490625 0
1700465748668 20.3671875 0
1700465828312 21.075 0
1700465908342 22.03125 0
1700465991647 22.3515625 0
1700466073798 23.3375 0
1700466156936 23.884375 0
1700466236729 24.3953125 0
1700466316688 25.34375 0
1700466396308 25.865625 0
1700466479199 26.4796875 0
1700466559001 27.43125 0
1700466638766 27.984375 0
1700466718396 28.6265625 0
1700466798375 29.1046875 0
1700466878041 30.2453125 0
1700466961168 30.6 0
1700467040824 31.6390625 0
1700467120708 31.8046875 0
1700467200284 32.48125 0
1700467280012 33.1125 0
1700467359872 33.475 0
1700467439777 34.465625 0
1700467522138 39.8875 0
1700467608299 35.63125 0
1700467688049 40.140625 0
1700467767812 37.240625 0
1700467847620 37.6375 0
1700467927503 37.94375 0
1700468007320 38.375 0
1700468087300 38.875 0
1700468167472 40.075 0
1700468247374 39.925 0
1700468327184 40.41875 0
1700468407116 41.465625 0
1700468486940 41.575 0
1700468566675 42.153125 0
1700468646460 42.928125 0
1700468726173 43.2125 0
1700468809366 43.61875 0
1700468889355 44.059375 0
1700469005937 44.56552734375 0
1700469086130 44.784375 0
1700469166491 45.5625 0
1700469246820 45.859375 0
1700469327095 45.878125 0
1700469407412 47.13125 0
1700469487720 47.40625 0
1700469568116 47.74375 0
1700469648345 47.83125 0
1700469729516 48.390625 0
1700469813585 48.784375 0
1700469894628 49.871875 0
1700469974894 49.553125 0
1700470055200 49.9875 0
1700470135600 50.334375 0
1700470216034 50.7 0
1700470296374 51.228125 0
1700470376797 51.5125 0
1700470457064 52.040625 0
1700470537456 52.890625 0
1700470617729 52.909375 0
1700470701352 53.0375 0
1700470784981 53.359375 0
1700470865493 53.971875 0
1700470945923 54.56875 0
1700471026279 54.828125 0
1700471106660 54.840625 0
1700471187037 55.39375 0
1700471267244 59.625 0
1700471347800 56.41875 0
1700471428084 56.540625 0
1700471509544 56.9875 0
1700471593501 57.303125 0
1700471675316 57.69375 0
1700471755632 58.0125 0
1700471835860 57.95 0
1700471919429 59.00625 0
1700471999896 58.88125 0
1700472080163 59.0875 0
1700472160572 65.2 0
1700472241010 59.790625 0
1700472321516 60.05625 0
1700472401745 60.403125 0
1700472482013 61.25 0
1700472563532 61.24375 0
1700472643924 61.446875 0
1700472724352 61.6875 0
1700472804744 62.6375 0
1700472885116 61.990625 0
1700472965564 63.984375 0
1700473045936 62.684375 0
1700473126244 63.103125 0
1700473207489 63.634375 0
1700473291625 63.6375 0
1700473373220 63.8 0
1700473453600 62.928125 0
1700473533792 62.66875 0
1700473614045 61.290625 0
1700473694312 60.559375 0
1700473774840 59.76875 0
1700473858521 59.5 0
1700473938884 58.9875 0
1700474019136 58.74375 0
1700474099412 57.8875 0
1700474179911 57.509375 0
1700474260197 60.98125 0
1700474336828 57.334375 0
