1700463666312 0.003290119566447994 0
1700463738136 0.004809730411193531 0
1700463818091 0.006635255609769277 0
1700463901310 0.006699438694227545 0
1700463981103 0.0060664091085522905 0
1700464060924 0.005656440023313532 0
1700464140773 0.00525411083290614 0
1700464220725 0.005087969216658043 0
1700464301975 0.004923757493804774 0
1700464389138 0.005003217588434565 0
1700464469101 0.005094029125154327 0
1700464552183 0.005186732568889085 0
1700464631922 0.005258625035458896 0
1700464711938 0.005069933407047252 0
1700464791678 0.005143735847324905 0
1700464871365 0.0052118611768119695 0
1700464951132 0.005610520512328864 0
1700465030971 0.0056653992499712215 0
1700465110842 0.005780995509785074 0
1700465190919 0.005826423514074613 0
1700465271012 0.005909708188605432 0
1700465351803 0.006236264279469307 0
1700465431727 0.006393642623189817 0
1700465511655 0.0064428562945034835 0
1700465591519 0.006824577719436408 0
1700465671323 0.0077722381433674706 0
1700465751073 0.007892135820240554 0
1700465830731 0.00824167907546839 0
1700465910795 0.008277642912197607 0
1700465994205 0.0086347575014737 0
1700466076201 0.009609566760186705 0
1700466159359 0.010590054519435902 0
1700466239217 0.011891693031231974 0
1700466319079 0.012862716622920852 0
1700466398734 0.013586707837841053 0
1700466481645 0.013902257297940823 0
1700466561357 0.01454660929546455 0
1700466641112 0.015179601512424687 0
1700466720758 0.015504617456327448 0
1700466800771 0.016179262202020754 0
1700466880465 0.016870946618559448 0
1700466963535 0.017868714011394917 0
1700467043247 0.018843761843103202 0
1700467123055 0.020480201343180602 0
1700467202731 0.021474182142494875 0
1700467282388 0.022814005150078493 0
1700467362222 0.02414246837709852 0
1700467442240 0.025759974909569935 0
1700467524644 0.026784248457053784 0
1700467610722 0.028195929959648015 0
1700467690493 0.0293297372333744 0
1700467770267 0.031400497095572515 0
1700467850047 0.03277217044731496 0
1700467929932 0.03346936412425856 0
1700468009748 0.034157093633641854 0
1700468089754 0.03581016823417782 0
1700468169892 0.03713073508109453 0
1700468249743 0.03847590876366808 0
1700468329650 0.038519443934445556 0
1700468409538 0.03983622511433814 0
1700468489338 0.04115679196125485 0
1700468569077 0.04215620805562469 0
1700468648882 0.04378467582050383 0
1700468728609 0.04544910742211218 0
1700468811785 0.04645230918350615 0
1700468891769 0.04755686941542156 0
1700469008340 0.0488682929715962 0
1700469088646 0.05114529787567613 0
1700469168826 0.053104860022895696 0
1700469249233 0.05442385676611273 0
1700469329496 0.056693288483150264 0
1700469409815 0.058643384146566835 0
1700469490142 0.05963736494588111 0
1700469570550 0.060321476175377406 0
1700469650715 0.062341623818936126 0
1700469732085 0.0639969962866195 0
1700469816118 0.06499855027297619 0
1700469897055 0.06733046078311347 0
1700469977261 0.06836041422087911 0
1700470057561 0.0700176799853231 0
1700470137991 0.07105142001660994 0
1700470218448 0.07174878432343043 0
1700470298780 0.07340794338463502 0
1700470379165 0.07508035552316379 0
1700470459459 0.07705695734122875 0
1700470539806 0.07773728197720384 0
1700470620144 0.07813234990124876 0
1700470703750 0.07827813375181485 0
1700470787356 0.08028313502128878 0
1700470867901 0.08064223030688232 0
1700470948301 0.08098239262486986 0
1700471028662 0.08296467433321661 0
1700471109034 0.08464844625230898 0
1700471189444 0.08533823737208707 0
1700471269654 0.08638333718393751 0
1700471350223 0.08723656192344705 0
1700471430506 0.08838361903175788 0
1700471512096 0.09006130046795069 0
1700471595982 0.09072442314167714 0
1700471677751 0.09235289090655628 0
1700471758023 0.09462555301004123 0
1700471838229 0.09594233418993382 0
1700471921820 0.09729129353953149 0
1700472002336 0.09768626479904886 0
1700472082520 0.09835317313979944 0
1700472162956 0.09905225965025512 0
1700472243418 0.10069650102773478 0
1700472323936 0.1030549732823446 0
1700472404175 0.10421843324918204 0
1700472484422 0.10587340068323006 0
1700472565945 0.10752268961674191 0
1700472646350 0.10786276870440943 0
1700472726781 0.10919847821942265 0
1700472807224 0.11087805248912752 0
1700472887580 0.1115922816676797 0
1700472967963 0.11293556251674118 0
1700473048310 0.11403340595373836 0
1700473128606 0.11442459154623161 0
1700473210030 0.1150183103245157 0
1700473294193 0.11940021990494407 0
1700473375622 0.12405335841401254 0
1700473455941 0.13003814745443473 0
1700473536196 0.13745137261603163 0
1700473616428 0.1481802068226078 0
1700473696760 0.15658270139150668 0
1700473777245 0.16165467757017501 0
1700473860887 0.16730464554821273 0
1700473941268 0.17186033895596323 0
1700474021477 0.1767811009303276 0
1700474101876 0.18175345937205103 0
1700474182312 0.18686355333871793 0
1700474262632 0.1916004533594754 0
1700474339223 0.1963141852401081 0
