1700463666310 21306832.0 0
1700463738135 31147840.0 0
1700463818089 42969951.0 0
1700463901309 43385601.0 0
1700463981101 39286098.0 0
1700464060923 36631136.0 0
1700464140771 34025650.0 0
1700464220724 32949716.0 0
1700464301974 31886280.0 0
1700464389136 32400864.0 0
1700464469100 32988960.0 0
1700464552182 33589308.0 0
1700464631921 34054884.0 0
1700464711937 32832916.0 0
1700464791677 33310861.0 0
1700464871364 33752041.0 0
1700464951130 36333761.0 0
1700465030969 36689156.0 0
1700465110841 37437758.0 0
1700465190917 37731950.0 0
1700465271011 38271302.0 0
1700465351802 40386081.0 0
1700465431726 41405264.0 0
1700465511654 41723972.0 0
1700465591518 44196002.0 0
1700465671322 50333056.0 0
1700465751072 51109514.0 0
1700465830730 53373158.0 0
1700465910794 53606060.0 0
1700465994080 55918736.0 0
1700466076200 62231606.0 0
1700466159357 68581250.0 0
1700466239215 77010668.0 0
1700466319078 83299022.0 0
1700466398733 87987593.0 0
1700466481644 90031093.0 0
1700466561356 94203920.0 0
1700466641111 98303181.0 0
1700466720757 100407986.0 0
1700466800770 104776989.0 0
1700466880464 109256341.0 0
1700466963534 115717888.0 0
1700467043246 122032303.0 0
1700467123054 132629894.0 0
1700467202730 139066919.0 0
1700467282387 147743620.0 0
1700467362221 156346755.0 0
1700467442239 166821736.0 0
1700467524643 173454937.0 0
1700467610721 182596994.0 0
1700467690492 189939536.0 0
1700467770266 203349788.0 0
1700467850046 212232752.0 0
1700467929930 216747782.0 0
1700468009747 221201522.0 0
1700468089753 231906842.0 0
1700468169891 240458840.0 0
1700468249742 249170192.0 0
1700468329649 249452126.0 0
1700468409536 257979608.0 0
1700468489336 266531606.0 0
1700468569076 273003830.0 0
1700468648880 283549796.0 0
1700468728607 294328664.0 0
1700468811783 300825404.0 0
1700468891768 307978542.0 0
1700469008338 316471328.0 0
1700469088644 331217224.0 0
1700469168825 343907359.0 0
1700469249231 352449189.0 0
1700469329495 367146041.0 0
1700469409814 379774871.0 0
1700469490141 386211896.0 0
1700469570549 390642204.0 0
1700469650714 403724691.0 0
1700469732084 414444892.0 0
1700469816117 420930961.0 0
1700469897054 436032426.0 0
1700469977260 442702410.0 0
1700470057560 453434872.0 0
1700470137990 460129378.0 0
1700470218447 464645513.0 0
1700470298779 475390236.0 0
1700470379164 486220786.0 0
1700470459458 499021270.0 0
1700470539804 503427056.0 0
1700470620142 505985518.0 0
1700470703749 506929615.0 0
1700470787355 519914014.0 0
1700470867900 522239517.0 0
1700470948300 524442410.0 0
1700471028661 537279677.0 0
1700471109033 548183793.0 0
1700471189443 552650884.0 0
1700471269653 559418956.0 0
1700471350222 564944444.0 0
1700471430505 572372792.0 0
1700471512094 583237466.0 0
1700471595980 587531852.0 0
1700471677750 598077818.0 0
1700471758022 612795590.0 0
1700471838228 621323072.0 0
1700471921819 630058940.0 0
1700472002335 632616776.0 0
1700472082519 636935678.0 0
1700472162954 641462966.0 0
1700472243416 652111082.0 0
1700472323935 667384561.0 0
1700472404174 674919134.0 0
1700472484421 685636712.0 0
1700472565944 696317516.0 0
1700472646349 698519870.0 0
1700472726779 707169932.0 0
1700472807223 718046864.0 0
1700472887579 722672216.0 0
1700472967962 731371310.0 0
1700473048308 738480950.0 0
1700473128605 741014270.0 0
1700473210029 744859196.0 0
1700473294192 773236466.0 0
1700473375620 803370216.0 0
1700473455940 842127742.0 0
1700473536195 890135828.0 0
1700473616427 959615816.0 0
1700473696758 1014030416.0 0
1700473777244 1046876561.0 0
1700473860886 1083465784.0 0
1700473941267 1112968479.0 0
1700474021475 1144835360.0 0
1700474101875 1177036380.0 0
1700474182311 1210129376.0 0
1700474262631 1240805566.0 0
1700474339221 1271331719.0 0
