1700463666311 6454698544.0 0
1700463738136 6444857536.0 0
1700463818090 6433035425.0 0
1700463901310 6432619775.0 0
1700463981102 6436719278.0 0
1700464060924 6439374240.0 0
1700464140772 6441979726.0 0
1700464220724 6443055660.0 0
1700464301975 6444119096.0 0
1700464389137 6443604512.0 0
1700464469100 6443016416.0 0
1700464552183 6442416068.0 0
1700464631922 6441950492.0 0
1700464711937 6443172460.0 0
1700464791677 6442694515.0 0
1700464871365 6442253335.0 0
1700464951131 6439671615.0 0
1700465030970 6439316220.0 0
1700465110841 6438567618.0 0
1700465190918 6438273426.0 0
1700465271012 6437734074.0 0
1700465351803 6435619295.0 0
1700465431727 6434600112.0 0
1700465511655 6434281404.0 0
1700465591519 6431809374.0 0
1700465671322 6425672320.0 0
1700465751073 6424895862.0 0
1700465830730 6422632218.0 0
1700465910795 6422399316.0 0
1700465994080 6420086640.0 0
1700466076200 6413773770.0 0
1700466159358 6407424126.0 0
1700466239216 6398994708.0 0
1700466319079 6392706354.0 0
1700466398733 6388017783.0 0
1700466481644 6385974283.0 0
1700466561357 6381801456.0 0
1700466641111 6377702195.0 0
1700466720757 6375597390.0 0
1700466800770 6371228387.0 0
1700466880465 6366749035.0 0
1700466963535 6360287488.0 0
1700467043246 6353973073.0 0
1700467123054 6343375482.0 0
1700467202731 6336938457.0 0
1700467282388 6328261756.0 0
1700467362222 6319658621.0 0
1700467442240 6309183640.0 0
1700467524643 6302550439.0 0
1700467610721 6293408382.0 0
1700467690492 6286065840.0 0
1700467770266 6272655588.0 0
1700467850047 6263772624.0 0
1700467929931 6259257594.0 0
1700468009748 6254803854.0 0
1700468089754 6244098534.0 0
1700468169892 6235546536.0 0
1700468249743 6226835184.0 0
1700468329650 6226553250.0 0
1700468409537 6218025768.0 0
1700468489337 6209473770.0 0
1700468569077 6203001546.0 0
1700468648881 6192455580.0 0
1700468728608 6181676712.0 0
1700468811784 6175179972.0 0
1700468891769 6168026834.0 0
1700469008339 6159534048.0 0
1700469088645 6144788152.0 0
1700469168825 6132098017.0 0
1700469249232 6123556187.0 0
1700469329495 6108859335.0 0
1700469409814 6096230505.0 0
1700469490142 6089793480.0 0
1700469570549 6085363172.0 0
1700469650715 6072280685.0 0
1700469732084 6061560484.0 0
1700469816117 6055074415.0 0
1700469897055 6039972950.0 0
1700469977261 6033302966.0 0
1700470057560 6022570504.0 0
1700470137991 6015875998.0 0
1700470218448 6011359863.0 0
1700470298780 6000615140.0 0
1700470379165 5989784590.0 0
1700470459458 5976984106.0 0
1700470539805 5972578320.0 0
1700470620143 5970019858.0 0
1700470703750 5969075761.0 0
1700470787356 5956091362.0 0
1700470867900 5953765859.0 0
1700470948300 5951562966.0 0
1700471028661 5938725699.0 0
1700471109034 5927821583.0 0
1700471189443 5923354492.0 0
1700471269653 5916586420.0 0
1700471350223 5911060932.0 0
1700471430506 5903632584.0 0
1700471512095 5892767910.0 0
1700471595981 5888473524.0 0
1700471677751 5877927558.0 0
1700471758023 5863209786.0 0
1700471838228 5854682304.0 0
1700471921819 5845946436.0 0
1700472002336 5843388600.0 0
1700472082520 5839069698.0 0
1700472162955 5834542410.0 0
1700472243417 5823894294.0 0
1700472323935 5808620815.0 0
1700472404175 5801086242.0 0
1700472484421 5790368664.0 0
1700472565945 5779687860.0 0
1700472646349 5777485506.0 0
1700472726780 5768835444.0 0
1700472807224 5757958512.0 0
1700472887579 5753333160.0 0
1700472967963 5744634066.0 0
1700473048309 5737524426.0 0
1700473128605 5734991106.0 0
1700473210029 5731146180.0 0
1700473294192 5702768910.0 0
1700473375621 5672635160.0 0
1700473455941 5633877634.0 0
1700473536195 5585869548.0 0
1700473616428 5516389560.0 0
1700473696759 5461974960.0 0
1700473777245 5429128815.0 0
1700473860886 5392539592.0 0
1700473941268 5363036897.0 0
1700474021476 5331170016.0 0
1700474101876 5298968996.0 0
1700474182312 5265876000.0 0
1700474262631 5235199810.0 0
1700474339222 5204673657.0 0
