1700463663936 0.5 0
1700463735767 0.5 0
1700463815710 0.5 0
1700463898890 0.5 0
1700463978666 0.5 0
1700464058530 0.5 0
1700464138420 0.5 0
1700464218289 0.5 0
1700464299429 0.5 0
1700464386572 0.5 0
1700464466702 0.5 0
1700464549791 0.5 0
1700464629546 0.5 0
1700464709555 0.5 0
1700464789278 0.5 0
1700464868950 0.5 0
1700464948707 0.5 0
1700465028570 0.5 0
1700465108454 0.5 0
1700465188488 0.5 0
1700465268603 0.5 0
1700465349439 0.5 0
1700465429282 0.5 0
1700465509259 0.5 0
1700465589103 0.5 0
1700465668928 0.5 0
1700465748673 0.5 0
1700465828317 0.5 0
1700465908348 0.5 0
1700465991652 0.5 0
1700466073804 0.5 0
1700466156942 0.5 0
1700466236735 0.5 0
1700466316693 0.5 0
1700466396314 0.5 0
1700466479205 0.5 0
1700466559008 0.5 0
1700466638771 0.5 0
1700466718402 0.5 0
1700466798381 0.5 0
1700466878046 0.5 0
1700466961173 0.5 0
1700467040829 0.5 0
1700467120712 0.5 0
1700467200290 0.5 0
1700467280018 0.5 0
1700467359877 0.5 0
1700467439781 0.5 0
1700467522144 0.5 0
1700467608304 0.5 0
1700467688054 0.5 0
1700467767818 0.5 0
1700467847625 0.5 0
1700467927508 0.5 0
1700468007326 0.5 0
1700468087305 0.5 0
1700468167477 0.5 0
1700468247380 0.5 0
1700468327190 0.5 0
1700468407121 0.5 0
1700468486946 0.5 0
1700468566680 0.5 0
1700468646465 0.5 0
1700468726178 0.5 0
1700468809371 0.5 0
1700468889359 0.5 0
1700469005942 0.5 0
1700469086135 0.5 0
1700469166496 0.5 0
1700469246826 0.5 0
1700469327100 0.5 0
1700469407418 0.5 0
1700469487724 0.5 0
1700469568121 0.5 0
1700469648350 0.5 0
1700469729521 0.5 0
1700469813590 0.5 0
1700469894634 0.5 0
1700469974900 0.5 0
1700470055205 0.5 0
1700470135606 0.5 0
1700470216039 0.5 0
1700470296379 0.5 0
1700470376802 0.5 0
1700470457070 0.5 0
1700470537462 0.5 0
1700470617734 0.5 0
1700470701358 0.5 0
1700470784986 0.5 0
1700470865499 0.5 0
1700470945928 0.5 0
1700471026285 0.5 0
1700471106666 0.5 0
1700471187041 0.5 0
1700471267249 0.5 0
1700471347806 0.5 0
1700471428089 0.5 0
1700471509550 0.5 0
1700471593507 0.5 0
1700471675321 0.5 0
1700471755638 0.5 0
1700471835865 0.5 0
1700471919434 0.5 0
1700471999901 0.5 0
1700472080169 0.5 0
1700472160578 0.5 0
1700472241015 0.5 0
1700472321521 0.5 0
1700472401750 0.5 0
1700472482017 0.5 0
1700472563537 0.5 0
1700472643929 0.5 0
1700472724358 0.5 0
1700472804750 0.5 0
1700472885122 0.5 0
1700472965570 0.5 0
1700473045942 0.5 0
1700473126250 0.5 0
1700473207494 0.5 0
1700473291630 0.5 0
1700473373224 0.5 0
1700473453605 0.5 0
1700473533798 0.5 0
1700473614050 0.5 0
1700473694317 0.5 0
1700473774846 0.5 0
1700473858528 0.5 0
1700473938889 0.5 0
1700474019141 0.5 0
1700474099418 0.5 0
1700474179915 0.5 0
1700474260202 0.5 0
1700474336834 0.5 0
