1700205987111 0.2166015625 0
1700206032581 1.9365234375 0
1700206083018 2.15859375 0
1700206133475 2.2330078125 0
1700206183928 2.1658203125 0
1700206234406 2.1548828125 0
1700206284913 2.1478515625 0
1700206335405 2.2078125 0
1700206385853 2.1912109375 0
1700206436332 2.2078125 0
1700206486832 2.18173828125 0
1700206537274 2.1681640625 0
1700206587699 2.201171875 0
1700206638245 2.227734375 0
1700206688773 2.1494140625 0
1700206739377 2.1787109375 0
1700206789959 2.1693359375 0
1700206840414 2.1369140625 0
1700206890913 2.1361328125 0
1700206941439 2.12119140625 0
1700206991926 2.1216796875 0
1700207042496 2.151953125 0
1700207093043 2.1966796875 0
1700207143538 2.180078125 0
1700207194154 2.12666015625 0
1700207244728 2.16396484375 0
1700207295181 2.1578125 0
1700207345670 2.2068359375 0
1700207396072 2.197265625 0
1700207446510 2.1626953125 0
1700207496925 2.1751953125 0
1700207547330 2.1525390625 0
1700207597743 2.155078125 0
1700207648209 2.159375 0
1700207698673 2.1833984375 0
1700207749095 2.13798828125 0
1700207799573 2.2025390625 0
1700207850020 2.148828125 0
1700207900460 2.1673828125 0
1700207950867 2.1994140625 0
1700208001321 2.2708984375 0
1700208051802 2.1716796875 0
1700208102162 2.1767578125 0
1700208152572 2.1736328125 0
1700208202945 2.150390625 0
1700208253340 2.178515625 0
1700208303739 2.1673828125 0
1700208354116 2.1634765625 0
1700208404527 2.1705078125 0
1700208454944 2.1607421875 0
1700208505320 2.219921875 0
1700208555704 2.15478515625 0
1700208606105 2.12197265625 0
1700208656463 2.20234375 0
1700208707043 2.176171875 0
1700208757645 2.15703125 0
1700208808128 2.1689453125 0
1700208858603 2.183984375 0
1700208908948 2.1560546875 0
1700208959319 2.1404296875 0
1700209009703 2.1486328125 0
1700209060109 2.1482421875 0
1700209110505 2.144140625 0
1700209160855 2.183984375 0
1700209211290 2.17421875 0
1700209261701 2.1322265625 0
1700209312153 2.15 0
1700209362527 2.1439453125 0
1700209412927 2.20234375 0
1700209463331 2.15068359375 0
1700209513843 2.209765625 0
1700209564302 2.1669921875 0
1700209614750 2.184765625 0
1700209665148 2.208203125 0
1700209715580 2.1654296875 0
1700209765970 2.16640625 0
1700209816415 2.1689453125 0
1700209866876 2.1779296875 0
1700209917332 2.1896484375 0
1700209967859 2.14521484375 0
1700210018401 2.1447265625 0
1700210068759 2.1677734375 0
1700210119227 2.1947265625 0
1700210169645 2.141015625 0
1700210220084 2.1810546875 0
1700210270677 2.1896484375 0
1700210321232 2.190625 0
1700210371644 2.199609375 0
1700210422060 2.152734375 0
1700210472447 2.13046875 0
1700210522818 2.2017578125 0
1700210573236 2.1775390625 0
1700210623659 2.155078125 0
1700210674055 2.187890625 0
1700210724397 2.1958984375 0
1700210774738 2.168359375 0
1700210825105 2.15703125 0
1700210875488 2.141796875 0
1700210925911 2.1513671875 0
1700210976344 2.1505859375 0
1700211026793 2.20078125 0
1700211077260 2.15126953125 0
1700211127660 2.1697265625 0
1700211178003 2.134765625 0
1700211228364 2.1798828125 0
1700211278730 2.1818359375 0
1700211329101 2.1935546875 0
1700211379492 2.2091796875 0
1700211429838 2.1857421875 0
1700211480194 2.21171875 0
1700211530509 2.1662109375 0
1700211580848 2.2310546875 0
1700211631253 2.1322265625 0
1700211681641 2.1767578125 0
1700211732082 2.143359375 0
1700211782510 2.128515625 0
1700211833096 2.12900390625 0
1700211883609 2.2033203125 0
1700211934080 2.235546875 0
1700211984516 2.1572265625 0
1700212034865 2.1865234375 0
1700212085217 2.1529296875 0
1700212135566 2.184375 0
1700212185939 2.2130859375 0
1700212236290 2.14560546875 0
1700212286714 2.1775390625 0
1700212337151 2.1708984375 0
1700212387530 2.210546875 0
1700212437886 2.187109375 0
1700212488253 2.1591796875 0
1700212538614 2.200390625 0
1700212589011 2.1587890625 0
1700212639409 2.1810546875 0
1700212689813 2.2103515625 0
1700212740202 2.11162109375 0
1700212790636 2.1935546875 0
1700212841059 2.14130859375 0
1700212891518 2.2126953125 0
1700212941909 2.203515625 0
1700212992237 2.1978515625 0
1700213042623 2.1837890625 0
1700213093055 2.2138671875 0
1700213143514 2.1609375 0
1700213193933 2.1443359375 0
1700213244312 2.2044921875 0
1700213294729 2.203125 0
1700213345119 2.16748046875 0
1700213395534 2.1912109375 0
1700213445966 2.17412109375 0
1700213496515 2.15234375 0
1700213547044 2.1775390625 0
1700213597414 2.2361328125 0
1700213647843 2.1865234375 0
1700213698262 2.1720703125 0
1700213748710 2.1353515625 0
1700213799215 2.14951171875 0
1700213849680 2.200390625 0
1700213900045 2.15341796875 0
1700213950472 2.15078125 0
1700214000870 2.1541015625 0
1700214051265 2.16240234375 0
1700214101649 2.17041015625 0
1700214152030 2.17998046875 0
1700214202425 2.148828125 0
1700214285826 2.1912109375 0
1700214346780 2.1873046875 0
1700214407692 2.235546875 0
1700214468489 2.87578125 0
1700214529501 2.8828125 0
1700214590320 2.2623046875 0
1700214651260 2.2505859375 0
1700214712140 2.23671875 0
1700214772931 2.2638671875 0
1700214833685 2.2625 0
1700214894648 2.4962890625 0
1700214955472 2.280078125 0
1700215016442 2.275 0
1700215077572 2.2140625 0
1700215138459 2.230859375 0
1700215199359 2.2384765625 0
1700215260267 2.319140625 0
1700215321112 2.2927734375 0
1700215381886 2.308984375 0
1700215443943 2.3095703125 0
1700215506805 2.3203125 0
1700215568552 2.31953125 0
1700215629305 2.291015625 0
1700215690304 2.2982421875 0
1700215751365 3.120703125 0
1700215812447 2.1912109375 0
1700215873424 2.262109375 0
1700215934348 2.205859375 0
1700215995699 2.8001953125 0
1700216056620 2.2017578125 0
1700216117544 2.2197265625 0
1700216178580 2.26015625 0
1700216239504 2.248046875 0
1700216300512 2.322265625 0
1700216361416 2.273046875 0
1700216422320 2.7978515625 0
1700216483165 2.2775390625 0
1700216544072 2.2994140625 0
1700216604968 2.2767578125 0
1700216665968 2.292578125 0
1700216726836 2.287890625 0
1700216787683 2.316796875 0
1700216848489 2.3177734375 0
1700216909396 2.392578125 0
1700216970155 2.39453125 0
1700217031036 2.3140625 0
1700217091992 2.366796875 0
1700217152780 2.315625 0
1700217213669 2.3533203125 0
1700217275602 2.35 0
1700217337853 2.4591796875 0
1700217400056 2.428125 0
1700217460942 2.987109375 0
1700217521736 2.3697265625 0
1700217582616 2.3236328125 0
1700217643440 2.325 0
1700217704424 2.3099609375 0
1700217765586 2.3259765625 0
1700217826532 2.3103515625 0
1700217887431 2.3228515625 0
1700217948291 2.2716796875 0
1700218009181 2.44296875 0
1700218070216 2.3005859375 0
1700218131188 2.2763671875 0
1700218192059 2.2947265625 0
1700218252996 2.3048828125 0
1700218313948 2.30703125 0
1700218374871 2.38828125 0
1700218435776 2.3138671875 0
1700218496715 2.372265625 0
1700218557652 2.36484375 0
1700218618715 2.3373046875 0
1700218679684 2.31171875 0
1700218740520 2.337890625 0
1700218801388 2.38046875 0
1700218862396 2.3443359375 0
1700218923475 2.3212890625 0
1700218985782 2.3978515625 0
1700219047995 2.34296875 0
1700219109568 2.3908203125 0
1700219170610 2.3732421875 0
1700219231463 2.350390625 0
1700219292468 2.3955078125 0
1700219353503 2.3703125 0
1700219414427 2.446875 0
1700219475480 2.3955078125 0
1700219536524 2.4126953125 0
1700219597795 2.3841796875 0
1700219658979 3.5478515625 0
1700219719897 2.41328125 0
1700219780912 2.433984375 0
1700219841852 2.48125 0
1700219902987 2.4271484375 0
1700219963976 2.440234375 0
1700220024863 2.44375 0
1700220085854 2.529296875 0
1700220146904 2.394140625 0
1700220207792 2.4365234375 0
1700220268644 2.4158203125 0
1700220329540 2.446484375 0
1700220390408 2.372265625 0
1700220451503 2.4369140625 0
1700220512595 2.41328125 0
1700220573468 2.8806640625 0
1700220634488 2.3970703125 0
1700220695488 2.4501953125 0
1700220756504 2.4646484375 0
1700220817384 2.3994140625 0
1700220878212 2.427734375 0
1700220939059 2.46015625 0
1700221000059 2.503125 0
1700221061762 2.441015625 0
1700221124282 2.4353515625 0
1700221186948 2.430859375 0
1700221247740 2.4421875 0
1700221308517 2.4162109375 0
1700221369504 2.46953125 0
1700221430516 2.4501953125 0
1700221491480 2.4794921875 0
1700221552324 2.4345703125 0
1700221613123 2.436328125 0
1700221673961 2.4298828125 0
1700221734777 2.446484375 0
1700221795612 2.4052734375 0
1700221856516 2.4552734375 0
1700221917543 2.4859375 0
1700221978735 2.4703125 0
1700222039652 2.667578125 0
1700222100428 2.4859375 0
1700222161369 2.5037109375 0
1700222222132 2.4791015625 0
1700222282881 2.46015625 0
1700222343721 2.5734375 0
1700222404532 2.5265625 0
1700222465351 2.5541015625 0
1700222526059 2.5666015625 0
1700222586912 2.5482421875 0
1700222647706 2.583984375 0
1700222708571 2.9408203125 0
1700222769340 2.5767578125 0
1700222830033 2.572265625 0
1700222890922 2.6501953125 0
1700222951712 2.63359375 0
1700223012553 2.85546875 0
1700223074928 2.6125 0
1700223137228 2.6470703125 0
1700223198221 2.64609375 0
1700223259425 2.67109375 0
1700223320262 2.6638671875 0
1700223381304 2.612890625 0
1700223442067 2.6900390625 0
1700223502793 2.66796875 0
1700223563737 2.623828125 0
1700223624527 2.6951171875 0
1700223685228 2.6775390625 0
1700223745948 2.6333984375 0
1700223806558 2.6455078125 0
1700223867306 2.631640625 0
1700223927955 2.6537109375 0
1700223988768 2.7052734375 0
1700224049584 2.6580078125 0
1700224110283 2.67734375 0
1700224171062 2.6958984375 0
1700224231738 2.625 0
1700224329945 2.6986328125 0
1700224390776 2.6564453125 0
1700224451648 2.633203125 0
1700224512411 2.6693359375 0
1700224573106 2.6994140625 0
1700224633839 2.6779296875 0
1700224694704 2.7171875 0
1700224755498 2.6671875 0
1700224817755 2.64140625 0
1700224880439 2.6884765625 0
1700224942104 2.6591796875 0
1700225002880 2.66171875 0
1700225063781 2.662890625 0
1700225124752 2.6369140625 0
1700225185531 2.63125 0
1700225246456 2.6845703125 0
1700225307342 2.905859375 0
1700225368050 2.6662109375 0
1700225428876 2.6916015625 0
1700225489663 2.6802734375 0
1700225550415 2.8064453125 0
1700225611116 2.76640625 0
1700225672053 2.7041015625 0
1700225732848 2.69140625 0
1700225793643 2.7068359375 0
1700225854311 2.9078125 0
1700225915068 2.722265625 0
1700225975928 2.7361328125 0
1700226036632 2.719140625 0
1700226097512 2.781640625 0
1700226158424 2.8099609375 0
1700226219197 2.7943359375 0
1700226280500 2.8126953125 0
1700226341292 2.84140625 0
1700226403002 3.090234375 0
1700226465623 2.856640625 0
1700226527104 2.8458984375 0
1700226587824 2.8826171875 0
1700226648580 2.8509765625 0
1700226709480 2.9271484375 0
1700226770256 3.0328125 0
1700226831578 2.830078125 0
1700226892577 2.943359375 0
1700226953376 2.9107421875 0
1700227014316 2.9578125 0
1700227075216 2.926171875 0
1700227136059 3.0767578125 0
1700227196872 2.9130859375 0
1700227257818 2.9341796875 0
1700227318597 2.962109375 0
1700227379380 2.9623046875 0
1700227440219 2.973046875 0
1700227501109 3.021875 0
1700227562000 2.974609375 0
1700227622637 3.1126953125 0
1700227683416 2.9390625 0
1700227744137 3.0150390625 0
1700227804928 2.970703125 0
1700227865772 2.9955078125 0
1700227926654 2.985546875 0
1700227988219 3.1521484375 0
1700228051014 2.9779296875 0
1700228112158 3.0779296875 0
1700228172919 3.10546875 0
1700228233578 3.034375 0
1700228294212 2.9970703125 0
1700228354930 3.0474609375 0
1700228415757 3.03046875 0
1700228476610 3.0154296875 0
1700228537293 3.0416015625 0
1700228598019 3.070703125 0
1700228658792 2.980078125 0
1700228719599 3.0802734375 0
1700228780379 3.0533203125 0
1700228841080 3.090234375 0
1700228901808 2.994921875 0
1700228962628 3.0466796875 0
1700229023352 3.091796875 0
1700229084048 3.0658203125 0
1700229144737 3.05390625 0
1700229205508 3.0421875 0
1700229266260 3.0296875 0
1700229327012 3.1193359375 0
1700229387828 3.079296875 0
1700229448580 3.1005859375 0
1700229509352 3.1462890625 0
1700229570040 3.152734375 0
1700229630920 3.1046875 0
1700229691645 3.1125 0
1700229753048 3.11875 0
1700229815086 3.191796875 0
1700229876570 3.158984375 0
1700229937512 3.12109375 0
1700229998262 3.1662109375 0
1700230059021 3.1884765625 0
1700230119848 3.192578125 0
1700230180572 3.1921875 0
1700230241286 3.228125 0
1700230301952 3.2126953125 0
1700230362784 3.27578125 0
1700230423592 3.219921875 0
1700230484748 3.20859375 0
1700230545493 3.2251953125 0
1700230606388 3.155859375 0
1700230667129 3.1818359375 0
1700230727892 3.225390625 0
1700230788744 3.2373046875 0
1700230849572 3.2763671875 0
1700230910340 3.212109375 0
1700230971025 3.266015625 0
1700231031740 3.2501953125 0
1700231092448 3.285546875 0
1700231153140 3.2744140625 0
1700231213897 3.2564453125 0
1700231274548 3.30625 0
1700231335284 3.269921875 0
1700231396001 3.316796875 0
1700231456755 3.2787109375 0
1700231517507 3.294140625 0
1700231578428 3.31953125 0
1700231639602 3.355859375 0
1700231700246 3.38046875 0
1700231762188 3.4986328125 0
1700231824255 3.3845703125 0
1700231886420 3.3728515625 0
1700231947163 3.3751953125 0
1700232007876 3.36640625 0
1700232068596 3.434375 0
1700232129356 3.385546875 0
1700232190181 3.42578125 0
1700232250912 3.3759765625 0
1700232311572 3.4359375 0
1700232372200 3.4115234375 0
1700232432959 3.4259765625 0
1700232493816 3.4419921875 0
1700232554476 3.45 0
1700232615282 3.4626953125 0
1700232675961 3.465234375 0
1700232736717 3.4390625 0
1700232797433 3.4751953125 0
1700232858150 3.4443359375 0
1700232918881 3.515625 0
1700232979576 3.546875 0
1700233040279 3.6556640625 0
1700233101136 3.46328125 0
1700233161800 3.5130859375 0
1700233222488 3.52109375 0
1700233283262 3.528515625 0
1700233343978 3.7146484375 0
1700233404788 3.5552734375 0
1700233465492 3.5384765625 0
1700233526456 3.602734375 0
1700233588805 3.5669921875 0
1700233650378 3.675390625 0
1700233710951 3.55703125 0
1700233771484 3.60234375 0
1700233832184 3.5623046875 0
1700233892948 3.7203125 0
1700233953480 3.6919921875 0
1700234014115 3.5796875 0
1700234075464 3.642578125 0
1700234136155 3.6462890625 0
1700234196724 3.649609375 0
1700234257380 3.6669921875 0
1700234365948 3.6125 0
1700234426543 3.6703125 0
1700234487136 3.67890625 0
1700234547788 3.6826171875 0
1700234608480 3.74296875 0
1700234669064 3.673046875 0
1700234729530 3.696484375 0
1700234790264 3.6744140625 0
1700234850840 3.6265625 0
1700234911384 3.6607421875 0
1700234971999 3.8361328125 0
1700235032580 3.7103515625 0
1700235093291 3.71640625 0
1700235153786 3.6943359375 0
1700235214420 3.7576171875 0
1700235274985 3.70078125 0
1700235335557 3.7345703125 0
1700235396036 3.7248046875 0
1700235456528 3.7341796875 0
1700235518089 3.72578125 0
1700235580129 3.6939453125 0
1700235641604 3.70625 0
1700235702180 3.758203125 0
1700235762801 3.7474609375 0
1700235823384 3.7783203125 0
1700235883988 3.6857421875 0
1700235944472 3.719921875 0
1700236005018 3.78125 0
1700236065820 3.796484375 0
1700236126364 3.789453125 0
1700236186856 3.8947265625 0
1700236247444 3.7318359375 0
1700236308004 3.702734375 0
1700236368544 3.79296875 0
1700236429079 3.6904296875 0
1700236489796 3.7548828125 0
1700236550392 3.7587890625 0
1700236610943 3.7619140625 0
1700236671602 3.7708984375 0
1700236732188 3.749609375 0
1700236792734 3.7521484375 0
1700236853319 3.7642578125 0
1700236913952 3.690625 0
1700236974609 3.705859375 0
1700237035304 3.71171875 0
1700237095840 3.671484375 0
1700237156429 3.7095703125 0
1700237217021 3.7583984375 0
1700237277688 3.6837890625 0
1700237338218 3.754296875 0
1700237398948 3.72890625 0
1700237459548 3.8505859375 0
1700237520441 3.7154296875 0
1700237582567 3.713671875 0
1700237644824 3.71484375 0
1700237705972 3.7060546875 0
1700237766631 3.7375 0
1700237827176 3.7224609375 0
1700237887754 3.762109375 0
1700237948217 3.715234375 0
1700238008865 3.71328125 0
1700238069436 3.702734375 0
1700238129928 3.7353515625 0
1700238190532 3.7044921875 0
1700238251103 3.738671875 0
1700238311712 3.7521484375 0
1700238372242 3.726953125 0
1700238432920 3.69609375 0
1700238493528 3.6634765625 0
1700238554120 3.70234375 0
1700238614740 3.8875 0
1700238675403 3.699609375 0
1700238736083 3.705859375 0
1700238798061 3.712109375 0
1700238860254 3.6884765625 0
1700238922336 3.6923828125 0
1700238983065 3.73203125 0
1700239043708 3.661328125 0
1700239104232 3.6796875 0
1700239164768 3.6541015625 0
1700239225268 3.6775390625 0
1700239285903 3.7216796875 0
1700239346476 3.677734375 0
1700239407020 3.7849609375 0
1700239467469 3.688671875 0
1700239528233 3.73984375 0
1700239588792 3.6869140625 0
1700239649276 3.6943359375 0
1700239709760 3.7046875 0
1700239770273 3.646875 0
1700239831076 3.6576171875 0
1700239891707 3.70390625 0
1700239952170 3.6953125 0
1700240012704 3.7224609375 0
1700240073168 3.7044921875 0
1700240133745 3.661328125 0
1700240194236 3.734375 0
1700240254748 3.7076171875 0
1700240315315 3.697265625 0
1700240375701 3.69736328125 0
1700240436270 3.6853515625 0
1700240496888 3.68046875 0
1700240557557 3.7486328125 0
1700240618123 3.692578125 0
1700240678604 3.6787109375 0
1700240739176 3.658984375 0
1700240799700 3.7232421875 0
1700240860495 3.700390625 0
1700240921991 3.6984375 0
1700240984195 3.650390625 0
1700241045048 3.722265625 0
1700241105535 3.666796875 0
1700241166048 3.7251953125 0
1700241226768 3.6732421875 0
1700241287813 3.6751953125 0
1700241348384 3.705859375 0
1700241408914 3.7015625 0
1700241469476 3.6939453125 0
1700241529924 3.6830078125 0
1700241590469 3.67734375 0
1700241651072 3.6390625 0
1700241711550 3.662109375 0
1700241772144 3.6701171875 0
1700241832696 3.67109375 0
1700241893414 3.674609375 0
1700241954084 3.7208984375 0
1700242014590 3.64375 0
1700242075148 3.6701171875 0
1700242135868 3.6587890625 0
1700242196504 3.723046875 0
1700242257164 3.69296875 0
1700242317767 3.727734375 0
1700242378280 3.641796875 0
1700242438797 3.6568359375 0
1700242499426 3.6732421875 0
1700242560072 3.6923828125 0
1700242620664 3.6634765625 0
1700242681240 3.6716796875 0
1700242741846 3.7041015625 0
1700242802470 3.6341796875 0
1700242863937 3.6349609375 0
1700242926148 3.6546875 0
1700242988756 3.6326171875 0
1700243049404 3.65546875 0
1700243110132 3.620703125 0
1700243170820 3.5837890625 0
1700243231360 3.63125 0
1700243291920 3.618359375 0
1700243352468 3.61015625 0
1700243413198 3.598828125 0
1700243473716 3.5921875 0
1700243534419 3.5849609375 0
1700243594976 3.5568359375 0
1700243655670 3.5927734375 0
1700243716304 3.662890625 0
1700243776947 3.6130859375 0
1700243837533 3.6322265625 0
1700243898076 3.61953125 0
1700243958748 3.5572265625 0
1700244019416 3.5658203125 0
1700244080068 3.5828125 0
1700244140595 3.5609375 0
1700244201176 3.59765625 0
1700244261690 3.565625 0
1700244577488 3.597265625 0
1700244638056 3.497265625 0
1700244698767 3.58671875 0
1700244759364 3.6783203125 0
1700244819912 3.5822265625 0
1700244880904 3.558203125 0
1700244941600 3.581640625 0
1700245002320 3.654296875 0
1700245062884 3.60234375 0
1700245123616 3.557421875 0
1700245184196 3.5369140625 0
1700245244727 3.6001953125 0
1700245305560 3.580078125 0
1700245366133 3.5712890625 0
1700245426812 3.4994140625 0
1700245487436 3.5703125 0
1700245548084 3.5224609375 0
1700245608824 3.578125 0
1700245669532 3.565234375 0
1700245730252 3.5087890625 0
1700245790884 3.51875 0
1700245851460 3.6896484375 0
1700245912104 3.5625 0
1700245972676 3.6125 0
1700246033238 3.521875 0
1700246093892 3.5591796875 0
1700246154498 3.5451171875 0
1700246215088 3.6158203125 0
1700246275664 3.6056640625 0
1700246337053 3.540234375 0
1700246399070 3.53828125 0
1700246461643 3.573046875 0
1700246522460 3.569921875 0
1700246582987 3.53046875 0
1700246643704 3.5232421875 0
1700246704320 3.5041015625 0
1700246764865 3.5369140625 0
1700246825470 3.5546875 0
1700246886105 3.596875 0
1700246946827 3.5591796875 0
1700247007412 3.5619140625 0
1700247068125 3.7255859375 0
1700247128936 3.5009765625 0
1700247189544 3.5431640625 0
1700247250254 3.5009765625 0
1700247310953 3.5650390625 0
1700247371612 3.5173828125 0
1700247432320 3.498828125 0
1700247493188 3.626171875 0
1700247553844 3.643359375 0
1700247614568 3.56015625 0
1700247675208 3.5365234375 0
1700247735797 3.5626953125 0
1700247796392 3.587109375 0
1700247857153 3.5755859375 0
1700247917779 3.5818359375 0
1700247978384 3.6529296875 0
1700248038832 3.5638671875 0
1700248100349 3.5525390625 0
1700248163028 3.5177734375 0
1700248224540 3.5005859375 0
1700248285288 3.51015625 0
1700248345900 3.52734375 0
1700248406860 3.5904296875 0
1700248467637 3.5474609375 0
1700248528759 3.504296875 0
1700248589444 3.5337890625 0
1700248650072 3.52265625 0
1700248711144 3.56640625 0
1700248771837 3.5251953125 0
1700248832382 3.5341796875 0
1700248892989 3.6369140625 0
1700248953640 3.5109375 0
1700249014292 3.54765625 0
1700249074952 3.5466796875 0
1700249135548 3.5498046875 0
1700249196268 3.604296875 0
1700249256940 3.5888671875 0
1700249317500 3.61875 0
1700249378143 3.5169921875 0
1700249438767 3.515234375 0
1700249499388 3.51640625 0
1700249560036 3.555078125 0
1700249620868 3.56875 0
1700249681596 3.573046875 0
1700249742286 3.4935546875 0
1700249802844 3.5150390625 0
1700249863428 3.523046875 0
1700249924009 3.5115234375 0
1700249984696 3.487109375 0
1700250045505 3.5125 0
1700250106336 3.598828125 0
1700250166924 3.584375 0
1700250227499 3.5716796875 0
1700250289077 3.5318359375 0
1700250352404 3.4583984375 0
1700250413625 3.4818359375 0
1700250474240 3.5162109375 0
1700250534814 3.55703125 0
1700250595552 3.612890625 0
1700250656125 3.4974609375 0
1700250716784 3.506640625 0
1700250777464 3.4666015625 0
1700250838187 3.5341796875 0
1700250898733 3.5142578125 0
1700250959324 3.5328125 0
1700251020048 3.538671875 0
1700251080637 3.496484375 0
1700251141187 3.4845703125 0
1700251201740 3.5724609375 0
1700251262280 3.513671875 0
1700251324344 3.52421875 0
1700251386644 3.530078125 0
1700251447440 3.5220703125 0
1700251508064 3.54296875 0
1700251568660 3.491796875 0
1700251629294 3.5330078125 0
1700251689876 3.512890625 0
1700251750380 3.5138671875 0
1700251811064 3.5365234375 0
1700251871665 3.4970703125 0
1700251932308 3.5267578125 0
1700251992916 3.5498046875 0
1700252053600 3.51640625 0
1700252114692 3.47265625 0
1700252175224 3.5513671875 0
1700252235816 3.55703125 0
1700252296588 3.507421875 0
1700252357211 3.5359375 0
1700252418020 3.5025390625 0
1700252478784 3.54140625 0
1700252539394 3.512890625 0
1700252600213 3.508203125 0
1700252661060 3.5455078125 0
1700252721668 3.533984375 0
1700252782390 3.542578125 0
1700252843176 3.505859375 0
1700252903869 3.51015625 0
1700252964520 3.5115234375 0
1700253025082 3.5068359375 0
1700253085844 3.530859375 0
1700253146609 3.6119140625 0
1700253207284 3.4732421875 0
1700253267944 3.5181640625 0
1700253328531 3.562109375 0
1700253389184 3.55 0
1700253449840 3.546875 0
1700253510916 3.569140625 0
1700253573512 3.52578125 0
1700253636408 3.5384765625 0
1700253697324 3.546484375 0
1700253758087 3.5158203125 0
1700253818875 3.5482421875 0
1700253879536 3.5552734375 0
1700253940816 3.5396484375 0
1700254001392 3.5515625 0
1700254062128 3.479296875 0
1700254122928 3.5466796875 0
1700254183484 3.5142578125 0
1700254244227 3.606640625 0
1700254305032 3.5556640625 0
1700254365653 3.5125 0
1700254426448 3.6150390625 0
1700254484836 3.5873046875 0
