1700205987113 0.0 0
1700206032584 0.0 0
1700206083021 0.0 0
1700206133477 0.0 0
1700206183930 0.0 0
1700206234409 0.0 0
1700206284915 0.0 0
1700206335408 0.0 0
1700206385855 0.0 0
1700206436335 0.0 0
1700206486834 0.0 0
1700206537277 0.0 0
1700206587702 0.0 0
1700206638248 0.0 0
1700206688776 0.0 0
1700206739380 0.0 0
1700206789962 0.0 0
1700206840416 0.0 0
1700206890916 0.0 0
1700206941442 0.0 0
1700206991929 0.0 0
1700207042498 0.0 0
1700207093046 0.0 0
1700207143540 0.0 0
1700207194157 0.0 0
1700207244731 0.0 0
1700207295184 0.0 0
1700207345673 0.0 0
1700207396075 0.0 0
1700207446512 0.0 0
1700207496927 0.0 0
1700207547333 0.0 0
1700207597746 0.0 0
1700207648211 0.0 0
1700207698676 0.0 0
1700207749098 0.0 0
1700207799576 0.0 0
1700207850023 0.0 0
1700207900463 0.0 0
1700207950870 0.0 0
1700208001324 0.0 0
1700208051805 0.0 0
1700208102164 0.0 0
1700208152574 0.0 0
1700208202947 0.0 0
1700208253343 0.0 0
1700208303741 0.0 0
1700208354119 0.0 0
1700208404530 0.0 0
1700208454946 0.0 0
1700208505323 0.0 0
1700208555707 0.0 0
1700208606107 0.0 0
1700208656466 0.0 0
1700208707046 0.0 0
1700208757648 0.0 0
1700208808131 0.0 0
1700208858606 0.0 0
1700208908951 0.0 0
1700208959322 0.0 0
1700209009706 0.0 0
1700209060112 0.0 0
1700209110507 0.0 0
1700209160857 0.0 0
1700209211293 0.0 0
1700209261704 0.0 0
1700209312156 0.0 0
1700209362530 0.0 0
1700209412929 0.0 0
1700209463334 0.0 0
1700209513846 0.0 0
1700209564305 0.0 0
1700209614753 0.0 0
1700209665150 0.0 0
1700209715582 0.0 0
1700209765973 0.0 0
1700209816418 0.0 0
1700209866878 0.0 0
1700209917335 0.0 0
1700209967861 0.0 0
1700210018404 0.0 0
1700210068761 0.0 0
1700210119230 0.0 0
1700210169648 0.0 0
1700210220087 0.0 0
1700210270679 0.0 0
1700210321235 0.0 0
1700210371647 0.0 0
1700210422062 0.0 0
1700210472450 0.0 0
1700210522821 0.0 0
1700210573239 0.0 0
1700210623661 0.0 0
1700210674058 0.0 0
1700210724399 0.0 0
1700210774740 0.0 0
1700210825108 0.0 0
1700210875491 0.0 0
1700210925913 0.0 0
1700210976347 0.0 0
1700211026795 0.0 0
1700211077263 0.0 0
1700211127663 0.0 0
1700211178006 0.0 0
1700211228366 0.0 0
1700211278732 0.0 0
1700211329104 0.0 0
1700211379494 0.0 0
1700211429841 0.0 0
1700211480196 0.0 0
1700211530512 0.0 0
1700211580850 0.0 0
1700211631256 0.0 0
1700211681644 0.0 0
1700211732084 0.0 0
1700211782512 0.0 0
1700211833098 0.0 0
1700211883612 0.0 0
1700211934082 0.0 0
1700211984518 0.0 0
1700212034868 0.0 0
1700212085219 0.0 0
1700212135569 0.0 0
1700212185942 0.0 0
1700212236293 0.0 0
1700212286716 0.0 0
1700212337154 0.0 0
1700212387533 0.0 0
1700212437889 0.0 0
1700212488256 0.0 0
1700212538616 0.0 0
1700212589013 0.0 0
1700212639412 0.0 0
1700212689815 0.0 0
1700212740205 0.0 0
1700212790639 0.0 0
1700212841061 0.0 0
1700212891521 0.0 0
1700212941912 0.0 0
1700212992239 0.0 0
1700213042625 0.0 0
1700213093057 0.0 0
1700213143516 0.0 0
1700213193936 0.0 0
1700213244315 0.0 0
1700213294732 0.0 0
1700213345122 0.0 0
1700213395536 0.0 0
1700213445968 0.0 0
1700213496517 0.0 0
1700213547047 0.0 0
1700213597417 0.0 0
1700213647846 0.0 0
1700213698264 0.0 0
1700213748713 0.0 0
1700213799217 0.0 0
1700213849683 0.0 0
1700213900048 0.0 0
1700213950474 0.0 0
1700214000872 0.0 0
1700214051268 0.0 0
1700214101652 0.0 0
1700214152033 0.0 0
1700214202428 0.0 0
1700214285829 0.00395888090133667 0
1700214346783 0.004094898700714111 0
1700214407695 0.004236578941345215 0
1700214468492 0.004362165927886963 0
1700214529504 0.004487335681915283 0
1700214590323 0.004604756832122803 0
1700214651263 0.004745185375213623 0
1700214712143 0.005280494689941406 0
1700214772935 0.005487024784088135 0
1700214833688 0.005856454372406006 0
1700214894651 0.0066013336181640625 0
1700214955475 0.008705973625183105 0
1700215016445 0.014714717864990234 0
1700215077575 0.02750450372695923 0
1700215138462 0.04278087615966797 0
1700215199363 0.056655168533325195 0
1700215260271 0.0652269721031189 0
1700215321115 0.06872808933258057 0
1700215381889 0.06776309013366699 0
1700215443947 0.0643845796585083 0
1700215506808 0.059469521045684814 0
1700215568555 0.05211752653121948 0
1700215629308 0.035495877265930176 0
1700215690306 0.017830491065979004 0
1700215751369 0.013251900672912598 0
1700215812450 0.013184010982513428 0
1700215873428 0.013294100761413574 0
1700215934351 0.013376355171203613 0
1700215995702 0.013983070850372314 0
1700216056623 0.014653682708740234 0
1700216117547 0.015113294124603271 0
1700216178582 0.015558958053588867 0
1700216239507 0.016122519969940186 0
1700216300515 0.016986846923828125 0
1700216361419 0.018299341201782227 0
1700216422323 0.020341455936431885 0
1700216483169 0.02440345287322998 0
1700216544075 0.030979156494140625 0
1700216604971 0.04036986827850342 0
1700216665971 0.05030578374862671 0
1700216726839 0.06280583143234253 0
1700216787686 0.0727243423461914 0
1700216848493 0.08313935995101929 0
1700216909399 0.0920642614364624 0
1700216970157 0.09902763366699219 0
1700217031039 0.103779137134552 0
1700217091995 0.1066020131111145 0
1700217152783 0.10829848051071167 0
1700217213672 0.10883724689483643 0
1700217275606 0.10898846387863159 0
1700217337856 0.10872435569763184 0
1700217400059 0.10782438516616821 0
1700217460945 0.10548561811447144 0
1700217521740 0.10060369968414307 0
1700217582619 0.08882629871368408 0
1700217643443 0.07440346479415894 0
1700217704427 0.06555002927780151 0
1700217765589 0.06255370378494263 0
1700217826535 0.0640297532081604 0
1700217887434 0.06812727451324463 0
1700217948294 0.07298988103866577 0
1700218009184 0.07750225067138672 0
1700218070219 0.08094525337219238 0
1700218131191 0.08353346586227417 0
1700218192062 0.0857616662979126 0
1700218252999 0.08794033527374268 0
1700218313951 0.090370774269104 0
1700218374874 0.0927916169166565 0
1700218435779 0.09453743696212769 0
1700218496719 0.09584003686904907 0
1700218557655 0.09679198265075684 0
1700218618719 0.09859567880630493 0
1700218679687 0.10069161653518677 0
1700218740524 0.10289198160171509 0
1700218801391 0.10508120059967041 0
1700218862399 0.10737872123718262 0
1700218923478 0.10953390598297119 0
1700218985785 0.11136901378631592 0
1700219047998 0.11330747604370117 0
1700219109571 0.11534160375595093 0
1700219170613 0.11879479885101318 0
1700219231466 0.12153619527816772 0
1700219292471 0.12371408939361572 0
1700219353506 0.12580281496047974 0
1700219414430 0.128856360912323 0
1700219475484 0.13151437044143677 0
1700219536527 0.13384360074996948 0
1700219597798 0.13650715351104736 0
1700219658982 0.1398392915725708 0
1700219719900 0.14405250549316406 0
1700219780915 0.14746254682540894 0
1700219841856 0.1497061848640442 0
1700219902990 0.15155410766601562 0
1700219963979 0.1530684232711792 0
1700220024867 0.1538103222846985 0
1700220085857 0.15470224618911743 0
1700220146907 0.1556459665298462 0
1700220207796 0.1564313769340515 0
1700220268647 0.15683633089065552 0
1700220329543 0.1573832631111145 0
1700220390411 0.15787923336029053 0
1700220451506 0.1582750678062439 0
1700220512599 0.1586713194847107 0
1700220573471 0.1597687005996704 0
1700220634491 0.16068345308303833 0
1700220695491 0.16130703687667847 0
1700220756507 0.16172140836715698 0
1700220817387 0.162043035030365 0
1700220878215 0.16235792636871338 0
1700220939062 0.1626523733139038 0
1700221000063 0.16295772790908813 0
1700221061765 0.16325139999389648 0
1700221124286 0.1634470820426941 0
1700221186951 0.1636064648628235 0
1700221247743 0.16378873586654663 0
1700221308524 0.163965106010437 0
1700221369507 0.16411972045898438 0
1700221430519 0.16434520483016968 0
1700221491483 0.16467750072479248 0
1700221552327 0.16488909721374512 0
1700221613126 0.16516762971878052 0
1700221673964 0.1659957766532898 0
1700221734780 0.16724932193756104 0
1700221795615 0.168060302734375 0
1700221856519 0.16995912790298462 0
1700221917547 0.1716853380203247 0
1700221978738 0.1734558343887329 0
1700222039655 0.17605388164520264 0
1700222100431 0.18019229173660278 0
1700222161373 0.18433982133865356 0
1700222222136 0.18791884183883667 0
1700222282884 0.1911628246307373 0
1700222343725 0.194818913936615 0
1700222404535 0.19852948188781738 0
1700222465354 0.20160776376724243 0
1700222526062 0.20458060503005981 0
1700222586916 0.20776152610778809 0
1700222647709 0.211223304271698 0
1700222708574 0.214549720287323 0
1700222769343 0.2181113362312317 0
1700222830036 0.22116678953170776 0
1700222890925 0.22385895252227783 0
1700222951715 0.22570902109146118 0
1700223012556 0.22763276100158691 0
1700223074930 0.22940713167190552 0
1700223137234 0.231303870677948 0
1700223198225 0.23356187343597412 0
1700223259429 0.23558354377746582 0
1700223320265 0.23675483465194702 0
1700223381307 0.23766016960144043 0
1700223442070 0.238631010055542 0
1700223502796 0.2392929196357727 0
1700223563740 0.2398560643196106 0
1700223624531 0.24047738313674927 0
1700223685232 0.2414199709892273 0
1700223745950 0.2421584129333496 0
1700223806560 0.24251127243041992 0
1700223867309 0.2428067922592163 0
1700223927958 0.2432231903076172 0
1700223988771 0.24366319179534912 0
1700224049588 0.2440982460975647 0
1700224110286 0.2447870969772339 0
1700224171065 0.2452659010887146 0
1700224231741 0.24554443359375 0
1700224329948 0.24593079090118408 0
1700224390779 0.24647623300552368 0
1700224451651 0.24688738584518433 0
1700224512415 0.24744361639022827 0
1700224573110 0.2480531930923462 0
1700224633842 0.248712420463562 0
1700224694707 0.24950283765792847 0
1700224755501 0.2502281069755554 0
1700224817758 0.2515372633934021 0
1700224880441 0.2524225115776062 0
1700224942108 0.25289666652679443 0
1700225002883 0.2535405158996582 0
1700225063784 0.2541812062263489 0
1700225124755 0.2548016309738159 0
1700225185534 0.2553422451019287 0
1700225246459 0.25641143321990967 0
1700225307346 0.2579919695854187 0
1700225368053 0.2595895528793335 0
1700225428884 0.26199543476104736 0
1700225489665 0.2640528082847595 0
1700225550418 0.26551204919815063 0
1700225611119 0.2675831913948059 0
1700225672056 0.26920086145401 0
1700225732851 0.2701994776725769 0
1700225793646 0.2714099884033203 0
1700225854313 0.27304577827453613 0
1700225915071 0.2760891914367676 0
1700225975931 0.2794821858406067 0
1700226036636 0.2812182903289795 0
1700226097515 0.28306007385253906 0
1700226158428 0.28564292192459106 0
1700226219201 0.2872655391693115 0
1700226280504 0.2889869213104248 0
1700226341296 0.2910654544830322 0
1700226403007 0.29289180040359497 0
1700226465626 0.2948535680770874 0
1700226527108 0.2972596287727356 0
1700226587827 0.29924309253692627 0
1700226648584 0.300453782081604 0
1700226709483 0.3022146224975586 0
1700226770259 0.3045327067375183 0
1700226831582 0.3067496418952942 0
1700226892581 0.3083707094192505 0
1700226953380 0.3103974461555481 0
1700227014320 0.31242895126342773 0
1700227075220 0.3146764636039734 0
1700227136062 0.3168678879737854 0
1700227196876 0.31851905584335327 0
1700227257822 0.3197871446609497 0
1700227318601 0.32076001167297363 0
1700227379384 0.3223392367362976 0
1700227440222 0.3246990442276001 0
1700227501112 0.3262854814529419 0
1700227562004 0.32798469066619873 0
1700227622641 0.3292984962463379 0
1700227683420 0.3311340808868408 0
1700227744140 0.3330128788948059 0
1700227804931 0.33425426483154297 0
1700227865776 0.3350569009780884 0
1700227926658 0.33626610040664673 0
1700227988222 0.33738845586776733 0
1700228051018 0.3384937047958374 0
1700228112161 0.34006959199905396 0
1700228172922 0.3417050838470459 0
1700228233581 0.34344595670700073 0
1700228294216 0.3444920778274536 0
1700228354934 0.3454630374908447 0
1700228415761 0.3464834690093994 0
1700228476614 0.34731805324554443 0
1700228537297 0.3483844995498657 0
1700228598022 0.3493503928184509 0
1700228658796 0.3504832983016968 0
1700228719602 0.35138219594955444 0
1700228780383 0.3527567982673645 0
1700228841084 0.3538209795951843 0
1700228901812 0.3548735976219177 0
1700228962632 0.35611432790756226 0
1700229023356 0.3569789528846741 0
1700229084051 0.3579447269439697 0
1700229144741 0.35887610912323 0
1700229205511 0.3598783612251282 0
1700229266264 0.3606605529785156 0
1700229327016 0.3616673946380615 0
1700229387832 0.3628849387168884 0
1700229448584 0.3643884062767029 0
1700229509355 0.3658238649368286 0
1700229570044 0.3672049641609192 0
1700229630924 0.3684312701225281 0
1700229691648 0.36939090490341187 0
1700229753052 0.3706803321838379 0
1700229815089 0.3718986511230469 0
1700229876574 0.3729221820831299 0
1700229937514 0.3739945888519287 0
1700229998265 0.37570613622665405 0
1700230059025 0.37698179483413696 0
1700230119852 0.37783998250961304 0
1700230180576 0.3788772225379944 0
1700230241290 0.379940927028656 0
1700230301956 0.38112932443618774 0
1700230362788 0.3823282718658447 0
1700230423596 0.38372474908828735 0
1700230484752 0.3846890926361084 0
1700230545497 0.38573604822158813 0
1700230606391 0.3868117332458496 0
1700230667132 0.3880796432495117 0
1700230727896 0.3893187642097473 0
1700230788748 0.390657901763916 0
1700230849576 0.3918225169181824 0
1700230910343 0.3931909203529358 0
1700230971029 0.3942551612854004 0
1700231031744 0.3955093026161194 0
1700231092452 0.3966716527938843 0
1700231153144 0.3980588912963867 0
1700231213901 0.39926016330718994 0
1700231274551 0.4004961848258972 0
1700231335288 0.40155190229415894 0
1700231396004 0.4028877019882202 0
1700231456759 0.4048863649368286 0
1700231517511 0.407156765460968 0
1700231578432 0.409115731716156 0
1700231639605 0.4103432297706604 0
1700231700249 0.41200411319732666 0
1700231762192 0.41334718465805054 0
1700231824258 0.4147557020187378 0
1700231886422 0.4160041809082031 0
1700231947167 0.4174346327781677 0
1700232007879 0.41870933771133423 0
1700232068600 0.4201110005378723 0
1700232129360 0.42110729217529297 0
1700232190185 0.42254775762557983 0
1700232250916 0.4241161346435547 0
1700232311575 0.4250316023826599 0
1700232372203 0.42615264654159546 0
1700232432962 0.4273368716239929 0
1700232493819 0.42884236574172974 0
1700232554480 0.43030524253845215 0
1700232615285 0.4316708445549011 0
1700232675964 0.43304693698883057 0
1700232736721 0.4346558451652527 0
1700232797436 0.43581175804138184 0
1700232858153 0.4369847774505615 0
1700232918885 0.43799006938934326 0
1700232979580 0.43922775983810425 0
1700233040282 0.4409429430961609 0
1700233101139 0.4424806833267212 0
1700233161804 0.44416749477386475 0
1700233222492 0.4457269310951233 0
1700233283265 0.4474290609359741 0
1700233343982 0.4493277072906494 0
1700233404792 0.4508456587791443 0
1700233465496 0.4523013234138489 0
1700233526460 0.45366770029067993 0
1700233588809 0.4551393389701843 0
1700233650382 0.4566304087638855 0
1700233710954 0.45827966928482056 0
1700233771487 0.4598703980445862 0
1700233832188 0.46743911504745483 0
1700233892952 0.483145534992218 0
1700233953484 0.4885212182998657 0
1700234014119 0.4909664988517761 0
1700234075468 0.4921036958694458 0
1700234136158 0.49306660890579224 0
1700234196727 0.4939292073249817 0
1700234257382 0.4946301579475403 0
1700234365952 0.49537980556488037 0
1700234426547 0.4961223602294922 0
1700234487140 0.49702560901641846 0
1700234547792 0.4982309937477112 0
1700234608484 0.4994239807128906 0
1700234669068 0.5003455281257629 0
1700234729533 0.5014736652374268 0
1700234790268 0.5022659301757812 0
1700234850843 0.5029991865158081 0
1700234911388 0.5035660266876221 0
1700234972003 0.504067063331604 0
1700235032582 0.5050838589668274 0
1700235093295 0.5061683058738708 0
1700235153789 0.5071414709091187 0
1700235214424 0.5076979398727417 0
1700235274989 0.5083654522895813 0
1700235335560 0.5094027519226074 0
1700235396039 0.5099642276763916 0
1700235456532 0.51043701171875 0
1700235518092 0.5110605955123901 0
1700235580133 0.5116051435470581 0
1700235641607 0.5120208263397217 0
1700235702184 0.5123668909072876 0
1700235762804 0.5127447843551636 0
1700235823388 0.5131106376647949 0
1700235883992 0.5136253833770752 0
1700235944475 0.5139948725700378 0
1700236005021 0.514441728591919 0
1700236065824 0.5148314237594604 0
1700236126367 0.5152369141578674 0
1700236186860 0.515677273273468 0
1700236247448 0.5161370038986206 0
1700236308008 0.5170661211013794 0
1700236368548 0.5178694128990173 0
1700236429082 0.518419623374939 0
1700236489799 0.5187933444976807 0
1700236550395 0.5192674398422241 0
1700236610946 0.5195473432540894 0
1700236671605 0.5198830366134644 0
1700236732192 0.5201478004455566 0
1700236792737 0.5205106735229492 0
1700236853321 0.5207789540290833 0
1700236913956 0.5212244987487793 0
1700236974612 0.5216026306152344 0
1700237035308 0.5220049619674683 0
1700237095844 0.5222392082214355 0
1700237156432 0.5224059820175171 0
1700237217025 0.5225825309753418 0
1700237277692 0.5227309465408325 0
1700237338222 0.5228641033172607 0
1700237398952 0.5229857563972473 0
1700237459551 0.5232498645782471 0
1700237520444 0.5234567523002625 0
1700237582570 0.5235971212387085 0
1700237644827 0.5237351655960083 0
1700237705975 0.5239658355712891 0
1700237766633 0.5241726040840149 0
1700237827180 0.5243233442306519 0
1700237887758 0.5245155692100525 0
1700237948221 0.5246397256851196 0
1700238008869 0.5247567892074585 0
1700238069440 0.5248687267303467 0
1700238129931 0.5249912142753601 0
1700238190536 0.5251578092575073 0
1700238251107 0.5252997875213623 0
1700238311715 0.5254212617874146 0
1700238372246 0.5255372524261475 0
1700238432924 0.5256582498550415 0
1700238493531 0.5257484912872314 0
1700238554124 0.5258371829986572 0
1700238614744 0.5259010791778564 0
1700238675407 0.5260173678398132 0
1700238736087 0.5262029767036438 0
1700238798063 0.5263432860374451 0
1700238860257 0.5264211893081665 0
1700238922338 0.5264701843261719 0
1700238983069 0.5264809131622314 0
1700239043712 0.526502788066864 0
1700239104234 0.5265988111495972 0
1700239164771 0.526669442653656 0
1700239225272 0.5266413688659668 0
1700239285907 0.5267329216003418 0
1700239346480 0.5267958641052246 0
1700239407024 0.5268417000770569 0
1700239467472 0.5269526243209839 0
1700239528237 0.5270956754684448 0
1700239588796 0.5272186398506165 0
1700239649279 0.5272705554962158 0
1700239709764 0.5273196697235107 0
1700239770276 0.5273933410644531 0
1700239831080 0.5274642705917358 0
1700239891711 0.5275493860244751 0
1700239952173 0.5276226997375488 0
1700240012708 0.5277055501937866 0
1700240073172 0.5277897119522095 0
1700240133748 0.5278806090354919 0
1700240194239 0.527955949306488 0
1700240254752 0.5280141234397888 0
1700240315319 0.5280941128730774 0
1700240375705 0.5281451940536499 0
1700240436274 0.5281643867492676 0
1700240496892 0.5281341671943665 0
1700240557561 0.5281716585159302 0
1700240618126 0.5282490253448486 0
1700240678608 0.5283651351928711 0
1700240739180 0.5284690856933594 0
1700240799704 0.5284061431884766 0
1700240860498 0.5284547209739685 0
1700240921994 0.5285049676895142 0
1700240984199 0.528588593006134 0
1700241045052 0.5286335945129395 0
1700241105539 0.5286804437637329 0
1700241166050 0.5287355184555054 0
1700241226772 0.5288034677505493 0
1700241287816 0.5288902521133423 0
1700241348388 0.5288906097412109 0
1700241408917 0.5288131237030029 0
1700241469480 0.5287027359008789 0
1700241529928 0.5286821722984314 0
1700241590472 0.528616189956665 0
1700241651075 0.5285340547561646 0
1700241711554 0.5283358097076416 0
1700241772147 0.5281038880348206 0
1700241832699 0.5279982089996338 0
1700241893417 0.5279299020767212 0
1700241954088 0.5278746485710144 0
1700242014593 0.5277018547058105 0
1700242075151 0.5274043083190918 0
1700242135871 0.5270873308181763 0
1700242196508 0.5268464088439941 0
1700242257168 0.5265576839447021 0
1700242317770 0.5261402130126953 0
1700242378283 0.5255875587463379 0
1700242438801 0.5250495076179504 0
1700242499429 0.5245842933654785 0
1700242560076 0.5238921642303467 0
1700242620667 0.5228967666625977 0
1700242681244 0.5221102237701416 0
1700242741849 0.5209682583808899 0
1700242802474 0.5197768211364746 0
1700242863941 0.5187046527862549 0
1700242926152 0.5178790092468262 0
1700242988759 0.5169185400009155 0
1700243049407 0.5159857273101807 0
1700243110136 0.5151981115341187 0
1700243170824 0.5142272114753723 0
1700243231363 0.5134503841400146 0
1700243291923 0.5125750303268433 0
1700243352471 0.5118483304977417 0
1700243413202 0.511055588722229 0
1700243473720 0.5101599097251892 0
1700243534422 0.5091496109962463 0
1700243594980 0.5082628726959229 0
1700243655674 0.5074569582939148 0
1700243716307 0.5067023634910583 0
1700243776951 0.5059436559677124 0
1700243837536 0.5053278803825378 0
1700243898079 0.5048344135284424 0
1700243958751 0.5042321681976318 0
1700244019419 0.5036023259162903 0
1700244080072 0.5031027793884277 0
1700244140598 0.5025084614753723 0
1700244201179 0.5021600723266602 0
1700244261694 0.5017023086547852 0
1700244577491 0.5011618733406067 0
1700244638060 0.5008421540260315 0
1700244698770 0.5004162788391113 0
1700244759367 0.49986106157302856 0
1700244819916 0.49948650598526 0
1700244880908 0.49918806552886963 0
1700244941604 0.49883705377578735 0
1700245002324 0.4985441565513611 0
1700245062888 0.49843859672546387 0
1700245123619 0.49823033809661865 0
1700245184200 0.49803948402404785 0
1700245244731 0.4977973699569702 0
1700245305564 0.4975849390029907 0
1700245366136 0.49733972549438477 0
1700245426815 0.4970633387565613 0
1700245487440 0.49696624279022217 0
1700245548087 0.4968673586845398 0
1700245608828 0.49682652950286865 0
1700245669534 0.4966205954551697 0
1700245730256 0.49656349420547485 0
1700245790887 0.4964577555656433 0
1700245851464 0.49644339084625244 0
1700245912107 0.4964197278022766 0
1700245972679 0.4963836073875427 0
1700246033241 0.49632662534713745 0
1700246093896 0.4962022304534912 0
1700246154502 0.49618101119995117 0
1700246215090 0.49616342782974243 0
1700246275666 0.4962717294692993 0
1700246337057 0.49616169929504395 0
1700246399073 0.49618858098983765 0
1700246461646 0.4961891174316406 0
1700246522463 0.4961813688278198 0
1700246582990 0.496152400970459 0
1700246643708 0.49612659215927124 0
1700246704323 0.4960363507270813 0
1700246764869 0.4959854483604431 0
1700246825473 0.49601083993911743 0
1700246886109 0.49602240324020386 0
1700246946830 0.4959670305252075 0
1700247007414 0.49593544006347656 0
1700247068129 0.4958462715148926 0
1700247128940 0.4957731366157532 0
1700247189547 0.49573904275894165 0
1700247250257 0.49567127227783203 0
1700247310957 0.49569034576416016 0
1700247371616 0.4957461953163147 0
1700247432324 0.49571025371551514 0
1700247493191 0.4956275224685669 0
1700247553848 0.49557197093963623 0
1700247614572 0.4955863356590271 0
1700247675211 0.49575191736221313 0
1700247735801 0.4957372546195984 0
1700247796395 0.495707631111145 0
1700247857157 0.49556267261505127 0
1700247917783 0.49557173252105713 0
1700247978388 0.4955436587333679 0
1700248038836 0.49553191661834717 0
1700248100354 0.4954959750175476 0
1700248163032 0.49535107612609863 0
1700248224544 0.4952159523963928 0
1700248285292 0.49518173933029175 0
1700248345904 0.49512016773223877 0
1700248406863 0.49505454301834106 0
1700248467640 0.49500465393066406 0
1700248528763 0.49509990215301514 0
1700248589448 0.49514544010162354 0
1700248650076 0.4951975345611572 0
1700248711148 0.4952074885368347 0
1700248771840 0.4951820373535156 0
1700248832385 0.49513596296310425 0
1700248892993 0.4951171875 0
1700248953644 0.4951109290122986 0
1700249014296 0.4951193332672119 0
1700249074956 0.4951055645942688 0
1700249135551 0.4950714707374573 0
1700249196272 0.4950069785118103 0
1700249256944 0.4949039816856384 0
1700249317504 0.4948424696922302 0
1700249378147 0.49485892057418823 0
1700249438770 0.49488896131515503 0
1700249499392 0.4948786497116089 0
1700249560040 0.4948291778564453 0
1700249620871 0.4948238134384155 0
1700249681599 0.49484264850616455 0
1700249742289 0.4948919415473938 0
1700249802848 0.49489694833755493 0
1700249863432 0.4948248863220215 0
1700249924013 0.49480390548706055 0
1700249984699 0.49478626251220703 0
1700250045509 0.4947581887245178 0
1700250106340 0.4947319030761719 0
1700250166928 0.4947769045829773 0
1700250227503 0.49477672576904297 0
1700250289080 0.49478310346603394 0
1700250352407 0.4947919249534607 0
1700250413628 0.49474990367889404 0
1700250474244 0.494662344455719 0
1700250534817 0.49463069438934326 0
1700250595556 0.49459588527679443 0
1700250656129 0.4946233034133911 0
1700250716788 0.4947013258934021 0
1700250777468 0.4945608973503113 0
1700250838191 0.49454963207244873 0
1700250898737 0.49449896812438965 0
1700250959326 0.49460476636886597 0
1700251020052 0.49447101354599 0
1700251080641 0.4944477677345276 0
1700251141190 0.49441200494766235 0
1700251201744 0.4943825602531433 0
1700251262284 0.494343101978302 0
1700251324348 0.49432891607284546 0
1700251386647 0.49429720640182495 0
1700251447444 0.4942359924316406 0
1700251508068 0.49416685104370117 0
1700251568664 0.4941657781600952 0
1700251629298 0.4941394329071045 0
1700251689880 0.49410122632980347 0
1700251750384 0.494081974029541 0
1700251811067 0.49405568838119507 0
1700251871669 0.4940611720085144 0
1700251932312 0.49407869577407837 0
1700251992920 0.49407440423965454 0
1700252053603 0.4941082000732422 0
1700252114696 0.49404507875442505 0
1700252175228 0.4939703345298767 0
1700252235820 0.4939309358596802 0
1700252296592 0.49394339323043823 0
1700252357215 0.49396997690200806 0
1700252418025 0.49397099018096924 0
1700252478788 0.4939765930175781 0
1700252539397 0.4939418435096741 0
1700252600216 0.4938862919807434 0
1700252661064 0.49387288093566895 0
1700252721672 0.4938548803329468 0
1700252782394 0.493837833404541 0
1700252843179 0.49381017684936523 0
1700252903873 0.4938494563102722 0
1700252964524 0.49384987354278564 0
1700253025085 0.49389082193374634 0
1700253085848 0.49394863843917847 0
1700253146613 0.49421095848083496 0
1700253207288 0.4942958354949951 0
1700253267947 0.49432098865509033 0
1700253328534 0.49437814950942993 0
1700253389188 0.494424045085907 0
1700253449844 0.4944021701812744 0
1700253510920 0.4943402409553528 0
1700253573515 0.4942746162414551 0
1700253636410 0.49420666694641113 0
1700253697327 0.49419164657592773 0
1700253758090 0.4942029118537903 0
1700253818878 0.49422627687454224 0
1700253879540 0.49425995349884033 0
1700253940820 0.4942420721054077 0
1700254001396 0.4941975474357605 0
1700254062132 0.4941440224647522 0
1700254122932 0.4941178560256958 0
1700254183487 0.49406933784484863 0
1700254244231 0.49406981468200684 0
1700254305035 0.4941129684448242 0
1700254365657 0.4941469430923462 0
1700254426452 0.4941978454589844 0
1700254484840 0.4942373037338257 0
