1700205989500 4088.0 0
1700206034990 4088.0 0
1700206085409 4088.0 0
1700206135829 4088.0 0
1700206186297 4088.0 0
1700206236788 4088.0 0
1700206287257 4088.0 0
1700206337785 4088.0 0
1700206388227 4088.0 0
1700206438718 4088.0 0
1700206489187 4088.0 0
1700206539638 4088.0 0
1700206590134 4088.0 0
1700206640662 4088.0 0
1700206691298 4088.0 0
1700206741869 4088.0 0
1700206792336 4088.0 0
1700206842817 4088.0 0
1700206893350 4088.0 0
1700206943846 4088.0 0
1700206994415 4088.0 0
1700207044919 4088.0 0
1700207095458 4088.0 0
1700207146043 4088.0 0
1700207196653 4088.0 0
1700207247120 4088.0 0
1700207297573 4088.0 0
1700207348024 4088.0 0
1700207398457 4088.0 0
1700207448871 4088.0 0
1700207499276 4088.0 0
1700207549697 4088.0 0
1700207600149 4088.0 0
1700207650618 4088.0 0
1700207701056 4088.0 0
1700207751470 4088.0 0
1700207801964 4088.0 0
1700207852412 4088.0 0
1700207902807 4088.0 0
1700207953250 4088.0 0
1700208003732 4088.0 0
1700208054140 4088.0 0
1700208104533 4088.0 0
1700208154928 4088.0 0
1700208205321 4088.0 0
1700208255680 4088.0 0
1700208306074 4088.0 0
1700208356503 4088.0 0
1700208406942 4088.0 0
1700208457285 4088.0 0
1700208507696 4088.0 0
1700208558074 4088.0 0
1700208608449 4088.0 0
1700208658981 4088.0 0
1700208709583 4088.0 0
1700208760118 4088.0 0
1700208810560 4088.0 0
1700208860959 4088.0 0
1700208911324 4088.0 0
1700208961688 4088.0 0
1700209012052 4088.0 0
1700209062498 4088.0 0
1700209112852 4088.0 0
1700209163266 4088.0 0
1700209213649 4088.0 0
1700209264112 4088.0 0
1700209314494 4088.0 0
1700209364918 4088.0 0
1700209415293 4088.0 0
1700209465753 4088.0 0
1700209516272 4088.0 0
1700209566722 4088.0 0
1700209617141 4088.0 0
1700209667560 4088.0 0
1700209717951 4088.0 0
1700209768408 4088.0 0
1700209818820 4088.0 0
1700209869293 4088.0 0
1700209919840 4088.0 0
1700209970341 4088.0 0
1700210020765 4088.0 0
1700210071184 4088.0 0
1700210121608 4088.0 0
1700210172026 4088.0 0
1700210222624 4088.0 0
1700210273177 4088.0 0
1700210323622 4088.0 0
1700210374035 4088.0 0
1700210424428 4088.0 0
1700210474784 4088.0 0
1700210525225 4088.0 0
1700210575636 4088.0 0
1700210625992 4088.0 0
1700210676389 4088.0 0
1700210726754 4088.0 0
1700210777128 4088.0 0
1700210827454 4088.0 0
1700210877880 4088.0 0
1700210928341 4088.0 0
1700210978769 4088.0 0
1700211029234 4088.0 0
1700211079627 4088.0 0
1700211130035 4088.0 0
1700211180352 4088.0 0
1700211230705 4088.0 0
1700211281088 4088.0 0
1700211331498 4088.0 0
1700211381830 4088.0 0
1700211432182 4088.0 0
1700211482519 4088.0 0
1700211532854 4088.0 0
1700211583253 4088.0 0
1700211633635 4088.0 0
1700211684073 4088.0 0
1700211734469 4088.0 0
1700211785057 4088.0 0
1700211835580 4088.0 0
1700211886073 4088.0 0
1700211936537 4088.0 0
1700211986876 4088.0 0
1700212037240 4088.0 0
1700212087575 4088.0 0
1700212137949 4088.0 0
1700212188271 4088.0 0
1700212238679 4088.0 0
1700212289152 4088.0 0
1700212339563 4088.0 0
1700212389888 4088.0 0
1700212440233 4088.0 0
1700212490610 4088.0 0
1700212541015 4088.0 0
1700212591374 4088.0 0
1700212641791 4088.0 0
1700212692185 4088.0 0
1700212742576 4088.0 0
1700212793022 4088.0 0
1700212843458 4088.0 0
1700212893918 4088.0 0
1700212944266 4088.0 0
1700212994622 4088.0 0
1700213045037 4088.0 0
1700213095467 4088.0 0
1700213145933 4088.0 0
1700213196294 4088.0 0
1700213246747 4088.0 0
1700213297110 4088.0 0
1700213347540 4088.0 0
1700213397933 4088.0 0
1700213448454 4088.0 0
1700213499022 4088.0 0
1700213549419 4088.0 0
1700213599802 4088.0 0
1700213650196 4088.0 0
1700213700663 4088.0 0
1700213751180 4088.0 0
1700213801629 4088.0 0
1700213852051 4088.0 0
1700213902443 4088.0 0
1700213952879 4088.0 0
1700214003247 4088.0 0
1700214053630 4088.0 0
1700214104006 4088.0 0
1700214154432 4088.0 0
1700214204826 4088.0 0
1700214288244 4088.0 0
1700214349155 4087.0 0
1700214410041 4087.0 0
1700214470909 4087.0 0
1700214531952 4087.0 0
1700214592708 4087.0 0
1700214653658 4087.0 0
1700214714473 4087.0 0
1700214775269 4086.0 0
1700214836102 4086.0 0
1700214897006 4085.0 0
1700214957905 4084.0 0
1700215018876 4083.0 0
1700215079978 4082.0 0
1700215140825 4081.0 0
1700215201759 4081.0 0
1700215262701 4082.0 0
1700215323465 4083.0 0
1700215384356 4084.0 0
1700215446381 4085.0 0
1700215509313 4085.0 0
1700215570963 4086.0 0
1700215631755 4086.0 0
1700215692747 4086.0 0
1700215753815 4086.0 0
1700215814855 4086.0 0
1700215875861 4086.0 0
1700215936797 4086.0 0
1700215998145 4085.0 0
1700216059033 4085.0 0
1700216119925 4085.0 0
1700216180960 4085.0 0
1700216241949 4085.0 0
1700216302929 4085.0 0
1700216363866 4085.0 0
1700216424749 4085.0 0
1700216485562 4084.0 0
1700216546484 4084.0 0
1700216607388 4084.0 0
1700216668342 4083.0 0
1700216729217 4083.0 0
1700216790024 4083.0 0
1700216850891 4083.0 0
1700216911758 4082.0 0
1700216972541 4082.0 0
1700217033420 4083.0 0
1700217094365 4083.0 0
1700217155264 4084.0 0
1700217216143 4084.0 0
1700217278139 4084.0 0
1700217340375 4084.0 0
1700217402468 4084.0 0
1700217463353 4085.0 0
1700217524130 4084.0 0
1700217584996 4084.0 0
1700217645910 4084.0 0
1700217706865 4085.0 0
1700217768008 4085.0 0
1700217828943 4085.0 0
1700217889849 4086.0 0
1700217950694 4086.0 0
1700218011681 4086.0 0
1700218072624 4085.0 0
1700218133563 4085.0 0
1700218194415 4085.0 0
1700218255366 4085.0 0
1700218316350 4085.0 0
1700218377255 4085.0 0
1700218438184 4085.0 0
1700218499118 4085.0 0
1700218560070 4085.0 0
1700218621107 4086.0 0
1700218682082 4085.0 0
1700218742949 4086.0 0
1700218803824 4085.0 0
1700218864804 4085.0 0
1700218925862 4086.0 0
1700218988262 4086.0 0
1700219050505 4086.0 0
1700219112050 4086.0 0
1700219173015 4086.0 0
1700219233917 4086.0 0
1700219294844 4086.0 0
1700219355893 4086.0 0
1700219416796 4086.0 0
1700219477946 4085.0 0
1700219538917 4085.0 0
1700219600206 4085.0 0
1700219661355 4084.0 0
1700219722298 4083.0 0
1700219783338 4082.0 0
1700219844302 4083.0 0
1700219905409 4083.0 0
1700219966359 4084.0 0
1700220027296 4084.0 0
1700220088266 4085.0 0
1700220149312 4084.0 0
1700220210173 4085.0 0
1700220271040 4085.0 0
1700220331915 4085.0 0
1700220392797 4085.0 0
1700220453884 4086.0 0
1700220514991 4086.0 0
1700220575899 4085.0 0
1700220636910 4085.0 0
1700220697854 4085.0 0
1700220758915 4085.0 0
1700220819724 4085.0 0
1700220880588 4086.0 0
1700220941547 4086.0 0
1700221002511 4086.0 0
1700221064287 4086.0 0
1700221126769 4086.0 0
1700221189304 4086.0 0
1700221250133 4086.0 0
1700221310914 4086.0 0
1700221371886 4086.0 0
1700221432897 4086.0 0
1700221493845 4086.0 0
1700221554682 4086.0 0
1700221615491 4086.0 0
1700221676320 4085.0 0
1700221737132 4085.0 0
1700221798002 4085.0 0
1700221858946 4085.0 0
1700221919975 4085.0 0
1700221981142 4085.0 0
1700222042035 4084.0 0
1700222102852 4084.0 0
1700222163792 4084.0 0
1700222224512 4084.0 0
1700222285260 4084.0 0
1700222346110 4083.0 0
1700222406913 4082.0 0
1700222467748 4082.0 0
1700222528456 4082.0 0
1700222589313 4083.0 0
1700222650148 4083.0 0
1700222710970 4082.0 0
1700222771725 4081.0 0
1700222832447 4081.0 0
1700222893337 4081.0 0
1700222954160 4081.0 0
1700223015008 4081.0 0
1700223077434 4080.0 0
1700223139717 4080.0 0
1700223200606 4080.0 0
1700223261942 4080.0 0
1700223322800 4081.0 0
1700223383745 4081.0 0
1700223444522 4081.0 0
1700223505252 4081.0 0
1700223566161 4081.0 0
1700223626927 4081.0 0
1700223687594 4081.0 0
1700223748318 4081.0 0
1700223808946 4081.0 0
1700223869684 4081.0 0
1700223930346 4081.0 0
1700223991152 4081.0 0
1700224052021 4081.0 0
1700224112695 4081.0 0
1700224173414 4081.0 0
1700224234113 4081.0 0
1700224332336 4081.0 0
1700224393166 4081.0 0
1700224454032 4081.0 0
1700224514787 4082.0 0
1700224575519 4082.0 0
1700224636332 4082.0 0
1700224697153 4082.0 0
1700224757863 4082.0 0
1700224820292 4081.0 0
1700224882910 4081.0 0
1700224944503 4081.0 0
1700225005266 4081.0 0
1700225066235 4081.0 0
1700225127157 4081.0 0
1700225187955 4081.0 0
1700225248848 4081.0 0
1700225309726 4081.0 0
1700225370438 4079.0 0
1700225431279 4078.0 0
1700225492019 4078.0 0
1700225552830 4077.0 0
1700225613533 4077.0 0
1700225674468 4076.0 0
1700225735245 4076.0 0
1700225796022 4076.0 0
1700225856691 4075.0 0
1700225917446 4074.0 0
1700225978318 4073.0 0
1700226039061 4072.0 0
1700226099964 4071.0 0
1700226160821 4070.0 0
1700226221566 4069.0 0
1700226282857 4069.0 0
1700226343664 4067.0 0
1700226405542 4066.0 0
1700226468164 4064.0 0
1700226529460 4062.0 0
1700226590196 4061.0 0
1700226650998 4060.0 0
1700226711828 4059.0 0
1700226772748 4056.0 0
1700226834047 4054.0 0
1700226894965 4052.0 0
1700226955764 4050.0 0
1700227016692 4048.0 0
1700227077616 4046.0 0
1700227138424 4041.0 0
1700227199282 4038.0 0
1700227260211 4036.0 0
1700227320990 4035.0 0
1700227381764 4033.0 0
1700227442604 4031.0 0
1700227503554 4029.0 0
1700227564403 4026.0 0
1700227625016 4023.0 0
1700227685771 4020.0 0
1700227746525 4017.0 0
1700227807324 4015.0 0
1700227868161 4014.0 0
1700227929149 4010.0 0
1700227990718 4008.0 0
1700228053492 4005.0 0
1700228114481 4003.0 0
1700228175298 4001.0 0
1700228235916 3998.0 0
1700228296592 3997.0 0
1700228357304 3995.0 0
1700228418149 3994.0 0
1700228479000 3992.0 0
1700228539642 3989.0 0
1700228600390 3986.0 0
1700228661185 3984.0 0
1700228721994 3983.0 0
1700228782758 3982.0 0
1700228843481 3980.0 0
1700228904186 3979.0 0
1700228965055 3978.0 0
1700229025745 3977.0 0
1700229086423 3975.0 0
1700229147161 3974.0 0
1700229207882 3973.0 0
1700229268647 3973.0 0
1700229329416 3972.0 0
1700229390228 3971.0 0
1700229450935 3970.0 0
1700229511707 3967.0 0
1700229572410 3966.0 0
1700229633285 3964.0 0
1700229694162 3962.0 0
1700229755494 3960.0 0
1700229817600 3957.0 0
1700229879028 3955.0 0
1700229939918 3953.0 0
1700230000651 3951.0 0
1700230061404 3949.0 0
1700230122194 3948.0 0
1700230182932 3947.0 0
1700230243615 3944.0 0
1700230304381 3942.0 0
1700230365220 3939.0 0
1700230425972 3936.0 0
1700230487102 3934.0 0
1700230547859 3932.0 0
1700230608767 3929.0 0
1700230669493 3925.0 0
1700230730287 3922.0 0
1700230791143 3919.0 0
1700230851952 3916.0 0
1700230912728 3912.0 0
1700230973404 3908.0 0
1700231034095 3904.0 0
1700231094828 3898.0 0
1700231155501 3893.0 0
1700231216253 3888.0 0
1700231276960 3883.0 0
1700231337644 3878.0 0
1700231398369 3873.0 0
1700231459146 3867.0 0
1700231519872 3861.0 0
1700231580830 3854.0 0
1700231642008 3850.0 0
1700231702733 3845.0 0
1700231764689 3841.0 0
1700231826771 3838.0 0
1700231888770 3834.0 0
1700231949529 3832.0 0
1700232010241 3828.0 0
1700232071022 3824.0 0
1700232131830 3821.0 0
1700232192553 3818.0 0
1700232253259 3813.0 0
1700232313924 3811.0 0
1700232374535 3808.0 0
1700232435352 3805.0 0
1700232496201 3801.0 0
1700232556839 3798.0 0
1700232617689 3792.0 0
1700232678309 3788.0 0
1700232739105 3782.0 0
1700232799779 3778.0 0
1700232860533 3775.0 0
1700232921248 3772.0 0
1700232981993 3768.0 0
1700233042692 3763.0 0
1700233103521 3756.0 0
1700233164193 3748.0 0
1700233224870 3742.0 0
1700233285637 3736.0 0
1700233346336 3729.0 0
1700233407152 3724.0 0
1700233467874 3718.0 0
1700233528968 3713.0 0
1700233591232 3708.0 0
1700233652783 3703.0 0
1700233713311 3698.0 0
1700233773876 3691.0 0
1700233834571 3682.0 0
1700233895321 3670.0 0
1700233955861 3660.0 0
1700234016558 3653.0 0
1700234077922 3648.0 0
1700234138535 3644.0 0
1700234199099 3642.0 0
1700234259789 3639.0 0
1700234368368 3636.0 0
1700234428977 3632.0 0
1700234489561 3628.0 0
1700234550235 3625.0 0
1700234610859 3621.0 0
1700234671455 3616.0 0
1700234731958 3612.0 0
1700234792660 3609.0 0
1700234853243 3607.0 0
1700234913806 3606.0 0
1700234974426 3604.0 0
1700235035077 3600.0 0
1700235095669 3598.0 0
1700235156179 3597.0 0
1700235216847 3596.0 0
1700235277352 3595.0 0
1700235337913 3593.0 0
1700235398451 3592.0 0
1700235458909 3590.0 0
1700235520623 3589.0 0
1700235582664 3588.0 0
1700235643994 3587.0 0
1700235704592 3586.0 0
1700235765167 3585.0 0
1700235825766 3585.0 0
1700235886358 3584.0 0
1700235946939 3582.0 0
1700236007439 3581.0 0
1700236068178 3581.0 0
1700236128771 3581.0 0
1700236189257 3579.0 0
1700236249844 3578.0 0
1700236310369 3574.0 0
1700236370927 3571.0 0
1700236431480 3569.0 0
1700236492191 3568.0 0
1700236552798 3567.0 0
1700236613345 3566.0 0
1700236673971 3565.0 0
1700236734556 3564.0 0
1700236795131 3563.0 0
1700236855677 3562.0 0
1700236916352 3561.0 0
1700236977006 3559.0 0
1700237037686 3557.0 0
1700237098193 3557.0 0
1700237158795 3557.0 0
1700237219398 3557.0 0
1700237280064 3557.0 0
1700237340642 3556.0 0
1700237401340 3556.0 0
1700237461955 3556.0 0
1700237523056 3556.0 0
1700237584988 3556.0 0
1700237647330 3557.0 0
1700237708398 3557.0 0
1700237769009 3557.0 0
1700237829561 3557.0 0
1700237890110 3557.0 0
1700237950652 3557.0 0
1700238011222 3557.0 0
1700238071788 3557.0 0
1700238132329 3557.0 0
1700238192876 3557.0 0
1700238253510 3557.0 0
1700238314081 3557.0 0
1700238374589 3557.0 0
1700238435319 3557.0 0
1700238495941 3557.0 0
1700238556502 3557.0 0
1700238617180 3557.0 0
1700238677786 3557.0 0
1700238738476 3557.0 0
1700238800545 3557.0 0
1700238862967 3557.0 0
1700238924695 3557.0 0
1700238985422 3557.0 0
1700239046081 3558.0 0
1700239106646 3558.0 0
1700239167113 3558.0 0
1700239227710 3558.0 0
1700239288348 3558.0 0
1700239348843 3558.0 0
1700239409381 3558.0 0
1700239469913 3558.0 0
1700239530586 3558.0 0
1700239591145 3558.0 0
1700239651622 3558.0 0
1700239712137 3558.0 0
1700239772649 3558.0 0
1700239833505 3558.0 0
1700239894080 3559.0 0
1700239954518 3559.0 0
1700240015046 3559.0 0
1700240075545 3559.0 0
1700240136102 3559.0 0
1700240196614 3559.0 0
1700240257088 3559.0 0
1700240317672 3559.0 0
1700240378098 3559.0 0
1700240438682 3559.0 0
1700240499287 3560.0 0
1700240559925 3560.0 0
1700240620512 3560.0 0
1700240680962 3560.0 0
1700240741554 3560.0 0
1700240802081 3560.0 0
1700240862954 3560.0 0
1700240924401 3560.0 0
1700240986702 3560.0 0
1700241047423 3560.0 0
1700241107945 3561.0 0
1700241168542 3561.0 0
1700241229213 3561.0 0
1700241290209 3561.0 0
1700241350777 3561.0 0
1700241411294 3562.0 0
1700241471848 3563.0 0
1700241532326 3563.0 0
1700241592845 3564.0 0
1700241653447 3566.0 0
1700241713943 3567.0 0
1700241774527 3568.0 0
1700241835116 3569.0 0
1700241895824 3571.0 0
1700241956477 3572.0 0
1700242016987 3573.0 0
1700242077645 3576.0 0
1700242138289 3578.0 0
1700242198919 3580.0 0
1700242259562 3583.0 0
1700242320180 3586.0 0
1700242380695 3590.0 0
1700242441227 3595.0 0
1700242501802 3600.0 0
1700242562451 3606.0 0
1700242623079 3613.0 0
1700242683660 3620.0 0
1700242744265 3628.0 0
1700242804877 3637.0 0
1700242866531 3645.0 0
1700242928887 3651.0 0
1700242991123 3658.0 0
1700243051811 3666.0 0
1700243112623 3672.0 0
1700243173215 3679.0 0
1700243233742 3685.0 0
1700243294271 3691.0 0
1700243354844 3697.0 0
1700243415569 3703.0 0
1700243476072 3710.0 0
1700243536797 3717.0 0
1700243597372 3724.0 0
1700243657994 3730.0 0
1700243718673 3736.0 0
1700243779287 3741.0 0
1700243839876 3746.0 0
1700243900545 3750.0 0
1700243961142 3755.0 0
1700244021750 3759.0 0
1700244082467 3763.0 0
1700244143036 3767.0 0
1700244203576 3769.0 0
1700244264065 3773.0 0
1700244579872 3777.0 0
1700244640429 3781.0 0
1700244701133 3784.0 0
1700244761747 3787.0 0
1700244822339 3789.0 0
1700244883310 3792.0 0
1700244943989 3795.0 0
1700245004684 3797.0 0
1700245065255 3798.0 0
1700245125971 3800.0 0
1700245186579 3802.0 0
1700245247158 3803.0 0
1700245307961 3805.0 0
1700245368509 3807.0 0
1700245429197 3809.0 0
1700245489823 3810.0 0
1700245550465 3811.0 0
1700245611183 3812.0 0
1700245671923 3813.0 0
1700245732643 3813.0 0
1700245793268 3814.0 0
1700245853883 3813.0 0
1700245914475 3813.0 0
1700245975096 3814.0 0
1700246035640 3814.0 0
1700246096317 3815.0 0
1700246156899 3815.0 0
1700246217503 3814.0 0
1700246278041 3814.0 0
1700246339681 3814.0 0
1700246401625 3815.0 0
1700246464048 3815.0 0
1700246524866 3815.0 0
1700246585396 3815.0 0
1700246646089 3815.0 0
1700246706703 3815.0 0
1700246767271 3815.0 0
1700246827942 3815.0 0
1700246888539 3815.0 0
1700246949187 3815.0 0
1700247009815 3816.0 0
1700247070529 3816.0 0
1700247131331 3816.0 0
1700247191952 3817.0 0
1700247252694 3817.0 0
1700247313361 3817.0 0
1700247374012 3817.0 0
1700247434792 3817.0 0
1700247495596 3817.0 0
1700247556263 3817.0 0
1700247616996 3816.0 0
1700247677583 3816.0 0
1700247738174 3816.0 0
1700247798918 3816.0 0
1700247859539 3817.0 0
1700247920124 3817.0 0
1700247980750 3817.0 0
1700248041204 3817.0 0
1700248102855 3818.0 0
1700248165525 3818.0 0
1700248226928 3819.0 0
1700248287701 3819.0 0
1700248348423 3819.0 0
1700248409380 3819.0 0
1700248470051 3818.0 0
1700248531147 3818.0 0
1700248591808 3818.0 0
1700248652450 3818.0 0
1700248713514 3817.0 0
1700248774240 3817.0 0
1700248834789 3817.0 0
1700248895377 3817.0 0
1700248956046 3817.0 0
1700249016686 3817.0 0
1700249077343 3817.0 0
1700249137970 3817.0 0
1700249198642 3817.0 0
1700249259304 3817.0 0
1700249319863 3817.0 0
1700249380524 3817.0 0
1700249441178 3817.0 0
1700249501786 3817.0 0
1700249562413 3817.0 0
1700249623263 3817.0 0
1700249683966 3817.0 0
1700249744650 3817.0 0
1700249805241 3816.0 0
1700249865822 3816.0 0
1700249926395 3816.0 0
1700249987173 3817.0 0
1700250047990 3816.0 0
1700250108767 3816.0 0
1700250169302 3816.0 0
1700250229879 3816.0 0
1700250291712 3816.0 0
1700250355005 3816.0 0
1700250415939 3816.0 0
1700250476609 3816.0 0
1700250537182 3816.0 0
1700250597925 3816.0 0
1700250658462 3816.0 0
1700250719170 3816.0 0
1700250779905 3816.0 0
1700250840582 3816.0 0
1700250901086 3816.0 0
1700250961742 3816.0 0
1700251022431 3816.0 0
1700251083023 3816.0 0
1700251143526 3816.0 0
1700251204093 3816.0 0
1700251264627 3816.0 0
1700251326855 3816.0 0
1700251389157 3816.0 0
1700251449797 3816.0 0
1700251510446 3816.0 0
1700251571042 3816.0 0
1700251631694 3816.0 0
1700251692225 3816.0 0
1700251752770 3816.0 0
1700251813439 3816.0 0
1700251874017 3816.0 0
1700251934701 3816.0 0
1700251995394 3816.0 0
1700252056106 3816.0 0
1700252117062 3816.0 0
1700252177609 3816.0 0
1700252238175 3816.0 0
1700252299014 3816.0 0
1700252359580 3816.0 0
1700252420477 3816.0 0
1700252481130 3816.0 0
1700252541784 3815.0 0
1700252602670 3815.0 0
1700252663492 3815.0 0
1700252724101 3815.0 0
1700252784778 3815.0 0
1700252845581 3816.0 0
1700252906223 3816.0 0
1700252966887 3816.0 0
1700253027489 3815.0 0
1700253088232 3815.0 0
1700253149093 3814.0 0
1700253209678 3813.0 0
1700253270376 3813.0 0
1700253330949 3813.0 0
1700253391549 3813.0 0
1700253452188 3813.0 0
1700253513582 3813.0 0
1700253576115 3813.0 0
1700253638913 3813.0 0
1700253699760 3813.0 0
1700253760536 3813.0 0
1700253821297 3814.0 0
1700253881978 3813.0 0
1700253943233 3814.0 0
1700254003773 3814.0 0
1700254064507 3814.0 0
1700254125327 3814.0 0
1700254185913 3814.0 0
1700254246669 3813.0 0
1700254307463 3813.0 0
1700254368128 3813.0 0
1700254428877 3813.0 0
1700254487266 3812.0 0
