1700205987111 0.0 0
1700206032581 0.0 0
1700206083019 0.0 0
1700206133475 0.0 0
1700206183928 0.0 0
1700206234407 0.0 0
1700206284913 0.0 0
1700206335406 0.0 0
1700206385853 0.0 0
1700206436333 0.0 0
1700206486832 0.0 0
1700206537274 0.0 0
1700206587700 0.0 0
1700206638246 0.0 0
1700206688774 0.0 0
1700206739377 0.0 0
1700206789960 0.0 0
1700206840414 0.0 0
1700206890913 0.0 0
1700206941440 0.0 0
1700206991926 0.0 0
1700207042496 0.0 0
1700207093044 0.0 0
1700207143538 0.0 0
1700207194155 0.0 0
1700207244729 0.0 0
1700207295182 0.0 0
1700207345671 0.0 0
1700207396072 0.0 0
1700207446510 0.0 0
1700207496925 0.0 0
1700207547331 0.0 0
1700207597743 0.0 0
1700207648209 0.0 0
1700207698674 0.0 0
1700207749096 0.0 0
1700207799574 0.0 0
1700207850020 0.0 0
1700207900461 0.0 0
1700207950867 0.0 0
1700208001322 0.0 0
1700208051803 0.0 0
1700208102162 0.0 0
1700208152572 0.0 0
1700208202945 0.0 0
1700208253341 0.0 0
1700208303739 0.0 0
1700208354117 0.0 0
1700208404528 0.0 0
1700208454944 0.0 0
1700208505321 0.0 0
1700208555704 0.0 0
1700208606105 0.0 0
1700208656464 0.0 0
1700208707044 0.0 0
1700208757646 0.0 0
1700208808128 0.0 0
1700208858604 0.0 0
1700208908949 0.0 0
1700208959320 0.0 0
1700209009704 0.0 0
1700209060110 0.0 0
1700209110505 0.0 0
1700209160855 0.0 0
1700209211290 0.0 0
1700209261702 0.0 0
1700209312154 0.0 0
1700209362528 0.0 0
1700209412927 0.0 0
1700209463332 0.0 0
1700209513844 0.0 0
1700209564303 0.0 0
1700209614751 0.0 0
1700209665148 0.0 0
1700209715580 0.0 0
1700209765971 0.0 0
1700209816416 0.0 0
1700209866876 0.0 0
1700209917333 0.0 0
1700209967859 0.0 0
1700210018402 0.0 0
1700210068759 0.0 0
1700210119228 0.0 0
1700210169646 0.0 0
1700210220085 0.0 0
1700210270677 0.0 0
1700210321233 0.0 0
1700210371644 0.0 0
1700210422060 0.0 0
1700210472448 0.0 0
1700210522819 0.0 0
1700210573237 0.0 0
1700210623659 0.0 0
1700210674056 0.0 0
1700210724397 0.0 0
1700210774738 0.0 0
1700210825106 0.0 0
1700210875489 0.0 0
1700210925911 0.0 0
1700210976345 0.0 0
1700211026793 0.0 0
1700211077260 0.0 0
1700211127661 0.0 0
1700211178004 0.0 0
1700211228364 0.0 0
1700211278730 0.0 0
1700211329102 0.0 0
1700211379492 0.0 0
1700211429839 0.0 0
1700211480194 0.0 0
1700211530510 0.0 0
1700211580848 0.0 0
1700211631253 0.0 0
1700211681642 0.0 0
1700211732082 0.0 0
1700211782510 0.0 0
1700211833096 0.0 0
1700211883610 0.0 0
1700211934080 0.0 0
1700211984516 0.0 0
1700212034866 0.0 0
1700212085217 0.0 0
1700212135566 0.0 0
1700212185940 0.0 0
1700212236291 0.0 0
1700212286714 0.0 0
1700212337151 0.0 0
1700212387531 0.0 0
1700212437887 0.0 0
1700212488254 0.0 0
1700212538614 0.0 0
1700212589011 0.0 0
1700212639410 0.0 0
1700212689813 0.0 0
1700212740203 0.0 0
1700212790637 0.0 0
1700212841059 0.0 0
1700212891519 0.0 0
1700212941910 0.0 0
1700212992237 0.0 0
1700213042623 0.0 0
1700213093055 0.0 0
1700213143514 0.0 0
1700213193933 0.0 0
1700213244313 0.0 0
1700213294730 0.0 0
1700213345120 0.0 0
1700213395534 0.0 0
1700213445966 0.0 0
1700213496515 0.0 0
1700213547044 0.0 0
1700213597415 0.0 0
1700213647844 0.0 0
1700213698262 0.0 0
1700213748711 0.0 0
1700213799215 0.0 0
1700213849680 0.0 0
1700213900046 0.0 0
1700213950472 0.0 0
1700214000870 0.0 0
1700214051266 0.0 0
1700214101650 0.0 0
1700214152031 0.0 0
1700214202426 0.0 0
1700214285827 3.8207246689125896e-05 0
1700214346780 0.0018460917111951859 0
1700214407693 0.0025048470124602318 0
1700214468489 0.0005371429026126862 0
1700214529502 -0.002972504310309887 0
1700214590321 -0.0057976474985480305 0
1700214651261 -0.005407285317778588 0
1700214712141 -0.00038285031914711 0
1700214772932 0.00904777180403471 0
1700214833686 0.022920593805611133 0
1700214894649 0.03993117809295654 0
1700214955473 0.05457808375358582 0
1700215016442 0.049401354789733884 0
1700215077573 -0.018782246112823486 0
1700215138460 -0.13070828318595887 0
1700215199360 -0.19599493145942687 0
1700215260268 -0.16803871393203734 0
1700215321112 -0.07875878810882568 0
1700215381887 0.02041206359863281 0
1700215443944 0.09583034515380859 0
1700215506805 0.136383318901062 0
1700215568553 0.1370234966278076 0
1700215629305 0.0702534019947052 0
1700215690304 -0.0630819022655487 0
1700215751366 -0.12972710132598878 0
1700215812447 -0.127666699886322 0
1700215873425 -0.10771379470825196 0
1700215934349 -0.08066332340240479 0
1700215995699 -0.047634458541870116 0
1700216056621 -0.010102224349975587 0
1700216117545 0.030946826934814452 0
1700216178580 0.0759437084197998 0
1700216239504 0.12456657886505126 0
1700216300512 0.17553348541259767 0
1700216361417 0.22612544298171997 0
1700216422321 0.2728932499885559 0
1700216483166 0.3014382839202881 0
1700216544073 0.29886651039123535 0
1700216604969 0.24450578689575195 0
1700216665969 0.16008224487304687 0
1700216726837 0.04203214645385742 0
1700216787684 -0.07743654251098633 0
1700216848490 -0.1685810089111328 0
1700216909396 -0.24626903533935546 0
1700216970155 -0.27692627906799316 0
1700217031036 -0.2734782934188843 0
1700217091993 -0.2386602759361267 0
1700217152781 -0.18996549248695374 0
1700217213670 -0.13541077971458435 0
1700217275603 -0.08251982927322388 0
1700217337854 -0.03513932228088379 0
1700217400056 0.004766201972961426 0
1700217460942 0.03375289440155029 0
1700217521737 0.046341776847839355 0
1700217582617 0.030330538749694824 0
1700217643440 -0.004534995555877686 0
1700217704425 -0.019085657596588135 0
1700217765587 -0.008748173713684082 0
1700217826533 0.01153411865234375 0
1700217887431 0.029512739181518553 0
1700217948291 0.03998476266860962 0
1700218009182 0.044374728202819826 0
1700218070216 0.04652553200721741 0
1700218131189 0.04926031157374382 0
1700218192059 0.05271169617772102 0
1700218252997 0.05559437870979309 0
1700218313949 0.057017958164215087 0
1700218374872 0.0557801365852356 0
1700218435776 0.056868982315063474 0
1700218496716 0.06083831787109375 0
1700218557653 0.06834545135498046 0
1700218618716 0.07435503005981445 0
1700218679685 0.07389535903930664 0
1700218740521 0.07275428771972656 0
1700218801389 0.07043948173522949 0
1700218862396 0.06635656356811523 0
1700218923476 0.06249070167541504 0
1700218985783 0.06059455871582031 0
1700219047996 0.05891542434692383 0
1700219109569 0.05579853057861328 0
1700219170611 0.04481363296508789 0
1700219231464 0.027053165435791015 0
1700219292469 0.019352149963378907 0
1700219353503 0.013727855682373048 0
1700219414428 0.002691364288330078 0
1700219475481 -0.012132072448730468 0
1700219536524 -0.02102499008178711 0
1700219597796 -0.030349922180175782 0
1700219658980 -0.043628883361816403 0
1700219719897 -0.0655512809753418 0
1700219780913 -0.0830876350402832 0
1700219841853 -0.08943758010864258 0
1700219902988 -0.08638348579406738 0
1700219963977 -0.0823134422302246 0
1700220024864 -0.0728581428527832 0
1700220085855 -0.06284923553466797 0
1700220146904 -0.05485529899597168 0
1700220207793 -0.046769022941589355 0
1700220268644 -0.0386960506439209 0
1700220329541 -0.030947160720825196 0
1700220390409 -0.024564099311828614 0
1700220451504 -0.018633294105529784 0
1700220512596 -0.013275146484375 0
1700220573469 -0.009761953353881836 0
1700220634489 -0.007756972312927246 0
1700220695488 -0.004740238189697266 0
1700220756505 -0.0010677337646484374 0
1700220817385 0.0031728744506835938 0
1700220878213 0.007793879508972168 0
1700220939059 0.01296076774597168 0
1700221000060 0.018912482261657714 0
1700221061763 0.02584104537963867 0
1700221124283 0.0344120979309082 0
1700221186948 0.04510831832885742 0
1700221247741 0.057895326614379884 0
1700221308518 0.07301840782165528 0
1700221369505 0.09115934371948242 0
1700221430517 0.11216459274291993 0
1700221491480 0.13565402030944823 0
1700221552325 0.16279020309448242 0
1700221613124 0.19441070556640624 0
1700221673961 0.2261432647705078 0
1700221734777 0.2508347511291504 0
1700221795612 0.2827730178833008 0
1700221856517 0.30938034057617186 0
1700221917544 0.32424488067626955 0
1700221978735 0.3453847885131836 0
1700222039653 0.35165939331054685 0
1700222100429 0.3330432891845703 0
1700222161370 0.2871105194091797 0
1700222222133 0.2471691131591797 0
1700222282882 0.2113037109375 0
1700222343722 0.1772686004638672 0
1700222404533 0.12619171142578126 0
1700222465352 0.08725738525390625 0
1700222526059 0.05283088684082031 0
1700222586913 0.017862701416015626 0
1700222647707 -0.02509613037109375 0
1700222708571 -0.072021484375 0
1700222769341 -0.10940895080566407 0
1700222830033 -0.150958251953125 0
1700222890922 -0.1760578155517578 0
1700222951713 -0.1882160186767578 0
1700223012553 -0.18739852905273438 0
1700223074928 -0.1906280517578125 0
1700223137229 -0.19023208618164061 0
1700223198222 -0.19438629150390624 0
1700223259426 -0.2010477066040039 0
1700223320262 -0.1926025390625 0
1700223381305 -0.17636661529541015 0
1700223442067 -0.16020870208740234 0
1700223502794 -0.14328670501708984 0
1700223563737 -0.12374210357666016 0
1700223624528 -0.10599689483642578 0
1700223685229 -0.09207992553710938 0
1700223745948 -0.0809438705444336 0
1700223806558 -0.0651285171508789 0
1700223867306 -0.04754009246826172 0
1700223927955 -0.031565284729003905 0
1700223988769 -0.01728687286376953 0
1700224049585 -0.003016090393066406 0
1700224110283 0.009593963623046875 0
1700224171062 0.021387672424316405 0
1700224231739 0.037540626525878903 0
1700224329946 0.05458221435546875 0
1700224390777 0.07044658660888672 0
1700224451648 0.08762493133544921 0
1700224512412 0.10618972778320312 0
1700224573107 0.12446517944335937 0
1700224633839 0.14406108856201172 0
1700224694705 0.16364917755126954 0
1700224755498 0.18437690734863282 0
1700224817756 0.20187053680419922 0
1700224880439 0.2181833267211914 0
1700224942105 0.24691200256347656 0
1700225002880 0.2794464111328125 0
1700225063782 0.3132148742675781 0
1700225124753 0.34827232360839844 0
1700225185531 0.39011802673339846 0
1700225246457 0.42891616821289064 0
1700225307343 0.4553058624267578 0
1700225368051 0.4722705841064453 0
1700225428881 0.48071823120117185 0
1700225489663 0.4706451416015625 0
1700225550416 0.48714675903320315 0
1700225611116 0.49503021240234374 0
1700225672053 0.49696502685546873 0
1700225732849 0.5281059265136718 0
1700225793643 0.558380126953125 0
1700225854311 0.582379150390625 0
1700225915069 0.5630538940429688 0
1700225975929 0.5090011596679688 0
1700226036633 0.4791778564453125 0
1700226097513 0.4874542236328125 0
1700226158425 0.45975418090820314 0
1700226219198 0.43993072509765624 0
1700226280501 0.4543853759765625 0
1700226341293 0.43189544677734376 0
1700226403003 0.42535552978515623 0
1700226465623 0.422393798828125 0
1700226527104 0.39464111328125 0
1700226587825 0.36063690185546876 0
1700226648581 0.37049713134765627 0
1700226709480 0.3768096923828125 0
1700226770257 0.35641326904296877 0
1700226831579 0.32264251708984376 0
1700226892578 0.30507965087890626 0
1700226953377 0.29796905517578126 0
1700227014317 0.2722381591796875 0
1700227075217 0.24902191162109374 0
1700227136060 0.20609588623046876 0
1700227196873 0.19153289794921874 0
1700227257819 0.19691009521484376 0
1700227318598 0.2191192626953125 0
1700227379381 0.23302459716796875 0
1700227440220 0.20200347900390625 0
1700227501109 0.18105621337890626 0
1700227562001 0.18320770263671876 0
1700227622638 0.18539276123046874 0
1700227683417 0.1854400634765625 0
1700227744137 0.16354827880859374 0
1700227804929 0.1590606689453125 0
1700227865773 0.19292144775390624 0
1700227926655 0.22878570556640626 0
1700227988219 0.24710540771484374 0
1700228051015 0.2711944580078125 0
1700228112159 0.28115081787109375 0
1700228172919 0.27698974609375 0
1700228233579 0.2694610595703125 0
1700228294213 0.27687530517578124 0
1700228354931 0.31692352294921877 0
1700228415758 0.3449066162109375 0
1700228476611 0.39169921875 0
1700228537294 0.426837158203125 0
1700228598019 0.4607177734375 0
1700228658793 0.49781036376953125 0
1700228719600 0.530157470703125 0
1700228780380 0.559002685546875 0
1700228841081 0.5884521484375 0
1700228901809 0.6260162353515625 0
1700228962629 0.6585906982421875 0
1700229023353 0.697442626953125 0
1700229084048 0.74527587890625 0
1700229144738 0.8092803955078125 0
1700229205508 0.8474365234375 0
1700229266261 0.915582275390625 0
1700229327013 0.9668182373046875 0
1700229387829 1.0237762451171875 0
1700229448581 1.0406890869140626 0
1700229509352 1.0738525390625 0
1700229570041 1.096820068359375 0
1700229630921 1.13055419921875 0
1700229691645 1.190240478515625 0
1700229753049 1.2416656494140625 0
1700229815087 1.2798553466796876 0
1700229876571 1.331158447265625 0
1700229937512 1.4018890380859375 0
1700229998263 1.4252410888671876 0
1700230059022 1.45819091796875 0
1700230119849 1.52864990234375 0
1700230180573 1.6057159423828125 0
1700230241287 1.671051025390625 0
1700230301953 1.7381103515625 0
1700230362785 1.805609130859375 0
1700230423593 1.857257080078125 0
1700230484749 1.919671630859375 0
1700230545494 2.011517333984375 0
1700230606388 2.076873779296875 0
1700230667129 2.150830078125 0
1700230727893 2.21397705078125 0
1700230788745 2.271148681640625 0
1700230849573 2.3363525390625 0
1700230910340 2.40826416015625 0
1700230971026 2.4741455078125 0
1700231031741 2.560101318359375 0
1700231092449 2.6296630859375 0
1700231153141 2.69869384765625 0
1700231213898 2.769696044921875 0
1700231274548 2.8398681640625 0
1700231335285 2.932110595703125 0
1700231396001 3.01849365234375 0
1700231456756 3.04620361328125 0
1700231517508 2.998492431640625 0
1700231578429 2.95667724609375 0
1700231639602 2.9929443359375 0
1700231700247 3.0550537109375 0
1700231762189 3.08321533203125 0
1700231824256 3.1416748046875 0
1700231886420 3.21280517578125 0
1700231947164 3.26422119140625 0
1700232007876 3.332763671875 0
1700232068597 3.3916259765625 0
1700232129357 3.48245849609375 0
1700232190182 3.5861328125 0
1700232250913 3.5936279296875 0
1700232311572 3.68907470703125 0
1700232372200 3.81875 0
1700232432960 3.9054931640625 0
1700232493817 3.99554443359375 0
1700232554477 4.01728515625 0
1700232615283 4.09302978515625 0
1700232675961 4.14454345703125 0
1700232736718 4.1962890625 0
1700232797434 4.2551513671875 0
1700232858151 4.3678466796875 0
1700232918882 4.4858154296875 0
1700232979577 4.60113525390625 0
1700233040279 4.65528564453125 0
1700233101136 4.67430419921875 0
1700233161801 4.70821533203125 0
1700233222489 4.7299560546875 0
1700233283262 4.7515625 0
1700233343979 4.7402099609375 0
1700233404789 4.7507568359375 0
1700233465493 4.79931640625 0
1700233526457 4.8652587890625 0
1700233588806 4.9172607421875 0
1700233650379 4.9883056640625 0
1700233710951 5.00751953125 0
1700233771484 5.0302490234375 0
1700233832185 4.8910888671875 0
1700233892949 2.182275390625 0
1700233953481 0.8097412109375 0
1700234014116 0.453466796875 0
1700234075465 0.4296142578125 0
1700234136156 0.5213623046875 0
1700234196724 0.6482177734375 0
1700234257380 0.7894775390625 0
1700234365949 0.897607421875 0
1700234426544 0.7896728515625 0
1700234487137 0.6254150390625 0
1700234547789 0.4284423828125 0
1700234608481 0.2083740234375 0
1700234669065 0.01142578125 0
1700234729530 -0.18017578125 0
1700234790265 -0.3468505859375 0
1700234850840 -0.4905517578125 0
1700234911385 -0.603515625 0
1700234972000 -0.7073486328125 0
1700235032580 -0.8479248046875 0
1700235093292 -1.0444580078125 0
1700235153787 -1.224951171875 0
1700235214421 -1.359228515625 0
1700235274986 -1.4545166015625 0
1700235335557 -1.6157958984375 0
1700235396036 -1.7419677734375 0
1700235456529 -1.8350341796875 0
1700235518089 -1.9243408203125 0
1700235580130 -2.018212890625 0
1700235641604 -2.0920654296875 0
1700235702181 -2.1504638671875 0
1700235762801 -2.2043701171875 0
1700235823385 -2.2599365234375 0
1700235883989 -2.3220458984375 0
1700235944472 -2.3860595703125 0
1700236005019 -2.4460205078125 0
1700236065821 -2.504248046875 0
1700236126364 -2.5578369140625 0
1700236186857 -2.609619140625 0
1700236247445 -2.6783935546875 0
1700236308005 -2.7831298828125 0
1700236368546 -2.9006591796875 0
1700236429080 -2.9860107421875 0
1700236489796 -3.040966796875 0
1700236550393 -3.0904296875 0
1700236610944 -3.12412109375 0
1700236671602 -3.1545166015625 0
1700236732189 -3.1696533203125 0
1700236792734 -3.19339599609375 0
1700236853319 -3.21605224609375 0
1700236913953 -3.2509033203125 0
1700236974609 -3.27724609375 0
1700237035305 -3.3026611328125 0
1700237095841 -3.3259521484375 0
1700237156430 -3.32537841796875 0
1700237217022 -3.32061767578125 0
1700237277689 -3.3126953125 0
1700237338219 -3.30289306640625 0
1700237398949 -3.2885986328125 0
1700237459549 -3.28502197265625 0
1700237520442 -3.2864990234375 0
1700237582567 -3.27740478515625 0
1700237644824 -3.26353759765625 0
1700237705972 -3.253173828125 0
1700237766631 -3.2534912109375 0
1700237827177 -3.23944091796875 0
1700237887755 -3.229296875 0
1700237948218 -3.214453125 0
1700238008865 -3.1947998046875 0
1700238069437 -3.17490234375 0
1700238129929 -3.1526123046875 0
1700238190533 -3.1373291015625 0
1700238251104 -3.11907958984375 0
1700238311712 -3.09908447265625 0
1700238372243 -3.07694091796875 0
1700238432921 -3.05489501953125 0
1700238493529 -3.03050537109375 0
1700238554121 -3.00399169921875 0
1700238614741 -2.976666259765625 0
1700238675404 -2.94874267578125 0
1700238736084 -2.929498291015625 0
1700238798061 -2.91024169921875 0
1700238860254 -2.884234619140625 0
1700238922336 -2.853631591796875 0
1700238983066 -2.818780517578125 0
1700239043709 -2.78458251953125 0
1700239104232 -2.75316162109375 0
1700239164768 -2.723870849609375 0
1700239225269 -2.686480712890625 0
1700239285904 -2.654632568359375 0
1700239346477 -2.624908447265625 0
1700239407021 -2.5926025390625 0
1700239467469 -2.563330078125 0
1700239528234 -2.5366943359375 0
1700239588793 -2.51141357421875 0
1700239649276 -2.48143310546875 0
1700239709761 -2.44766845703125 0
1700239770274 -2.4150238037109375 0
1700239831077 -2.383056640625 0
1700239891708 -2.3516510009765623 0
1700239952171 -2.3205352783203126 0
1700240012705 -2.2878753662109377 0
1700240073169 -2.2563507080078127 0
1700240133745 -2.2256256103515626 0
1700240194237 -2.193182373046875 0
1700240254749 -2.15992431640625 0
1700240315316 -2.1262725830078124 0
1700240375702 -2.092218017578125 0
1700240436271 -2.056471252441406 0
1700240496889 -2.0180068969726563 0
1700240557558 -1.9801254272460938 0
1700240618123 -1.9457763671875 0
1700240678605 -1.9137710571289062 0
1700240739177 -1.8825439453125 0
1700240799701 -1.8466140747070312 0
1700240860496 -1.8070220947265625 0
1700240921991 -1.7708633422851563 0
1700240984196 -1.737096405029297 0
1700241045049 -1.7024032592773437 0
1700241105536 -1.6661174774169922 0
1700241166048 -1.6309432983398438 0
1700241226769 -1.5952184677124024 0
1700241287813 -1.5614262342453002 0
1700241348385 -1.524750828742981 0
1700241408915 -1.4846311569213868 0
1700241469477 -1.4417327880859374 0
1700241529925 -1.4030757904052735 0
1700241590469 -1.3635860443115235 0
1700241651073 -1.3247489929199219 0
1700241711551 -1.2817771911621094 0
1700241772145 -1.2396537780761718 0
1700241832696 -1.1981956481933593 0
1700241893414 -1.1597442626953125 0
1700241954085 -1.1237152099609375 0
1700242014590 -1.0848281860351563 0
1700242075149 -1.0440109252929688 0
1700242135869 -1.0019744873046874 0
1700242196505 -0.9626129150390625 0
1700242257165 -0.92503662109375 0
1700242317767 -0.8843246459960937 0
1700242378280 -0.8444305419921875 0
1700242438798 -0.8024688720703125 0
1700242499426 -0.7623916625976562 0
1700242560073 -0.7232040405273438 0
1700242620664 -0.6790603637695313 0
1700242681241 -0.6391464233398437 0
1700242741846 -0.5981857299804687 0
1700242802471 -0.5555618286132813 0
1700242863938 -0.51455078125 0
1700242926149 -0.4808746337890625 0
1700242988756 -0.4489776611328125 0
1700243049405 -0.417425537109375 0
1700243110133 -0.3899505615234375 0
1700243170821 -0.361871337890625 0
1700243231361 -0.336871337890625 0
1700243291921 -0.3127655029296875 0
1700243352468 -0.2909515380859375 0
1700243413199 -0.27021484375 0
1700243473717 -0.2466644287109375 0
1700243534420 -0.223138427734375 0
1700243594977 -0.2010101318359375 0
1700243655671 -0.1807708740234375 0
1700243716305 -0.16182861328125 0
1700243776948 -0.1440216064453125 0
1700243837533 -0.1280731201171875 0
1700243898077 -0.1152587890625 0
1700243958748 -0.102288818359375 0
1700244019416 -0.0885772705078125 0
1700244080069 -0.0753082275390625 0
1700244140595 -0.063531494140625 0
1700244201176 -0.05357666015625 0
1700244261691 -0.0439971923828125 0
1700244577488 -0.0335296630859375 0
1700244638057 -0.0230072021484375 0
1700244698767 -0.0135894775390625 0
1700244759364 -0.002490234375 0
1700244819913 0.00767822265625 0
1700244880905 0.0161285400390625 0
1700244941601 0.02440185546875 0
1700245002321 0.0324432373046875 0
1700245062885 0.0358978271484375 0
1700245123616 0.04154052734375 0
1700245184197 0.04676513671875 0
1700245244728 0.05152587890625 0
1700245305561 0.05745849609375 0
1700245366133 0.0622955322265625 0
1700245426812 0.069268798828125 0
1700245487437 0.075677490234375 0
1700245548084 0.0793914794921875 0
1700245608825 0.08123779296875 0
1700245669532 0.0851470947265625 0
1700245730253 0.089300537109375 0
1700245790884 0.0922149658203125 0
1700245851461 0.0944732666015625 0
1700245912105 0.095550537109375 0
1700245972677 0.09718017578125 0
1700246033238 0.0994781494140625 0
1700246093893 0.10321044921875 0
1700246154499 0.1052978515625 0
1700246215088 0.106817626953125 0
1700246275664 0.10673828125 0
1700246337054 0.1054290771484375 0
1700246399071 0.108990478515625 0
1700246461644 0.1089691162109375 0
1700246522460 0.1101898193359375 0
1700246582988 0.1115203857421875 0
1700246643705 0.1132293701171875 0
1700246704321 0.11591796875 0
1700246764866 0.1192352294921875 0
1700246825470 0.1203948974609375 0
1700246886106 0.1202301025390625 0
1700246946828 0.1219146728515625 0
1700247007412 0.124609375 0
1700247068126 0.1269744873046875 0
1700247128937 0.1316680908203125 0
1700247189544 0.1335662841796875 0
1700247250255 0.1365570068359375 0
1700247310954 0.138665771484375 0
1700247371613 0.1380523681640625 0
1700247432321 0.1386810302734375 0
1700247493189 0.1421875 0
1700247553844 0.146051025390625 0
1700247614569 0.1474090576171875 0
1700247675208 0.1430511474609375 0
1700247735798 0.1437896728515625 0
1700247796393 0.1453155517578125 0
1700247857154 0.152349853515625 0
1700247917780 0.153619384765625 0
1700247978385 0.155206298828125 0
1700248038833 0.1572723388671875 0
1700248100350 0.159088134765625 0
1700248163029 0.1636444091796875 0
1700248224541 0.171368408203125 0
1700248285289 0.17523956298828125 0
1700248345901 0.178546142578125 0
1700248406861 0.1824615478515625 0
1700248467637 0.1864990234375 0
1700248528760 0.18572235107421875 0
1700248589445 0.18583984375 0
1700248650073 0.18471832275390626 0
1700248711145 0.18577423095703124 0
1700248771838 0.18720550537109376 0
1700248832383 0.19054718017578126 0
1700248892990 0.19338226318359375 0
1700248953641 0.19513702392578125 0
1700249014293 0.19713134765625 0
1700249074953 0.198236083984375 0
1700249135549 0.20132293701171874 0
1700249196269 0.204620361328125 0
1700249256941 0.21061553955078124 0
1700249317501 0.21597747802734374 0
1700249378144 0.21859130859375 0
1700249438768 0.2189849853515625 0
1700249499389 0.22021026611328126 0
1700249560037 0.224005126953125 0
1700249620868 0.22664947509765626 0
1700249681597 0.22854156494140626 0
1700249742286 0.22841339111328124 0
1700249802845 0.22890472412109375 0
1700249863429 0.232574462890625 0
1700249924010 0.23698272705078124 0
1700249984697 0.2396697998046875 0
1700250045506 0.24233245849609375 0
1700250106337 0.24582366943359374 0
1700250166925 0.245941162109375 0
1700250227500 0.2475555419921875 0
1700250289077 0.2503021240234375 0
1700250352404 0.25158233642578126 0
1700250413625 0.25563201904296873 0
1700250474241 0.26240997314453124 0
1700250534815 0.26453857421875 0
1700250595553 0.2689910888671875 0
1700250656126 0.27104644775390624 0
1700250716785 0.27049560546875 0
1700250777465 0.27447052001953126 0
1700250838188 0.28056640625 0
1700250898734 0.28480987548828124 0
1700250959324 0.28312530517578127 0
1700251020049 0.28924713134765623 0
1700251080638 0.295892333984375 0
1700251141188 0.29891357421875 0
1700251201741 0.30311737060546873 0
1700251262281 0.3077392578125 0
1700251324345 0.31148834228515626 0
1700251386645 0.31591339111328126 0
1700251447441 0.3209724426269531 0
1700251508065 0.3275581359863281 0
1700251568661 0.33224945068359374 0
1700251629295 0.33503265380859376 0
1700251689877 0.34013671875 0
1700251750381 0.34454879760742185 0
1700251811065 0.34938812255859375 0
1700251871666 0.35228652954101564 0
1700251932309 0.3541679382324219 0
1700251992917 0.35717239379882815 0
1700252053601 0.3592506408691406 0
1700252114693 0.36236724853515623 0
1700252175225 0.3702789306640625 0
1700252235817 0.37723541259765625 0
1700252296589 0.3807212829589844 0
1700252357212 0.38198089599609375 0
1700252418021 0.3847373962402344 0
1700252478785 0.3871124267578125 0
1700252539395 0.39153900146484377 0
1700252600213 0.39759140014648436 0
1700252661061 0.40305938720703127 0
1700252721669 0.40711212158203125 0
1700252782391 0.41177520751953123 0
1700252843176 0.41662750244140623 0
1700252903870 0.41931953430175783 0
1700252964521 0.4211536407470703 0
1700253025082 0.4239208221435547 0
1700253085845 0.4219371795654297 0
1700253146610 0.41339988708496095 0
1700253207285 0.40429153442382815 0
1700253267944 0.4042689323425293 0
1700253328531 0.403287410736084 0
1700253389185 0.40244483947753906 0
1700253449841 0.4041047334671021 0
1700253510917 0.41010897159576415 0
1700253573513 0.4185325622558594 0
1700253636408 0.4265993595123291 0
1700253697325 0.4329414367675781 0
1700253758088 0.43592987060546873 0
1700253818875 0.4374073028564453 0
1700253879537 0.4379457473754883 0
1700253940817 0.440435791015625 0
1700254001393 0.4461925506591797 0
1700254062129 0.4535980224609375 0
1700254122929 0.45946922302246096 0
1700254183484 0.46597900390625 0
1700254244228 0.4715736389160156 0
1700254305033 0.4722621917724609 0
1700254365654 0.47242889404296873 0
1700254426449 0.4723777770996094 0
1700254484837 0.4710823059082031 0
