1700205987112 0.0 0
1700206032583 0.0 0
1700206083020 0.0 0
1700206133476 0.0 0
1700206183929 0.0 0
1700206234408 0.0 0
1700206284914 0.0 0
1700206335407 0.0 0
1700206385854 0.0 0
1700206436334 0.0 0
1700206486833 0.0 0
1700206537276 0.0 0
1700206587701 0.0 0
1700206638247 0.0 0
1700206688775 0.0 0
1700206739378 0.0 0
1700206789961 0.0 0
1700206840415 0.0 0
1700206890914 0.0 0
1700206941441 0.0 0
1700206991928 0.0 0
1700207042497 0.0 0
1700207093045 0.0 0
1700207143539 0.0 0
1700207194156 0.0 0
1700207244730 0.0 0
1700207295183 0.0 0
1700207345672 0.0 0
1700207396073 0.0 0
1700207446511 0.0 0
1700207496926 0.0 0
1700207547332 0.0 0
1700207597744 0.0 0
1700207648210 0.0 0
1700207698675 0.0 0
1700207749097 0.0 0
1700207799575 0.0 0
1700207850022 0.0 0
1700207900462 0.0 0
1700207950869 0.0 0
1700208001323 0.0 0
1700208051804 0.0 0
1700208102163 0.0 0
1700208152573 0.0 0
1700208202946 0.0 0
1700208253342 0.0 0
1700208303740 0.0 0
1700208354118 0.0 0
1700208404529 0.0 0
1700208454945 0.0 0
1700208505322 0.0 0
1700208555705 0.0 0
1700208606106 0.0 0
1700208656465 0.0 0
1700208707045 0.0 0
1700208757647 0.0 0
1700208808129 0.0 0
1700208858605 0.0 0
1700208908950 0.0 0
1700208959321 0.0 0
1700209009705 0.0 0
1700209060111 0.0 0
1700209110506 0.0 0
1700209160856 0.0 0
1700209211291 0.0 0
1700209261703 0.0 0
1700209312155 0.0 0
1700209362529 0.0 0
1700209412928 0.0 0
1700209463333 0.0 0
1700209513845 0.0 0
1700209564304 0.0 0
1700209614752 0.0 0
1700209665149 0.0 0
1700209715581 0.0 0
1700209765972 0.0 0
1700209816417 0.0 0
1700209866877 0.0 0
1700209917334 0.0 0
1700209967860 0.0 0
1700210018403 0.0 0
1700210068760 0.0 0
1700210119229 0.0 0
1700210169647 0.0 0
1700210220086 0.0 0
1700210270678 0.0 0
1700210321234 0.0 0
1700210371645 0.0 0
1700210422061 0.0 0
1700210472449 0.0 0
1700210522820 0.0 0
1700210573238 0.0 0
1700210623660 0.0 0
1700210674057 0.0 0
1700210724398 0.0 0
1700210774739 0.0 0
1700210825107 0.0 0
1700210875490 0.0 0
1700210925912 0.0 0
1700210976346 0.0 0
1700211026794 0.0 0
1700211077262 0.0 0
1700211127662 0.0 0
1700211178005 0.0 0
1700211228365 0.0 0
1700211278731 0.0 0
1700211329103 0.0 0
1700211379493 0.0 0
1700211429840 0.0 0
1700211480195 0.0 0
1700211530511 0.0 0
1700211580849 0.0 0
1700211631255 0.0 0
1700211681643 0.0 0
1700211732083 0.0 0
1700211782511 0.0 0
1700211833097 0.0 0
1700211883611 0.0 0
1700211934081 0.0 0
1700211984517 0.0 0
1700212034867 0.0 0
1700212085218 0.0 0
1700212135567 0.0 0
1700212185941 0.0 0
1700212236292 0.0 0
1700212286715 0.0 0
1700212337152 0.0 0
1700212387532 0.0 0
1700212437888 0.0 0
1700212488255 0.0 0
1700212538615 0.0 0
1700212589012 0.0 0
1700212639411 0.0 0
1700212689814 0.0 0
1700212740204 0.0 0
1700212790638 0.0 0
1700212841060 0.0 0
1700212891520 0.0 0
1700212941911 0.0 0
1700212992238 0.0 0
1700213042624 0.0 0
1700213093056 0.0 0
1700213143515 0.0 0
1700213193934 0.0 0
1700213244314 0.0 0
1700213294731 0.0 0
1700213345121 0.0 0
1700213395535 0.0 0
1700213445967 0.0 0
1700213496516 0.0 0
1700213547046 0.0 0
1700213597416 0.0 0
1700213647845 0.0 0
1700213698263 0.0 0
1700213748712 0.0 0
1700213799216 0.0 0
1700213849681 0.0 0
1700213900047 0.0 0
1700213950473 0.0 0
1700214000871 0.0 0
1700214051267 0.0 0
1700214101651 0.0 0
1700214152032 0.0 0
1700214202427 0.0 0
1700214285828 0.19988785684108734 0
1700214346782 1.1727755069732666 0
1700214407694 2.0151312351226807 0
1700214468491 2.55123233795166 0
1700214529503 2.5533082485198975 0
1700214590322 1.9064122438430786 0
1700214651262 0.7498389482498169 0
1700214712142 -0.6800742149353027 0
1700214772933 -2.2307167053222656 0
1700214833687 -3.8546721935272217 0
1700214894650 -5.505365371704102 0
1700214955474 -7.1223063468933105 0
1700215016444 -8.554364204406738 0
1700215077574 -9.246984481811523 0
1700215138461 -8.374588966369629 0
1700215199361 -6.334413528442383 0
1700215260269 -3.9519827365875244 0
1700215321114 -1.594623327255249 0
1700215381888 0.5971372127532959 0
1700215443945 2.5532853603363037 0
1700215506807 4.243587017059326 0
1700215568554 5.638964653015137 0
1700215629307 6.628376007080078 0
1700215690305 6.910088062286377 0
1700215751367 6.440821647644043 0
1700215812449 5.546535968780518 0
1700215873426 4.461472034454346 0
1700215934350 3.277608633041382 0
1700215995701 2.0316028594970703 0
1700216056622 0.7506073713302612 0
1700216117546 -0.5551260709762573 0
1700216178581 -1.885239601135254 0
1700216239506 -3.237992525100708 0
1700216300514 -4.607790946960449 0
1700216361418 -5.983813285827637 0
1700216422322 -7.351222038269043 0
1700216483167 -8.679466247558594 0
1700216544074 -9.914473533630371 0
1700216604970 -10.972189903259277 0
1700216665970 -11.77188491821289 0
1700216726838 -12.247008323669434 0
1700216787685 -12.331475257873535 0
1700216848492 -12.043547630310059 0
1700216909398 -11.385309219360352 0
1700216970156 -10.412382125854492 0
1700217031038 -9.204116821289062 0
1700217091994 -7.854504585266113 0
1700217152782 -6.440914154052734 0
1700217213671 -5.0200066566467285 0
1700217275604 -3.633175849914551 0
1700217337855 -2.3020997047424316 0
1700217400058 -1.0421208143234253 0
1700217460944 0.12431364506483078 0
1700217521738 1.1539965867996216 0
1700217582618 1.9442821741104126 0
1700217643442 2.3015620708465576 0
1700217704426 2.129253625869751 0
1700217765588 1.5280849933624268 0
1700217826534 0.6844708919525146 0
1700217887432 -0.23321379721164703 0
1700217948293 -1.1096640825271606 0
1700218009183 -1.8901033401489258 0
1700218070218 -2.5678813457489014 0
1700218131190 -3.166240692138672 0
1700218192061 -3.7132511138916016 0
1700218252998 -4.22625207901001 0
1700218313950 -4.711276054382324 0
1700218374873 -5.163381099700928 0
1700218435778 -5.586338520050049 0
1700218496717 -5.99676513671875 0
1700218557654 -6.413692474365234 0
1700218618717 -6.8468523025512695 0
1700218679686 -7.27802038192749 0
1700218740522 -7.693860054016113 0
1700218801390 -8.087687492370605 0
1700218862398 -8.454825401306152 0
1700218923477 -8.793034553527832 0
1700218985784 -9.107104301452637 0
1700219047997 -9.403881072998047 0
1700219109570 -9.683103561401367 0
1700219170612 -9.93313217163086 0
1700219231465 -10.119881629943848 0
1700219292470 -10.251492500305176 0
1700219353505 -10.345105171203613 0
1700219414429 -10.400968551635742 0
1700219475482 -10.398453712463379 0
1700219536525 -10.3411865234375 0
1700219597797 -10.235857009887695 0
1700219658981 -10.073219299316406 0
1700219719899 -9.820230484008789 0
1700219780914 -9.451485633850098 0
1700219841854 -8.985007286071777 0
1700219902989 -8.4618558883667 0
1700219963978 -7.90745735168457 0
1700220024865 -7.347407341003418 0
1700220085856 -6.8080878257751465 0
1700220146905 -6.294304370880127 0
1700220207794 -5.809503555297852 0
1700220268646 -5.360839366912842 0
1700220329542 -4.960665225982666 0
1700220390410 -4.610772609710693 0
1700220451505 -4.3144211769104 0
1700220512598 -4.075897693634033 0
1700220573470 -3.8916893005371094 0
1700220634490 -3.743478775024414 0
1700220695490 -3.6318931579589844 0
1700220756506 -3.567397117614746 0
1700220817386 -3.5611062049865723 0
1700220878214 -3.620380401611328 0
1700220939060 -3.749018669128418 0
1700221000062 -3.949502468109131 0
1700221061764 -4.222867965698242 0
1700221124284 -4.571268558502197 0
1700221186950 -4.999070644378662 0
1700221247742 -5.509157657623291 0
1700221308522 -6.102022171020508 0
1700221369506 -6.778387546539307 0
1700221430518 -7.538239002227783 0
1700221491482 -8.378206253051758 0
1700221552326 -9.29454517364502 0
1700221613125 -10.288188934326172 0
1700221673963 -11.3527193069458 0
1700221734779 -12.461169242858887 0
1700221795614 -13.601273536682129 0
1700221856518 -14.769754409790039 0
1700221917545 -15.933255195617676 0
1700221978737 -17.086238861083984 0
1700222039654 -18.216135025024414 0
1700222100430 -19.284879684448242 0
1700222161371 -20.232370376586914 0
1700222222134 -21.041500091552734 0
1700222282883 -21.724502563476562 0
1700222343723 -22.298158645629883 0
1700222404534 -22.75002670288086 0
1700222465353 -23.081266403198242 0
1700222526061 -23.309202194213867 0
1700222586914 -23.44266700744629 0
1700222647708 -23.473922729492188 0
1700222708573 -23.387603759765625 0
1700222769342 -23.187639236450195 0
1700222830035 -22.86686134338379 0
1700222890924 -22.441015243530273 0
1700222951714 -21.93507194519043 0
1700223012554 -21.386457443237305 0
1700223074929 -20.80611801147461 0
1700223137230 -20.200233459472656 0
1700223198224 -19.56540870666504 0
1700223259428 -18.88756561279297 0
1700223320264 -18.181360244750977 0
1700223381306 -17.480493545532227 0
1700223442069 -16.80539894104004 0
1700223502795 -16.16423797607422 0
1700223563739 -15.571635246276855 0
1700223624529 -15.035691261291504 0
1700223685230 -14.554632186889648 0
1700223745949 -14.118265151977539 0
1700223806559 -13.734557151794434 0
1700223867308 -13.420653343200684 0
1700223927957 -13.184056282043457 0
1700223988770 -13.023475646972656 0
1700224049586 -12.938426971435547 0
1700224110285 -12.927145004272461 0
1700224171064 -12.982245445251465 0
1700224231740 -13.111408233642578 0
1700224329947 -13.323896408081055 0
1700224390778 -13.618178367614746 0
1700224451650 -13.990229606628418 0
1700224512413 -14.44145393371582 0
1700224573109 -14.967164039611816 0
1700224633841 -15.563621520996094 0
1700224694706 -16.226167678833008 0
1700224755500 -16.9490909576416 0
1700224817757 -17.725543975830078 0
1700224880440 -18.53727912902832 0
1700224942106 -19.39691734313965 0
1700225002882 -20.3214054107666 0
1700225063783 -21.31187629699707 0
1700225124754 -22.36566162109375 0
1700225185533 -23.48470687866211 0
1700225246458 -24.6663875579834 0
1700225307344 -25.885528564453125 0
1700225368052 -27.11417007446289 0
1700225428882 -28.332111358642578 0
1700225489664 -29.504480361938477 0
1700225550417 -30.642404556274414 0
1700225611118 -31.762088775634766 0
1700225672055 -32.85270690917969 0
1700225732850 -33.937740325927734 0
1700225793645 -35.040130615234375 0
1700225854312 -36.15963363647461 0
1700225915070 -37.26274871826172 0
1700225975930 -38.28898239135742 0
1700226036634 -39.222137451171875 0
1700226097514 -40.110626220703125 0
1700226158426 -40.959686279296875 0
1700226219199 -41.753841400146484 0
1700226280502 -42.528133392333984 0
1700226341294 -43.27703857421875 0
1700226403005 -43.9984245300293 0
1700226465625 -44.70050048828125 0
1700226527106 -45.372257232666016 0
1700226587826 -45.99274444580078 0
1700226648582 -46.58511734008789 0
1700226709482 -47.17675018310547 0
1700226770258 -47.7535514831543 0
1700226831580 -48.293277740478516 0
1700226892580 -48.79130935668945 0
1700226953378 -49.267032623291016 0
1700227014318 -49.71299743652344 0
1700227075218 -50.12470626831055 0
1700227136061 -50.487037658691406 0
1700227196874 -50.80601501464844 0
1700227257820 -51.1085205078125 0
1700227318600 -51.42131423950195 0
1700227379382 -51.75700378417969 0
1700227440221 -52.087345123291016 0
1700227501111 -52.38475799560547 0
1700227562002 -52.66887664794922 0
1700227622639 -52.94873809814453 0
1700227683419 -53.230003356933594 0
1700227744139 -53.49788284301758 0
1700227804930 -53.74593734741211 0
1700227865774 -54.009132385253906 0
1700227926656 -54.31473922729492 0
1700227988221 -54.657432556152344 0
1700228051017 -55.033966064453125 0
1700228112160 -55.438385009765625 0
1700228172921 -55.85078048706055 0
1700228233580 -56.258296966552734 0
1700228294214 -56.66425704956055 0
1700228354933 -57.098350524902344 0
1700228415759 -57.57170486450195 0
1700228476612 -58.09422302246094 0
1700228537295 -58.67089080810547 0
1700228598020 -59.293724060058594 0
1700228658795 -59.963958740234375 0
1700228719601 -60.676490783691406 0
1700228780381 -61.429325103759766 0
1700228841082 -62.214263916015625 0
1700228901810 -63.036617279052734 0
1700228962631 -63.896549224853516 0
1700229023355 -64.79053497314453 0
1700229084050 -65.72840881347656 0
1700229144739 -66.72138214111328 0
1700229205510 -67.76163482666016 0
1700229266263 -68.85220336914062 0
1700229327014 -69.99394226074219 0
1700229387830 -71.18243408203125 0
1700229448582 -72.39547729492188 0
1700229509354 -73.62191009521484 0
1700229570042 -74.8558120727539 0
1700229630922 -76.09817504882812 0
1700229691647 -77.36241149902344 0
1700229753051 -78.65708923339844 0
1700229815088 -79.97251892089844 0
1700229876572 -81.30697631835938 0
1700229937513 -82.67178344726562 0
1700229998264 -84.05571746826172 0
1700230059023 -85.4415512084961 0
1700230119850 -86.84233093261719 0
1700230180574 -88.2744369506836 0
1700230241288 -89.73430633544922 0
1700230301954 -91.22134399414062 0
1700230362786 -92.73147583007812 0
1700230423594 -94.25677490234375 0
1700230484751 -95.79246520996094 0
1700230545496 -97.35075378417969 0
1700230606390 -98.92923736572266 0
1700230667131 -100.52437591552734 0
1700230727894 -102.13023376464844 0
1700230788747 -103.743408203125 0
1700230849574 -105.35924530029297 0
1700230910342 -106.9837646484375 0
1700230971027 -108.61223602294922 0
1700231031742 -110.25071716308594 0
1700231092451 -111.89776611328125 0
1700231153143 -113.5494613647461 0
1700231213899 -115.20413208007812 0
1700231274550 -116.86052703857422 0
1700231335286 -118.5230941772461 0
1700231396003 -120.19474792480469 0
1700231456758 -121.86366271972656 0
1700231517509 -123.49922943115234 0
1700231578430 -125.08631134033203 0
1700231639604 -126.63665771484375 0
1700231700248 -128.1779022216797 0
1700231762190 -129.7061309814453 0
1700231824257 -131.2281494140625 0
1700231886421 -132.74923706054688 0
1700231947165 -134.269775390625 0
1700232007878 -135.7908172607422 0
1700232068599 -137.31187438964844 0
1700232129358 -138.83677673339844 0
1700232190183 -140.37429809570312 0
1700232250914 -141.90870666503906 0
1700232311574 -143.43942260742188 0
1700232372202 -144.9836883544922 0
1700232432961 -146.54019165039062 0
1700232493818 -148.10556030273438 0
1700232554478 -149.66571044921875 0
1700232615284 -151.22056579589844 0
1700232675963 -152.7698974609375 0
1700232736719 -154.3134765625 0
1700232797435 -155.84825134277344 0
1700232858152 -157.38621520996094 0
1700232918883 -158.9330596923828 0
1700232979578 -160.49209594726562 0
1700233040281 -162.05445861816406 0
1700233101138 -163.60641479492188 0
1700233161803 -165.14503479003906 0
1700233222490 -166.66770935058594 0
1700233283264 -168.1746826171875 0
1700233343980 -169.66268920898438 0
1700233404790 -171.1287078857422 0
1700233465494 -172.58168029785156 0
1700233526458 -174.02780151367188 0
1700233588808 -175.4705047607422 0
1700233650380 -176.91026306152344 0
1700233710953 -178.34423828125 0
1700233771486 -179.76690673828125 0
1700233832187 -181.1736297607422 0
1700233892950 -182.2605743408203 0
1700233953483 -182.85910034179688 0
1700234014118 -183.170654296875 0
1700234075466 -183.3582305908203 0
1700234136157 -183.51512145996094 0
1700234196726 -183.6830596923828 0
1700234257381 -183.880615234375 0
1700234365950 -184.115234375 0
1700234426546 -184.3564453125 0
1700234487138 -184.57237243652344 0
1700234547790 -184.7447967529297 0
1700234608482 -184.86087036132812 0
1700234669066 -184.91696166992188 0
1700234729531 -184.91563415527344 0
1700234790266 -184.85780334472656 0
1700234850842 -184.7507781982422 0
1700234911386 -184.60073852539062 0
1700234972001 -184.41368103027344 0
1700235032581 -184.18870544433594 0
1700235093293 -183.91232299804688 0
1700235153788 -183.577880859375 0
1700235214422 -183.18910217285156 0
1700235274987 -182.7585906982422 0
1700235335559 -182.28317260742188 0
1700235396038 -181.75767517089844 0
1700235456530 -181.19102478027344 0
1700235518091 -180.58900451660156 0
1700235580131 -179.95091247558594 0
1700235641606 -179.27947998046875 0
1700235702182 -178.57955932617188 0
1700235762803 -177.85464477539062 0
1700235823386 -177.1054229736328 0
1700235883990 -176.33164978027344 0
1700235944474 -175.53062438964844 0
1700236005020 -174.70338439941406 0
1700236065822 -173.84934997558594 0
1700236126366 -172.96994018554688 0
1700236186858 -172.06582641601562 0
1700236247446 -171.1345977783203 0
1700236308006 -170.1697235107422 0
1700236368547 -169.1605682373047 0
1700236429081 -168.1088409423828 0
1700236489798 -167.0224151611328 0
1700236550394 -165.9080047607422 0
1700236610945 -164.7694091796875 0
1700236671604 -163.61080932617188 0
1700236732190 -162.43600463867188 0
1700236792736 -161.2465057373047 0
1700236853320 -160.0409698486328 0
1700236913955 -158.81861877441406 0
1700236974611 -157.57814025878906 0
1700237035307 -156.32017517089844 0
1700237095842 -155.0449676513672 0
1700237156431 -153.7574005126953 0
1700237217023 -152.4619140625 0
1700237277691 -151.16058349609375 0
1700237338221 -149.85476684570312 0
1700237398950 -148.54586791992188 0
1700237459550 -147.23326110839844 0
1700237520443 -145.91371154785156 0
1700237582569 -144.58798217773438 0
1700237644826 -143.25836181640625 0
1700237705974 -141.92547607421875 0
1700237766632 -140.58645629882812 0
1700237827178 -139.24227905273438 0
1700237887756 -137.89398193359375 0
1700237948219 -136.5419464111328 0
1700238008867 -135.1879425048828 0
1700238069438 -133.83279418945312 0
1700238129930 -132.4773406982422 0
1700238190534 -131.12066650390625 0
1700238251105 -129.76202392578125 0
1700238311714 -128.40182495117188 0
1700238372244 -127.04080963134766 0
1700238432922 -125.67929077148438 0
1700238493530 -124.31761932373047 0
1700238554122 -122.95671081542969 0
1700238614743 -121.5970230102539 0
1700238675405 -120.23914337158203 0
1700238736085 -118.88128662109375 0
1700238798062 -117.52146911621094 0
1700238860256 -116.16053771972656 0
1700238922337 -114.80056762695312 0
1700238983067 -113.44349670410156 0
1700239043711 -112.0904541015625 0
1700239104233 -110.7411117553711 0
1700239164770 -109.39411926269531 0
1700239225270 -108.05047607421875 0
1700239285906 -106.71112060546875 0
1700239346478 -105.37409973144531 0
1700239407022 -104.03941345214844 0
1700239467471 -102.70684814453125 0
1700239528236 -101.37493133544922 0
1700239588794 -100.04229736328125 0
1700239649278 -98.7093505859375 0
1700239709762 -97.37802124023438 0
1700239770275 -96.04899597167969 0
1700239831078 -94.72196197509766 0
1700239891709 -93.39666748046875 0
1700239952172 -92.07260131835938 0
1700240012707 -90.75006866455078 0
1700240073170 -89.4288558959961 0
1700240133747 -88.10850524902344 0
1700240194238 -86.78905487060547 0
1700240254750 -85.47089385986328 0
1700240315317 -84.15450286865234 0
1700240375703 -82.83982849121094 0
1700240436273 -81.52753448486328 0
1700240496891 -80.21882629394531 0
1700240557559 -78.91476440429688 0
1700240618125 -77.61405944824219 0
1700240678606 -76.3149642944336 0
1700240739178 -75.01598358154297 0
1700240799702 -73.71762084960938 0
1700240860497 -72.42315673828125 0
1700240921992 -71.13232421875 0
1700240984198 -69.84374237060547 0
1700241045050 -68.55652618408203 0
1700241105537 -67.2713623046875 0
1700241166049 -65.9881591796875 0
1700241226770 -64.70686340332031 0
1700241287815 -63.426658630371094 0
1700241348387 -62.14772415161133 0
1700241408916 -60.872371673583984 0
1700241469479 -59.60383224487305 0
1700241529927 -58.34198760986328 0
1700241590471 -57.08609390258789 0
1700241651074 -55.836036682128906 0
1700241711552 -54.59392547607422 0
1700241772146 -53.361507415771484 0
1700241832698 -52.139896392822266 0
1700241893416 -50.92729949951172 0
1700241954087 -49.72126007080078 0
1700242014592 -48.52220916748047 0
1700242075150 -47.332767486572266 0
1700242135870 -46.15654373168945 0
1700242196507 -44.99399185180664 0
1700242257166 -43.84342956542969 0
1700242317769 -42.707557678222656 0
1700242378282 -41.588565826416016 0
1700242438799 -40.49043273925781 0
1700242499428 -39.41588592529297 0
1700242560074 -38.36498260498047 0
1700242620666 -37.34425735473633 0
1700242681242 -36.35818099975586 0
1700242741848 -35.407936096191406 0
1700242802472 -34.500328063964844 0
1700242863939 -33.63945770263672 0
1700242926151 -32.8220329284668 0
1700242988758 -32.04323959350586 0
1700243049406 -31.30338478088379 0
1700243110135 -30.600215911865234 0
1700243170822 -29.93317985534668 0
1700243231362 -29.301895141601562 0
1700243291922 -28.70448875427246 0
1700243352470 -28.140356063842773 0
1700243413200 -27.60722541809082 0
1700243473718 -27.108165740966797 0
1700243534421 -26.64725112915039 0
1700243594979 -26.22540283203125 0
1700243655673 -25.841594696044922 0
1700243716306 -25.493846893310547 0
1700243776950 -25.180173873901367 0
1700243837535 -24.899070739746094 0
1700243898078 -24.646060943603516 0
1700243958750 -24.418306350708008 0
1700244019418 -24.21619415283203 0
1700244080070 -24.040515899658203 0
1700244140597 -23.889371871948242 0
1700244201178 -23.76139259338379 0
1700244261692 -23.65361976623535 0
1700244577490 -23.566003799438477 0
1700244638059 -23.500173568725586 0
1700244698769 -23.454265594482422 0
1700244759366 -23.429107666015625 0
1700244819914 -23.425893783569336 0
1700244880906 -23.442169189453125 0
1700244941602 -23.47626495361328 0
1700245002322 -23.52713394165039 0
1700245062886 -23.591323852539062 0
1700245123618 -23.665878295898438 0
1700245184198 -23.751142501831055 0
1700245244730 -23.846012115478516 0
1700245305562 -23.95203971862793 0
1700245366135 -24.068544387817383 0
1700245426814 -24.196428298950195 0
1700245487439 -24.33704948425293 0
1700245548086 -24.48751449584961 0
1700245608826 -24.64469337463379 0
1700245669533 -24.8072509765625 0
1700245730254 -24.977712631225586 0
1700245790886 -25.154212951660156 0
1700245851462 -25.33608055114746 0
1700245912106 -25.521146774291992 0
1700245972678 -25.708974838256836 0
1700246033240 -25.899885177612305 0
1700246093894 -26.095430374145508 0
1700246154501 -26.296010971069336 0
1700246215089 -26.499866485595703 0
1700246275665 -26.705646514892578 0
1700246337055 -26.909513473510742 0
1700246399072 -27.115903854370117 0
1700246461645 -27.32377815246582 0
1700246522462 -27.53292465209961 0
1700246582989 -27.743690490722656 0
1700246643706 -27.956668853759766 0
1700246704322 -28.172632217407227 0
1700246764867 -28.393278121948242 0
1700246825472 -28.6175594329834 0
1700246886107 -28.842866897583008 0
1700246946829 -29.069236755371094 0
1700247007413 -29.298681259155273 0
1700247068127 -29.531352996826172 0
1700247128938 -29.769405364990234 0
1700247189546 -30.012405395507812 0
1700247250256 -30.25945472717285 0
1700247310956 -30.510622024536133 0
1700247371614 -30.762977600097656 0
1700247432322 -31.015146255493164 0
1700247493190 -31.269729614257812 0
1700247553846 -31.52912139892578 0
1700247614570 -31.792339324951172 0
1700247675210 -32.05387496948242 0
1700247735800 -32.31267166137695 0
1700247796394 -32.571659088134766 0
1700247857156 -32.83583068847656 0
1700247917782 -33.10529327392578 0
1700247978386 -33.377464294433594 0
1700248038834 -33.65227508544922 0
1700248100352 -33.9294548034668 0
1700248163030 -34.210609436035156 0
1700248224542 -34.4999885559082 0
1700248285290 -34.797752380371094 0
1700248345902 -35.101078033447266 0
1700248406862 -35.40972900390625 0
1700248467639 -35.723854064941406 0
1700248528762 -36.04058074951172 0
1700248589446 -36.356834411621094 0
1700248650074 -36.671470642089844 0
1700248711147 -36.98516845703125 0
1700248771839 -37.299156188964844 0
1700248832384 -37.61545181274414 0
1700248892992 -37.9351806640625 0
1700248953642 -38.257545471191406 0
1700249014294 -38.58222961425781 0
1700249074954 -38.90831756591797 0
1700249135550 -39.236663818359375 0
1700249196270 -39.56835174560547 0
1700249256942 -39.905601501464844 0
1700249317502 -40.249942779541016 0
1700249378145 -40.599788665771484 0
1700249438769 -40.95169448852539 0
1700249499390 -41.304283142089844 0
1700249560039 -41.659175872802734 0
1700249620870 -42.01741027832031 0
1700249681598 -42.37814712524414 0
1700249742288 -42.739463806152344 0
1700249802846 -43.10021209716797 0
1700249863430 -43.462310791015625 0
1700249924011 -43.82865524291992 0
1700249984698 -44.19865036010742 0
1700250045508 -44.57160186767578 0
1700250106338 -44.947975158691406 0
1700250166927 -45.32615661621094 0
1700250227501 -45.70469284057617 0
1700250289079 -46.08518600463867 0
1700250352406 -46.467079162597656 0
1700250413626 -46.85144805908203 0
1700250474242 -47.241451263427734 0
1700250534816 -47.63591766357422 0
1700250595554 -48.034603118896484 0
1700250656127 -48.43681716918945 0
1700250716787 -48.83987045288086 0
1700250777467 -49.24287414550781 0
1700250838189 -49.65177917480469 0
1700250898736 -50.06550216674805 0
1700250959325 -50.480865478515625 0
1700251020050 -50.89794158935547 0
1700251080639 -51.32156753540039 0
1700251141189 -51.749839782714844 0
1700251201742 -52.18229293823242 0
1700251262282 -52.619102478027344 0
1700251324346 -53.060176849365234 0
1700251386646 -53.505252838134766 0
1700251447442 -53.95476531982422 0
1700251508066 -54.41023254394531 0
1700251568662 -54.87175369262695 0
1700251629296 -55.33664321899414 0
1700251689878 -55.805477142333984 0
1700251750383 -56.27864074707031 0
1700251811066 -56.756019592285156 0
1700251871667 -57.236854553222656 0
1700251932310 -57.71955108642578 0
1700251992919 -58.203704833984375 0
1700252053602 -58.689422607421875 0
1700252114694 -59.176273345947266 0
1700252175227 -59.66787338256836 0
1700252235819 -60.1661262512207 0
1700252296591 -60.66942596435547 0
1700252357213 -61.17475128173828 0
1700252418023 -61.68119812011719 0
1700252478786 -62.18895721435547 0
1700252539396 -62.698646545410156 0
1700252600215 -63.21225357055664 0
1700252661062 -63.730873107910156 0
1700252721670 -64.25337219238281 0
1700252782393 -64.77948760986328 0
1700252843178 -65.30927276611328 0
1700252903872 -65.84212493896484 0
1700252964522 -66.37590789794922 0
1700253025084 -66.91098022460938 0
1700253085846 -67.4447021484375 0
1700253146612 -67.97293853759766 0
1700253207286 -68.4889144897461 0
1700253267946 -68.99765014648438 0
1700253328533 -69.50263214111328 0
1700253389186 -70.00447082519531 0
1700253449842 -70.50450897216797 0
1700253510919 -71.00656127929688 0
1700253573514 -71.51434326171875 0
1700253636409 -72.0293960571289 0
1700253697326 -72.55166625976562 0
1700253758089 -73.07839965820312 0
1700253818877 -73.6070785522461 0
1700253879539 -74.13607788085938 0
1700253940819 -74.66511535644531 0
1700254001395 -75.19673919677734 0
1700254062130 -75.73334503173828 0
1700254122930 -76.27555084228516 0
1700254183486 -76.82310485839844 0
1700254244229 -77.37608337402344 0
1700254305034 -77.93159484863281 0
1700254365655 -78.48688507080078 0
1700254426450 -79.04100799560547 0
1700254484839 -79.59284210205078 0
