1700205987113 0.0 0
1700206032583 0.0 0
1700206083020 0.0 0
1700206133477 0.0 0
1700206183930 0.0 0
1700206234408 0.0 0
1700206284915 0.0 0
1700206335407 0.0 0
1700206385855 0.0 0
1700206436334 0.0 0
1700206486834 0.0 0
1700206537276 0.0 0
1700206587701 0.0 0
1700206638247 0.0 0
1700206688775 0.0 0
1700206739379 0.0 0
1700206789961 0.0 0
1700206840416 0.0 0
1700206890915 0.0 0
1700206941441 0.0 0
1700206991928 0.0 0
1700207042498 0.0 0
1700207093045 0.0 0
1700207143540 0.0 0
1700207194156 0.0 0
1700207244731 0.0 0
1700207295184 0.0 0
1700207345672 0.0 0
1700207396074 0.0 0
1700207446512 0.0 0
1700207496927 0.0 0
1700207547332 0.0 0
1700207597745 0.0 0
1700207648211 0.0 0
1700207698676 0.0 0
1700207749097 0.0 0
1700207799575 0.0 0
1700207850022 0.0 0
1700207900462 0.0 0
1700207950869 0.0 0
1700208001323 0.0 0
1700208051805 0.0 0
1700208102164 0.0 0
1700208152574 0.0 0
1700208202947 0.0 0
1700208253343 0.0 0
1700208303741 0.0 0
1700208354118 0.0 0
1700208404529 0.0 0
1700208454946 0.0 0
1700208505322 0.0 0
1700208555706 0.0 0
1700208606107 0.0 0
1700208656465 0.0 0
1700208707045 0.0 0
1700208757647 0.0 0
1700208808130 0.0 0
1700208858605 0.0 0
1700208908951 0.0 0
1700208959322 0.0 0
1700209009705 0.0 0
1700209060111 0.0 0
1700209110507 0.0 0
1700209160857 0.0 0
1700209211292 0.0 0
1700209261703 0.0 0
1700209312156 0.0 0
1700209362529 0.0 0
1700209412929 0.0 0
1700209463333 0.0 0
1700209513845 0.0 0
1700209564305 0.0 0
1700209614752 0.0 0
1700209665150 0.0 0
1700209715582 0.0 0
1700209765973 0.0 0
1700209816417 0.0 0
1700209866878 0.0 0
1700209917334 0.0 0
1700209967861 0.0 0
1700210018403 0.0 0
1700210068761 0.0 0
1700210119229 0.0 0
1700210169647 0.0 0
1700210220087 0.0 0
1700210270679 0.0 0
1700210321234 0.0 0
1700210371646 0.0 0
1700210422062 0.0 0
1700210472449 0.0 0
1700210522820 0.0 0
1700210573239 0.0 0
1700210623661 0.0 0
1700210674057 0.0 0
1700210724399 0.0 0
1700210774740 0.0 0
1700210825108 0.0 0
1700210875490 0.0 0
1700210925913 0.0 0
1700210976346 0.0 0
1700211026795 0.0 0
1700211077262 0.0 0
1700211127662 0.0 0
1700211178005 0.0 0
1700211228366 0.0 0
1700211278732 0.0 0
1700211329103 0.0 0
1700211379494 0.0 0
1700211429840 0.0 0
1700211480196 0.0 0
1700211530511 0.0 0
1700211580850 0.0 0
1700211631255 0.0 0
1700211681644 0.0 0
1700211732084 0.0 0
1700211782512 0.0 0
1700211833098 0.0 0
1700211883612 0.0 0
1700211934082 0.0 0
1700211984518 0.0 0
1700212034867 0.0 0
1700212085219 0.0 0
1700212135568 0.0 0
1700212185941 0.0 0
1700212236292 0.0 0
1700212286716 0.0 0
1700212337153 0.0 0
1700212387532 0.0 0
1700212437889 0.0 0
1700212488255 0.0 0
1700212538616 0.0 0
1700212589013 0.0 0
1700212639411 0.0 0
1700212689815 0.0 0
1700212740205 0.0 0
1700212790638 0.0 0
1700212841061 0.0 0
1700212891520 0.0 0
1700212941911 0.0 0
1700212992239 0.0 0
1700213042625 0.0 0
1700213093057 0.0 0
1700213143516 0.0 0
1700213193935 0.0 0
1700213244314 0.0 0
1700213294732 0.0 0
1700213345121 0.0 0
1700213395536 0.0 0
1700213445968 0.0 0
1700213496517 0.0 0
1700213547046 0.0 0
1700213597416 0.0 0
1700213647845 0.0 0
1700213698264 0.0 0
1700213748712 0.0 0
1700213799217 0.0 0
1700213849682 0.0 0
1700213900048 0.0 0
1700213950474 0.0 0
1700214000872 0.0 0
1700214051267 0.0 0
1700214101651 0.0 0
1700214152032 0.0 0
1700214202428 0.0 0
1700214285829 0.19961334764957428 0
1700214346782 1.1381527185440063 0
1700214407695 1.829362392425537 0
1700214468491 2.178744077682495 0
1700214529504 2.3925678730010986 0
1700214590322 2.9569201469421387 0
1700214651263 4.180321216583252 0
1700214712143 5.812554359436035 0
1700214772934 7.611438274383545 0
1700214833688 9.510946273803711 0
1700214894651 11.444144248962402 0
1700214955475 13.313899993896484 0
1700215016444 14.847622871398926 0
1700215077575 15.666746139526367 0
1700215138462 17.3251953125 0
1700215199362 19.8924617767334 0
1700215260270 22.608705520629883 0
1700215321114 25.250452041625977 0
1700215381888 27.66460609436035 0
1700215443946 29.72606086730957 0
1700215506807 31.368425369262695 0
1700215568555 32.55366897583008 0
1700215629307 33.231327056884766 0
1700215690306 33.53873062133789 0
1700215751368 33.95600891113281 0
1700215812449 34.59743118286133 0
1700215873427 35.39177322387695 0
1700215934351 36.305091857910156 0
1700215995701 37.32210159301758 0
1700216056623 38.41500473022461 0
1700216117547 39.5732536315918 0
1700216178582 40.79958724975586 0
1700216239507 42.09236526489258 0
1700216300514 43.441139221191406 0
1700216361419 44.82367706298828 0
1700216422323 46.20863342285156 0
1700216483168 47.53346252441406 0
1700216544075 48.69633865356445 0
1700216604971 49.57200622558594 0
1700216665971 50.10380935668945 0
1700216726839 50.348690032958984 0
1700216787686 50.45577621459961 0
1700216848492 50.617191314697266 0
1700216909398 51.03567886352539 0
1700216970157 51.81901550292969 0
1700217031038 52.97044372558594 0
1700217091995 54.38179016113281 0
1700217152783 55.92372131347656 0
1700217213672 57.48573684692383 0
1700217275605 58.983253479003906 0
1700217337856 60.37396240234375 0
1700217400059 61.630859375 0
1700217460944 62.718360900878906 0
1700217521739 63.57809829711914 0
1700217582619 64.12085723876953 0
1700217643442 64.3519058227539 0
1700217704427 64.56080627441406 0
1700217765588 64.99183654785156 0
1700217826534 65.62828826904297 0
1700217887433 66.32249450683594 0
1700217948293 66.94216918945312 0
1700218009184 67.43302154541016 0
1700218070218 67.8035888671875 0
1700218131190 68.09040069580078 0
1700218192061 68.32709503173828 0
1700218252999 68.5328369140625 0
1700218313951 68.71507263183594 0
1700218374874 68.87246704101562 0
1700218435778 69.0091323852539 0
1700218496718 69.13652801513672 0
1700218557654 69.26688385009766 0
1700218618718 69.40663146972656 0
1700218679686 69.54419708251953 0
1700218740523 69.67143249511719 0
1700218801391 69.78495025634766 0
1700218862398 69.88312530517578 0
1700218923478 69.96599578857422 0
1700218985784 70.03687286376953 0
1700219047998 70.09956359863281 0
1700219109571 70.15461730957031 0
1700219170613 70.19896697998047 0
1700219231466 70.22538757324219 0
1700219292471 70.23932647705078 0
1700219353505 70.24661254882812 0
1700219414430 70.24995422363281 0
1700219475483 70.25196075439453 0
1700219536526 70.2560043334961 0
1700219597798 70.264892578125 0
1700219658981 70.28414916992188 0
1700219719899 70.33012390136719 0
1700219780915 70.42437744140625 0
1700219841855 70.56928253173828 0
1700219902989 70.74664306640625 0
1700219963979 70.94309997558594 0
1700220024866 71.14207458496094 0
1700220085857 71.32584381103516 0
1700220146906 71.49198913574219 0
1700220207795 71.639404296875 0
1700220268646 71.76538848876953 0
1700220329543 71.86571502685547 0
1700220390411 71.9424819946289 0
1700220451505 71.99786376953125 0
1700220512598 72.03437042236328 0
1700220573471 72.05659484863281 0
1700220634491 72.07083129882812 0
1700220695490 72.07917785644531 0
1700220756507 72.0829086303711 0
1700220817387 72.08473205566406 0
1700220878215 72.08901977539062 0
1700220939061 72.10108184814453 0
1700221000062 72.12676239013672 0
1700221061764 72.1719741821289 0
1700221124285 72.243408203125 0
1700221186950 72.34943389892578 0
1700221247743 72.49856567382812 0
1700221308523 72.69853210449219 0
1700221369507 72.95770263671875 0
1700221430518 73.28421020507812 0
1700221491482 73.68319702148438 0
1700221552327 74.1590805053711 0
1700221613126 74.72116088867188 0
1700221673963 75.36975860595703 0
1700221734779 76.07659149169922 0
1700221795614 76.82938385009766 0
1700221856518 77.6260986328125 0
1700221917546 78.42166900634766 0
1700221978737 79.20845794677734 0
1700222039654 79.9693832397461 0
1700222100431 80.65562438964844 0
1700222161372 81.20205688476562 0
1700222222135 81.60530090332031 0
1700222282884 81.8946304321289 0
1700222343724 82.09943389892578 0
1700222404535 82.22999572753906 0
1700222465354 82.30352783203125 0
1700222526061 82.34109497070312 0
1700222586915 82.35738372802734 0
1700222647709 82.36412811279297 0
1700222708573 82.37586975097656 0
1700222769343 82.406005859375 0
1700222830035 82.47240447998047 0
1700222890924 82.58171081542969 0
1700222951715 82.7308120727539 0
1700223012555 82.90272521972656 0
1700223074930 83.09346008300781 0
1700223137234 83.30040740966797 0
1700223198224 83.52716827392578 0
1700223259428 83.78579711914062 0
1700223320264 84.06604766845703 0
1700223381307 84.34169006347656 0
1700223442069 84.59727478027344 0
1700223502796 84.82772827148438 0
1700223563739 85.0248031616211 0
1700223624530 85.18617248535156 0
1700223685231 85.3160171508789 0
1700223745950 85.42235565185547 0
1700223806560 85.50480651855469 0
1700223867308 85.56111145019531 0
1700223927957 85.59455871582031 0
1700223988771 85.61157989501953 0
1700224049587 85.61856079101562 0
1700224110285 85.62152862548828 0
1700224171064 85.6256332397461 0
1700224231740 85.6372299194336 0
1700224329948 85.6641616821289 0
1700224390779 85.71253204345703 0
1700224451650 85.78740692138672 0
1700224512414 85.89570617675781 0
1700224573109 86.0409927368164 0
1700224633841 86.22666931152344 0
1700224694707 86.45472717285156 0
1700224755500 86.72559356689453 0
1700224817758 87.03767395019531 0
1700224880441 87.3785400390625 0
1700224942107 87.76192474365234 0
1700225002882 88.2073974609375 0
1700225063784 88.72115325927734 0
1700225124755 89.30584716796875 0
1700225185533 89.96971893310547 0
1700225246459 90.71556091308594 0
1700225307345 91.51505279541016 0
1700225368052 92.33301544189453 0
1700225428883 93.14289855957031 0
1700225489665 93.89908599853516 0
1700225550418 94.61566162109375 0
1700225611118 95.3133316040039 0
1700225672055 95.97891235351562 0
1700225732851 96.64106750488281 0
1700225793645 97.32854461669922 0
1700225854313 98.04180908203125 0
1700225915071 98.73857116699219 0
1700225975930 99.34642028808594 0
1700226036635 99.85171508789062 0
1700226097515 100.30901336669922 0
1700226158427 100.72686767578125 0
1700226219200 101.09284210205078 0
1700226280503 101.44000244140625 0
1700226341295 101.76470947265625 0
1700226403005 102.06575012207031 0
1700226465625 102.35054016113281 0
1700226527107 102.6113052368164 0
1700226587827 102.83414459228516 0
1700226648583 103.03634643554688 0
1700226709482 103.23715209960938 0
1700226770259 103.42761993408203 0
1700226831581 103.59447479248047 0
1700226892580 103.7363510131836 0
1700226953379 103.86505889892578 0
1700227014319 103.97789001464844 0
1700227075219 104.07386779785156 0
1700227136062 104.14864349365234 0
1700227196875 104.20642852783203 0
1700227257821 104.25765228271484 0
1700227318600 104.31192016601562 0
1700227379383 104.37407684326172 0
1700227440221 104.43411254882812 0
1700227501111 104.48278045654297 0
1700227562003 104.5267562866211 0
1700227622640 104.569091796875 0
1700227683419 104.61157989501953 0
1700227744139 104.65007019042969 0
1700227804931 104.6829833984375 0
1700227865775 104.71989440917969 0
1700227926657 104.769775390625 0
1700227988221 104.83199310302734 0
1700228051017 104.90660095214844 0
1700228112161 104.99209594726562 0
1700228172921 105.08041381835938 0
1700228233581 105.1662368774414 0
1700228294215 105.2510757446289 0
1700228354933 105.3480453491211 0
1700228415760 105.46315002441406 0
1700228476613 105.6034164428711 0
1700228537296 105.77389526367188 0
1700228598021 105.97215270996094 0
1700228658795 106.20142364501953 0
1700228719602 106.46026611328125 0
1700228780382 106.74911499023438 0
1700228841083 107.06316375732422 0
1700228901811 107.40837860107422 0
1700228962631 107.78660583496094 0
1700229023355 108.19640350341797 0
1700229084051 108.64910125732422 0
1700229144740 109.15914916992188 0
1700229205510 109.72139739990234 0
1700229266263 110.34310150146484 0
1700229327015 111.02886962890625 0
1700229387831 111.7772216796875 0
1700229448583 112.5619888305664 0
1700229509354 113.36991119384766 0
1700229570043 114.1937484741211 0
1700229630923 115.0352783203125 0
1700229691647 115.9139404296875 0
1700229753051 116.84334564208984 0
1700229815089 117.81085205078125 0
1700229876573 118.8151626586914 0
1700229937514 119.87541198730469 0
1700229998265 120.97523498535156 0
1700230059024 122.08758544921875 0
1700230119851 123.2343521118164 0
1700230180575 124.44434356689453 0
1700230241289 125.71329498291016 0
1700230301955 127.04202270507812 0
1700230362787 128.4247589111328 0
1700230423595 129.84788513183594 0
1700230484751 131.30300903320312 0
1700230545496 132.81451416015625 0
1700230606391 134.37847900390625 0
1700230667131 135.9886016845703 0
1700230727895 137.63320922851562 0
1700230788747 139.3053741455078 0
1700230849575 140.9954071044922 0
1700230910343 142.71591186523438 0
1700230971028 144.4566192626953 0
1700231031743 146.23048400878906 0
1700231092451 148.0341339111328 0
1700231153143 149.85877990722656 0
1700231213900 151.7005157470703 0
1700231274551 153.5563201904297 0
1700231335287 155.4358673095703 0
1700231396003 157.34536743164062 0
1700231456758 159.2576141357422 0
1700231517510 161.1037139892578 0
1700231578431 162.85174560546875 0
1700231639604 164.5286865234375 0
1700231700249 166.19430541992188 0
1700231762191 167.8402862548828 0
1700231824257 169.4810791015625 0
1700231886422 171.12791442871094 0
1700231947166 172.7813262939453 0
1700232007879 174.44349670410156 0
1700232068599 176.113037109375 0
1700232129359 177.79830932617188 0
1700232190184 179.51858520507812 0
1700232250915 181.23855590820312 0
1700232311575 182.95680236816406 0
1700232372202 184.7120819091797 0
1700232432962 186.5010986328125 0
1700232493819 188.31602478027344 0
1700232554479 190.1243438720703 0
1700232615285 191.92578125 0
1700232675964 193.71981811523438 0
1700232736720 195.505859375 0
1700232797436 197.27691650390625 0
1700232858153 199.06045532226562 0
1700232918884 200.86940002441406 0
1700232979579 202.71119689941406 0
1700233040282 204.56483459472656 0
1700233101138 206.39796447753906 0
1700233161803 208.20413208007812 0
1700233222491 209.9776611328125 0
1700233283265 211.719482421875 0
1700233343981 213.4225311279297 0
1700233404791 215.08041381835938 0
1700233465495 216.71372985839844 0
1700233526459 218.33633422851562 0
1700233588808 219.95579528808594 0
1700233650381 221.57313537597656 0
1700233710953 223.18185424804688 0
1700233771486 224.76971435546875 0
1700233832187 226.3275909423828 0
1700233892951 227.3600616455078 0
1700233953483 227.78863525390625 0
1700234014118 227.95193481445312 0
1700234075467 228.0165252685547 0
1700234136158 228.04910278320312 0
1700234196726 228.07571411132812 0
1700234257382 228.1077880859375 0
1700234365951 228.15110778808594 0
1700234426546 228.1958465576172 0
1700234487139 228.2317352294922 0
1700234547791 228.25537109375 0
1700234608483 228.26754760742188 0
1700234669067 228.27235412597656 0
1700234729532 228.27479553222656 0
1700234790267 228.279541015625 0
1700234850843 228.289794921875 0
1700234911387 228.3076171875 0
1700234972002 228.33409118652344 0
1700235032582 228.3717041015625 0
1700235093294 228.4282684326172 0
1700235153789 228.51040649414062 0
1700235214423 228.6201629638672 0
1700235274988 228.75332641601562 0
1700235335560 228.91505432128906 0
1700235396038 229.11195373535156 0
1700235456531 229.33985900878906 0
1700235518091 229.59629821777344 0
1700235580132 229.8838348388672 0
1700235641607 230.20172119140625 0
1700235702183 230.54669189453125 0
1700235762804 230.91650390625 0
1700235823387 231.3114013671875 0
1700235883991 231.73265075683594 0
1700235944475 232.18438720703125 0
1700236005021 232.6665496826172 0
1700236065823 233.18101501464844 0
1700236126367 233.72720336914062 0
1700236186859 234.305419921875 0
1700236247447 234.9200897216797 0
1700236308007 235.581787109375 0
1700236368548 236.30799865722656 0
1700236429082 237.0992431640625 0
1700236489799 237.9461669921875 0
1700236550395 238.8402557373047 0
1700236610945 239.7769317626953 0
1700236671605 240.75035095214844 0
1700236732191 241.75502014160156 0
1700236792737 242.7890625 0
1700236853321 243.85546875 0
1700236913956 244.95632934570312 0
1700236974612 246.09474182128906 0
1700237035307 247.2702178955078 0
1700237095843 248.4831085205078 0
1700237156431 249.7245330810547 0
1700237217024 250.98609924316406 0
1700237277691 252.26405334472656 0
1700237338221 253.55569458007812 0
1700237398951 254.85836791992188 0
1700237459551 256.17327880859375 0
1700237520443 257.5069580078125 0
1700237582570 258.85797119140625 0
1700237644827 260.22161865234375 0
1700237705974 261.59674072265625 0
1700237766633 262.9891357421875 0
1700237827179 264.3968200683594 0
1700237887757 265.8176574707031 0
1700237948220 267.2508239746094 0
1700238008868 268.6925048828125 0
1700238069439 270.1408386230469 0
1700238129931 271.593994140625 0
1700238190535 273.0538024902344 0
1700238251106 274.5218811035156 0
1700238311714 275.9973449707031 0
1700238372245 277.4783935546875 0
1700238432923 278.9642639160156 0
1700238493531 280.4541931152344 0
1700238554123 281.9460754394531 0
1700238614743 283.4388427734375 0
1700238675406 284.93109130859375 0
1700238736086 286.4267272949219 0
1700238798063 287.9300537109375 0
1700238860256 289.4390869140625 0
1700238922338 290.9491882324219 0
1700238983068 292.4560546875 0
1700239043711 293.95709228515625 0
1700239104234 295.4530029296875 0
1700239164770 296.9466552734375 0
1700239225271 298.4358215332031 0
1700239285906 299.91851806640625 0
1700239346479 301.39892578125 0
1700239407023 302.8770446777344 0
1700239467471 304.3532409667969 0
1700239528237 305.8306884765625 0
1700239588795 307.3124084472656 0
1700239649279 308.7973937988281 0
1700239709763 310.2814025878906 0
1700239770276 311.7627868652344 0
1700239831079 313.2422180175781 0
1700239891710 314.72027587890625 0
1700239952172 316.1979064941406 0
1700240012707 317.6744689941406 0
1700240073171 319.15045166015625 0
1700240133747 320.6268310546875 0
1700240194239 322.1033630371094 0
1700240254751 323.5792541503906 0
1700240315318 325.0533447265625 0
1700240375704 326.52569580078125 0
1700240436273 327.994873046875 0
1700240496891 329.4580993652344 0
1700240557560 330.9131164550781 0
1700240618126 332.3626708984375 0
1700240678607 333.8106689453125 0
1700240739179 335.26043701171875 0
1700240799703 336.71075439453125 0
1700240860498 338.15435791015625 0
1700240921993 339.5918273925781 0
1700240984198 341.026123046875 0
1700241045051 342.45928955078125 0
1700241105538 343.8898010253906 0
1700241166050 345.3177185058594 0
1700241226771 346.7431640625 0
1700241287815 348.16802978515625 0
1700241348387 349.59173583984375 0
1700241408916 351.00927734375 0
1700241469479 352.4134826660156 0
1700241529927 353.8046569824219 0
1700241590471 355.1844482421875 0
1700241651075 356.55322265625 0
1700241711553 357.90643310546875 0
1700241772147 359.2403564453125 0
1700241832698 360.552734375 0
1700241893417 361.8476257324219 0
1700241954087 363.1302795410156 0
1700242014593 364.3997802734375 0
1700242075151 365.6507263183594 0
1700242135871 366.8757629394531 0
1700242196507 368.07415771484375 0
1700242257167 369.2495422363281 0
1700242317770 370.39666748046875 0
1700242378283 371.51153564453125 0
1700242438800 372.58673095703125 0
1700242499429 373.6175842285156 0
1700242560075 374.6048278808594 0
1700242620666 375.53741455078125 0
1700242681243 376.4088439941406 0
1700242741848 377.21881103515625 0
1700242802473 377.95855712890625 0
1700242863940 378.6246032714844 0
1700242926151 379.22503662109375 0
1700242988759 379.7696838378906 0
1700243049407 380.2608947753906 0
1700243110135 380.7040710449219 0
1700243170823 381.1023864746094 0
1700243231363 381.45855712890625 0
1700243291923 381.7769470214844 0
1700243352471 382.0602111816406 0
1700243413201 382.31256103515625 0
1700243473719 382.53326416015625 0
1700243534422 382.72125244140625 0
1700243594979 382.8785095214844 0
1700243655673 383.0083923339844 0
1700243716307 383.11474609375 0
1700243776950 383.2010192871094 0
1700243837535 383.2701416015625 0
1700243898078 383.32586669921875 0
1700243958750 383.37078857421875 0
1700244019418 383.4061279296875 0
1700244080071 383.4328308105469 0
1700244140598 383.45257568359375 0
1700244201179 383.466796875 0
1700244261693 383.47686767578125 0
1700244577490 383.48370361328125 0
1700244638059 383.4876708984375 0
1700244698770 383.4897766113281 0
1700244759366 383.49066162109375 0
1700244819915 383.4909973144531 0
1700244880907 383.4914855957031 0
1700244941603 383.4927062988281 0
1700245002323 383.4950256347656 0
1700245062887 383.4984436035156 0
1700245123619 383.5029296875 0
1700245184199 383.5087585449219 0
1700245244730 383.5158996582031 0
1700245305563 383.5248107910156 0
1700245366135 383.53546142578125 0
1700245426815 383.54815673828125 0
1700245487439 383.5634460449219 0
1700245548087 383.58087158203125 0
1700245608827 383.5997314453125 0
1700245669534 383.61981201171875 0
1700245730255 383.64178466796875 0
1700245790887 383.6652526855469 0
1700245851463 383.6899719238281 0
1700245912107 383.7154846191406 0
1700245972679 383.74163818359375 0
1700246033240 383.7685241699219 0
1700246093895 383.7966003417969 0
1700246154501 383.8260192871094 0
1700246215090 383.85626220703125 0
1700246275666 383.886962890625 0
1700246337056 383.9169616699219 0
1700246399073 383.9475402832031 0
1700246461645 383.9783630371094 0
1700246522462 384.00946044921875 0
1700246582989 384.0409240722656 0
1700246643707 384.0728759765625 0
1700246704323 384.1055908203125 0
1700246764868 384.13958740234375 0
1700246825473 384.174560546875 0
1700246886108 384.20965576171875 0
1700246946830 384.24493408203125 0
1700247007414 384.281005859375 0
1700247068128 384.3179626464844 0
1700247128939 384.3564758300781 0
1700247189547 384.3963928222656 0
1700247250257 384.4375 0
1700247310956 384.47979736328125 0
1700247371615 384.5223388671875 0
1700247432323 384.5645751953125 0
1700247493191 384.60748291015625 0
1700247553847 384.6518249511719 0
1700247614571 384.6972961425781 0
1700247675211 384.7419738769531 0
1700247735800 384.7855224609375 0
1700247796395 384.82891845703125 0
1700247857156 384.8739318847656 0
1700247917783 384.9205627441406 0
1700247978387 384.9678955078125 0
1700248038835 385.0159606933594 0
1700248100353 385.0646667480469 0
1700248163031 385.11456298828125 0
1700248224543 385.1672668457031 0
1700248285291 385.2227783203125 0
1700248345903 385.2801513671875 0
1700248406863 385.3393249511719 0
1700248467640 385.4003601074219 0
1700248528762 385.462158203125 0
1700248589447 385.52349853515625 0
1700248650075 385.583984375 0
1700248711147 385.6438293457031 0
1700248771840 385.7036437988281 0
1700248832385 385.7640075683594 0
1700248892992 385.8254699707031 0
1700248953643 385.8876953125 0
1700249014295 385.9505920410156 0
1700249074955 386.0137634277344 0
1700249135550 386.0775146484375 0
1700249196271 386.142333984375 0
1700249256943 386.2091064453125 0
1700249317503 386.2784423828125 0
1700249378146 386.3497314453125 0
1700249438769 386.421630859375 0
1700249499391 386.4934387207031 0
1700249560039 386.56597900390625 0
1700249620871 386.6396179199219 0
1700249681599 386.7139892578125 0
1700249742289 386.788330078125 0
1700249802847 386.8622131347656 0
1700249863431 386.93634033203125 0
1700249924012 387.01190185546875 0
1700249984699 387.0887145996094 0
1700250045508 387.1664733886719 0
1700250106339 387.245361328125 0
1700250166927 387.3247985839844 0
1700250227502 387.40399169921875 0
1700250289080 387.4837646484375 0
1700250352406 387.5638122558594 0
1700250413627 387.6446228027344 0
1700250474243 387.7275695800781 0
1700250534817 387.81207275390625 0
1700250595555 387.89813232421875 0
1700250656128 387.9854431152344 0
1700250716787 388.0727844238281 0
1700250777467 388.15985107421875 0
1700250838190 388.2491455078125 0
1700250898736 388.3402404785156 0
1700250959326 388.4317626953125 0
1700251020051 388.52374267578125 0
1700251080640 388.6183776855469 0
1700251141190 388.7146911621094 0
1700251201743 388.8126525878906 0
1700251262283 388.9122314453125 0
1700251324347 389.0134582519531 0
1700251386647 389.1162109375 0
1700251447443 389.2207336425781 0
1700251508067 389.3277282714844 0
1700251568663 389.4372253417969 0
1700251629297 389.5480041503906 0
1700251689879 389.6603698730469 0
1700251750384 389.7745056152344 0
1700251811067 389.8903503417969 0
1700251871668 390.007568359375 0
1700251932311 390.1253356933594 0
1700251992919 390.2434997558594 0
1700252053603 390.3620910644531 0
1700252114695 390.4809875488281 0
1700252175227 390.601806640625 0
1700252235819 390.7255554199219 0
1700252296591 390.8515930175781 0
1700252357214 390.9782409667969 0
1700252418024 391.1051940917969 0
1700252478787 391.2324523925781 0
1700252539397 391.36041259765625 0
1700252600215 391.489990234375 0
1700252661063 391.621826171875 0
1700252721671 391.7553405761719 0
1700252782393 391.890380859375 0
1700252843179 392.0269775390625 0
1700252903872 392.1648254394531 0
1700252964523 392.3028259277344 0
1700253025085 392.44122314453125 0
1700253085847 392.57861328125 0
1700253146612 392.712890625 0
1700253207287 392.8406982421875 0
1700253267946 392.96466064453125 0
1700253328533 393.08642578125 0
1700253389187 393.2063903808594 0
1700253449843 393.3251953125 0
1700253510919 393.444580078125 0
1700253573515 393.5664978027344 0
1700253636410 393.69158935546875 0
1700253697327 393.8198547363281 0
1700253758090 393.9500732421875 0
1700253818877 394.0809326171875 0
1700253879539 394.2116394042969 0
1700253940820 394.342041015625 0
1700254001395 394.4734191894531 0
1700254062131 394.6070251464844 0
1700254122931 394.7431335449219 0
1700254183487 394.88165283203125 0
1700254244230 395.02264404296875 0
1700254305035 395.16461181640625 0
1700254365656 395.30621337890625 0
1700254426451 395.4468994140625 0
1700254484839 395.586181640625 0
