1700205987112 4.9993894993894995e-05 0
1700206032582 4.993894993894994e-05 0
1700206083019 4.987789987789988e-05 0
1700206133476 4.981684981684982e-05 0
1700206183929 4.975579975579976e-05 0
1700206234407 4.9694749694749696e-05 0
1700206284914 4.963369963369964e-05 0
1700206335406 4.9572649572649575e-05 0
1700206385854 4.951159951159952e-05 0
1700206436333 4.945054945054945e-05 0
1700206486833 4.9389499389499396e-05 0
1700206537275 4.932844932844933e-05 0
1700206587700 4.9267399267399275e-05 0
1700206638246 4.9206349206349204e-05 0
1700206688774 4.9145299145299147e-05 0
1700206739378 4.908424908424908e-05 0
1700206789960 4.9023199023199025e-05 0
1700206840415 4.896214896214896e-05 0
1700206890914 4.8901098901098904e-05 0
1700206941440 4.884004884004884e-05 0
1700206991927 4.877899877899878e-05 0
1700207042497 4.871794871794872e-05 0
1700207093044 4.865689865689866e-05 0
1700207143539 4.85958485958486e-05 0
1700207194155 4.8534798534798533e-05 0
1700207244730 4.8473748473748476e-05 0
1700207295183 4.841269841269841e-05 0
1700207345671 4.8351648351648355e-05 0
1700207396073 4.829059829059829e-05 0
1700207446511 4.8229548229548234e-05 0
1700207496926 4.816849816849817e-05 0
1700207547331 4.810744810744811e-05 0
1700207597744 4.804639804639805e-05 0
1700207648210 4.798534798534799e-05 0
1700207698675 4.792429792429793e-05 0
1700207749096 4.786324786324787e-05 0
1700207799574 4.7802197802197806e-05 0
1700207850021 4.774114774114775e-05 0
1700207900461 4.7680097680097684e-05 0
1700207950868 4.761904761904762e-05 0
1700208001322 4.7557997557997556e-05 0
1700208051804 4.74969474969475e-05 0
1700208102163 4.7435897435897435e-05 0
1700208152573 4.737484737484738e-05 0
1700208202946 4.7313797313797314e-05 0
1700208253342 4.7252747252747257e-05 0
1700208303740 4.719169719169719e-05 0
1700208354117 4.7130647130647135e-05 0
1700208404528 4.706959706959707e-05 0
1700208454945 4.700854700854701e-05 0
1700208505321 4.694749694749695e-05 0
1700208555705 4.6886446886446886e-05 0
1700208606105 4.682539682539683e-05 0
1700208656464 4.6764346764346765e-05 0
1700208707044 4.670329670329671e-05 0
1700208757646 4.664224664224664e-05 0
1700208808129 4.6581196581196586e-05 0
1700208858604 4.652014652014652e-05 0
1700208908949 4.6459096459096465e-05 0
1700208959321 4.63980463980464e-05 0
1700209009704 4.6336996336996343e-05 0
1700209060110 4.627594627594628e-05 0
1700209110506 4.621489621489622e-05 0
1700209160856 4.615384615384616e-05 0
1700209211291 4.6092796092796094e-05 0
1700209261702 4.603174603174603e-05 0
1700209312155 4.597069597069597e-05 0
1700209362528 4.590964590964591e-05 0
1700209412928 4.584859584859585e-05 0
1700209463332 4.578754578754579e-05 0
1700209513844 4.572649572649573e-05 0
1700209564304 4.5665445665445666e-05 0
1700209614751 4.56043956043956e-05 0
1700209665149 4.5543345543345545e-05 0
1700209715581 4.548229548229548e-05 0
1700209765972 4.5421245421245424e-05 0
1700209816416 4.536019536019536e-05 0
1700209866877 4.52991452991453e-05 0
1700209917333 4.523809523809524e-05 0
1700209967860 4.517704517704518e-05 0
1700210018402 4.511599511599512e-05 0
1700210068760 4.505494505494506e-05 0
1700210119228 4.4993894993894996e-05 0
1700210169646 4.493284493284494e-05 0
1700210220085 4.4871794871794874e-05 0
1700210270678 4.481074481074482e-05 0
1700210321233 4.474969474969475e-05 0
1700210371645 4.4688644688644696e-05 0
1700210422061 4.462759462759463e-05 0
1700210472448 4.4566544566544575e-05 0
1700210522819 4.4505494505494504e-05 0
1700210573238 4.4444444444444447e-05 0
1700210623660 4.438339438339438e-05 0
1700210674056 4.4322344322344325e-05 0
1700210724398 4.426129426129426e-05 0
1700210774739 4.4200244200244204e-05 0
1700210825106 4.413919413919414e-05 0
1700210875489 4.4078144078144076e-05 0
1700210925912 4.401709401709402e-05 0
1700210976345 4.3956043956043955e-05 0
1700211026794 4.38949938949939e-05 0
1700211077261 4.383394383394383e-05 0
1700211127661 4.3772893772893776e-05 0
1700211178004 4.371184371184371e-05 0
1700211228365 4.3650793650793655e-05 0
1700211278731 4.358974358974359e-05 0
1700211329102 4.3528693528693534e-05 0
1700211379493 4.346764346764347e-05 0
1700211429839 4.340659340659341e-05 0
1700211480195 4.334554334554335e-05 0
1700211530510 4.328449328449329e-05 0
1700211580849 4.322344322344323e-05 0
1700211631254 4.316239316239317e-05 0
1700211681642 4.3101343101343106e-05 0
1700211732083 4.304029304029304e-05 0
1700211782511 4.2979242979242984e-05 0
1700211833097 4.291819291819292e-05 0
1700211883610 4.2857142857142856e-05 0
1700211934081 4.27960927960928e-05 0
1700211984517 4.2735042735042735e-05 0
1700212034866 4.267399267399267e-05 0
1700212085218 4.2612942612942614e-05 0
1700212135567 4.255189255189255e-05 0
1700212185940 4.249084249084249e-05 0
1700212236291 4.242979242979243e-05 0
1700212286715 4.236874236874237e-05 0
1700212337152 4.230769230769231e-05 0
1700212387531 4.224664224664225e-05 0
1700212437887 4.2185592185592186e-05 0
1700212488254 4.212454212454213e-05 0
1700212538615 4.2063492063492065e-05 0
1700212589012 4.200244200244201e-05 0
1700212639410 4.194139194139194e-05 0
1700212689814 4.1880341880341886e-05 0
1700212740204 4.181929181929182e-05 0
1700212790637 4.1758241758241765e-05 0
1700212841060 4.16971916971917e-05 0
1700212891519 4.1636141636141643e-05 0
1700212941910 4.157509157509158e-05 0
1700212992238 4.1514041514041515e-05 0
1700213042624 4.145299145299146e-05 0
1700213093056 4.1391941391941394e-05 0
1700213143515 4.133089133089133e-05 0
1700213193934 4.126984126984127e-05 0
1700213244313 4.120879120879121e-05 0
1700213294730 4.1147741147741145e-05 0
1700213345120 4.108669108669109e-05 0
1700213395535 4.1025641025641023e-05 0
1700213445967 4.0964590964590966e-05 0
1700213496516 4.09035409035409e-05 0
1700213547045 4.0842490842490845e-05 0
1700213597415 4.078144078144078e-05 0
1700213647844 4.0720390720390724e-05 0
1700213698263 4.065934065934066e-05 0
1700213748711 4.05982905982906e-05 0
1700213799216 4.053724053724054e-05 0
1700213849681 4.047619047619048e-05 0
1700213900047 4.041514041514042e-05 0
1700213950473 4.035409035409036e-05 0
1700214000871 4.0293040293040296e-05 0
1700214051266 4.023199023199024e-05 0
1700214101650 4.0170940170940174e-05 0
1700214152031 4.010989010989011e-05 0
1700214202427 4.004884004884005e-05 0
1700214285828 3.998778998778999e-05 0
1700214346781 3.992673992673993e-05 0
1700214407693 3.986568986568987e-05 0
1700214468490 3.9804639804639804e-05 0
1700214529502 3.974358974358974e-05 0
1700214590321 3.968253968253968e-05 0
1700214651261 3.962148962148962e-05 0
1700214712141 3.956043956043956e-05 0
1700214772933 3.94993894993895e-05 0
1700214833686 3.943833943833944e-05 0
1700214894650 3.9377289377289376e-05 0
1700214955473 3.931623931623932e-05 0
1700215016443 3.9255189255189255e-05 0
1700215077573 3.91941391941392e-05 0
1700215138460 3.913308913308913e-05 0
1700215199361 3.9072039072039076e-05 0
1700215260269 3.901098901098901e-05 0
1700215321113 3.8949938949938955e-05 0
1700215381887 3.888888888888889e-05 0
1700215443945 3.8827838827838833e-05 0
1700215506806 3.876678876678877e-05 0
1700215568553 3.870573870573871e-05 0
1700215629306 3.864468864468865e-05 0
1700215690305 3.8583638583638584e-05 0
1700215751367 3.852258852258853e-05 0
1700215812448 3.846153846153846e-05 0
1700215873426 3.8400488400488406e-05 0
1700215934350 3.833943833943834e-05 0
1700215995700 3.827838827838828e-05 0
1700216056621 3.8217338217338214e-05 0
1700216117545 3.8156288156288156e-05 0
1700216178581 3.809523809523809e-05 0
1700216239505 3.8034188034188035e-05 0
1700216300513 3.797313797313797e-05 0
1700216361417 3.7912087912087914e-05 0
1700216422321 3.785103785103785e-05 0
1700216483167 3.778998778998779e-05 0
1700216544073 3.772893772893773e-05 0
1700216604970 3.766788766788767e-05 0
1700216665969 3.760683760683761e-05 0
1700216726837 3.754578754578755e-05 0
1700216787684 3.7484737484737486e-05 0
1700216848491 3.742368742368743e-05 0
1700216909397 3.7362637362637365e-05 0
1700216970156 3.730158730158731e-05 0
1700217031037 3.724053724053724e-05 0
1700217091993 3.717948717948718e-05 0
1700217152781 3.711843711843712e-05 0
1700217213670 3.705738705738706e-05 0
1700217275604 3.6996336996337e-05 0
1700217337854 3.6935286935286937e-05 0
1700217400057 3.687423687423688e-05 0
1700217460943 3.6813186813186815e-05 0
1700217521738 3.675213675213676e-05 0
1700217582617 3.669108669108669e-05 0
1700217643441 3.663003663003663e-05 0
1700217704425 3.6568986568986566e-05 0
1700217765587 3.650793650793651e-05 0
1700217826533 3.6446886446886445e-05 0
1700217887432 3.638583638583639e-05 0
1700217948292 3.6324786324786323e-05 0
1700218009182 3.6263736263736266e-05 0
1700218070217 3.62026862026862e-05 0
1700218131189 3.6141636141636145e-05 0
1700218192060 3.608058608058608e-05 0
1700218252997 3.6019536019536024e-05 0
1700218313950 3.595848595848596e-05 0
1700218374872 3.58974358974359e-05 0
1700218435777 3.583638583638584e-05 0
1700218496717 3.577533577533578e-05 0
1700218557653 3.571428571428572e-05 0
1700218618717 3.565323565323565e-05 0
1700218679685 3.5592185592185596e-05 0
1700218740521 3.553113553113553e-05 0
1700218801389 3.5470085470085474e-05 0
1700218862397 3.540903540903541e-05 0
1700218923476 3.534798534798535e-05 0
1700218985783 3.528693528693529e-05 0
1700219047997 3.522588522588523e-05 0
1700219109569 3.516483516483517e-05 0
1700219170611 3.5103785103785104e-05 0
1700219231464 3.504273504273504e-05 0
1700219292469 3.498168498168498e-05 0
1700219353504 3.492063492063492e-05 0
1700219414428 3.485958485958486e-05 0
1700219475482 3.47985347985348e-05 0
1700219536525 3.473748473748474e-05 0
1700219597796 3.4676434676434676e-05 0
1700219658980 3.461538461538462e-05 0
1700219719898 3.4554334554334555e-05 0
1700219780913 3.44932844932845e-05 0
1700219841854 3.443223443223443e-05 0
1700219902988 3.4371184371184376e-05 0
1700219963978 3.431013431013431e-05 0
1700220024865 3.424908424908425e-05 0
1700220085855 3.418803418803419e-05 0
1700220146905 3.412698412698413e-05 0
1700220207793 3.406593406593407e-05 0
1700220268645 3.4004884004884005e-05 0
1700220329541 3.394383394383395e-05 0
1700220390410 3.3882783882783884e-05 0
1700220451504 3.382173382173383e-05 0
1700220512597 3.376068376068376e-05 0
1700220573469 3.3699633699633706e-05 0
1700220634489 3.363858363858364e-05 0
1700220695489 3.357753357753358e-05 0
1700220756505 3.3516483516483513e-05 0
1700220817385 3.3455433455433456e-05 0
1700220878213 3.339438339438339e-05 0
1700220939060 3.3333333333333335e-05 0
1700221000061 3.327228327228327e-05 0
1700221061763 3.3211233211233214e-05 0
1700221124284 3.315018315018315e-05 0
1700221186949 3.308913308913309e-05 0
1700221247742 3.302808302808303e-05 0
1700221308519 3.296703296703297e-05 0
1700221369505 3.290598290598291e-05 0
1700221430517 3.284493284493284e-05 0
1700221491481 3.2783882783882786e-05 0
1700221552325 3.272283272283272e-05 0
1700221613124 3.2661782661782664e-05 0
1700221673962 3.26007326007326e-05 0
1700221734778 3.253968253968254e-05 0
1700221795613 3.247863247863248e-05 0
1700221856517 3.241758241758242e-05 0
1700221917545 3.235653235653236e-05 0
1700221978736 3.22954822954823e-05 0
1700222039653 3.2234432234432237e-05 0
1700222100429 3.217338217338218e-05 0
1700222161371 3.2112332112332115e-05 0
1700222222134 3.205128205128206e-05 0
1700222282882 3.199023199023199e-05 0
1700222343723 3.192918192918193e-05 0
1700222404533 3.1868131868131866e-05 0
1700222465352 3.180708180708181e-05 0
1700222526060 3.1746031746031745e-05 0
1700222586914 3.168498168498169e-05 0
1700222647707 3.162393162393162e-05 0
1700222708572 3.1562881562881566e-05 0
1700222769341 3.15018315018315e-05 0
1700222830034 3.1440781440781445e-05 0
1700222890923 3.137973137973138e-05 0
1700222951713 3.131868131868132e-05 0
1700223012554 3.125763125763126e-05 0
1700223074929 3.1196581196581195e-05 0
1700223137229 3.113553113553114e-05 0
1700223198223 3.1074481074481074e-05 0
1700223259427 3.101343101343102e-05 0
1700223320263 3.095238095238095e-05 0
1700223381305 3.0891330891330896e-05 0
1700223442068 3.083028083028083e-05 0
1700223502795 3.0769230769230774e-05 0
1700223563738 3.070818070818071e-05 0
1700223624529 3.064713064713065e-05 0
1700223685229 3.058608058608059e-05 0
1700223745949 3.052503052503053e-05 0
1700223806559 3.0463980463980464e-05 0
1700223867307 3.04029304029304e-05 0
1700223927956 3.034188034188034e-05 0
1700223988769 3.028083028083028e-05 0
1700224049586 3.021978021978022e-05 0
1700224110284 3.0158730158730158e-05 0
1700224171063 3.0097680097680097e-05 0
1700224231739 3.0036630036630036e-05 0
1700224329946 2.9975579975579976e-05 0
1700224390777 2.9914529914529915e-05 0
1700224451649 2.9853479853479855e-05 0
1700224512413 2.9792429792429794e-05 0
1700224573108 2.9731379731379733e-05 0
1700224633840 2.9670329670329673e-05 0
1700224694705 2.9609279609279612e-05 0
1700224755499 2.954822954822955e-05 0
1700224817757 2.948717948717949e-05 0
1700224880440 2.942612942612943e-05 0
1700224942106 2.9365079365079366e-05 0
1700225002881 2.9304029304029305e-05 0
1700225063782 2.9242979242979245e-05 0
1700225124753 2.9181929181929184e-05 0
1700225185532 2.9120879120879123e-05 0
1700225246457 2.9059829059829063e-05 0
1700225307344 2.8998778998779002e-05 0
1700225368051 2.893772893772894e-05 0
1700225428882 2.8876678876678874e-05 0
1700225489664 2.8815628815628813e-05 0
1700225550416 2.8754578754578753e-05 0
1700225611117 2.8693528693528692e-05 0
1700225672054 2.863247863247863e-05 0
1700225732850 2.857142857142857e-05 0
1700225793644 2.851037851037851e-05 0
1700225854312 2.844932844932845e-05 0
1700225915069 2.838827838827839e-05 0
1700225975929 2.8327228327228328e-05 0
1700226036633 2.8266178266178268e-05 0
1700226097513 2.8205128205128207e-05 0
1700226158426 2.8144078144078146e-05 0
1700226219199 2.8083028083028086e-05 0
1700226280501 2.8021978021978025e-05 0
1700226341294 2.7960927960927964e-05 0
1700226403004 2.78998778998779e-05 0
1700226465624 2.783882783882784e-05 0
1700226527105 2.777777777777778e-05 0
1700226587825 2.771672771672772e-05 0
1700226648581 2.7655677655677658e-05 0
1700226709481 2.7594627594627597e-05 0
1700226770257 2.7533577533577537e-05 0
1700226831580 2.7472527472527476e-05 0
1700226892579 2.7411477411477415e-05 0
1700226953378 2.7350427350427355e-05 0
1700227014318 2.7289377289377287e-05 0
1700227075218 2.7228327228327227e-05 0
1700227136061 2.7167277167277166e-05 0
1700227196874 2.7106227106227105e-05 0
1700227257820 2.7045177045177045e-05 0
1700227318599 2.6984126984126984e-05 0
1700227379382 2.6923076923076923e-05 0
1700227440220 2.6862026862026863e-05 0
1700227501110 2.6800976800976802e-05 0
1700227562002 2.673992673992674e-05 0
1700227622639 2.667887667887668e-05 0
1700227683418 2.661782661782662e-05 0
1700227744138 2.655677655677656e-05 0
1700227804929 2.64957264957265e-05 0
1700227865774 2.6434676434676435e-05 0
1700227926656 2.6373626373626374e-05 0
1700227988220 2.6312576312576314e-05 0
1700228051016 2.6251526251526253e-05 0
1700228112159 2.6190476190476192e-05 0
1700228172920 2.612942612942613e-05 0
1700228233579 2.606837606837607e-05 0
1700228294214 2.600732600732601e-05 0
1700228354932 2.594627594627595e-05 0
1700228415758 2.588522588522589e-05 0
1700228476612 2.582417582417583e-05 0
1700228537295 2.576312576312576e-05 0
1700228598020 2.57020757020757e-05 0
1700228658794 2.564102564102564e-05 0
1700228719600 2.557997557997558e-05 0
1700228780381 2.551892551892552e-05 0
1700228841082 2.5457875457875458e-05 0
1700228901810 2.5396825396825397e-05 0
1700228962630 2.5335775335775336e-05 0
1700229023354 2.5274725274725276e-05 0
1700229084049 2.5213675213675215e-05 0
1700229144738 2.5152625152625155e-05 0
1700229205509 2.5091575091575094e-05 0
1700229266262 2.5030525030525033e-05 0
1700229327014 2.496947496947497e-05 0
1700229387829 2.490842490842491e-05 0
1700229448582 2.4847374847374848e-05 0
1700229509353 2.4786324786324787e-05 0
1700229570042 2.4725274725274727e-05 0
1700229630922 2.4664224664224666e-05 0
1700229691646 2.4603174603174602e-05 0
1700229753050 2.454212454212454e-05 0
1700229815087 2.448107448107448e-05 0
1700229876572 2.442002442002442e-05 0
1700229937513 2.435897435897436e-05 0
1700229998263 2.42979242979243e-05 0
1700230059023 2.4236874236874238e-05 0
1700230119849 2.4175824175824177e-05 0
1700230180574 2.4114774114774117e-05 0
1700230241288 2.4053724053724056e-05 0
1700230301953 2.3992673992673995e-05 0
1700230362786 2.3931623931623935e-05 0
1700230423594 2.3870573870573874e-05 0
1700230484750 2.380952380952381e-05 0
1700230545495 2.374847374847375e-05 0
1700230606389 2.368742368742369e-05 0
1700230667130 2.3626373626373628e-05 0
1700230727894 2.3565323565323568e-05 0
1700230788746 2.3504273504273504e-05 0
1700230849574 2.3443223443223443e-05 0
1700230910341 2.3382173382173382e-05 0
1700230971027 2.332112332112332e-05 0
1700231031742 2.326007326007326e-05 0
1700231092450 2.31990231990232e-05 0
1700231153142 2.313797313797314e-05 0
1700231213899 2.307692307692308e-05 0
1700231274549 2.3015873015873015e-05 0
1700231335286 2.2954822954822954e-05 0
1700231396002 2.2893772893772894e-05 0
1700231456757 2.2832722832722833e-05 0
1700231517509 2.2771672771672772e-05 0
1700231578429 2.2710622710622712e-05 0
1700231639603 2.264957264957265e-05 0
1700231700248 2.258852258852259e-05 0
1700231762190 2.252747252747253e-05 0
1700231824256 2.246642246642247e-05 0
1700231886421 2.240537240537241e-05 0
1700231947165 2.2344322344322348e-05 0
1700232007877 2.2283272283272287e-05 0
1700232068598 2.2222222222222223e-05 0
1700232129358 2.2161172161172163e-05 0
1700232190182 2.2100122100122102e-05 0
1700232250913 2.2039072039072038e-05 0
1700232311573 2.1978021978021977e-05 0
1700232372201 2.1916971916971917e-05 0
1700232432960 2.1855921855921856e-05 0
1700232493817 2.1794871794871795e-05 0
1700232554478 2.1733821733821735e-05 0
1700232615283 2.1672771672771674e-05 0
1700232675962 2.1611721611721613e-05 0
1700232736718 2.1550671550671553e-05 0
1700232797434 2.1489621489621492e-05 0
1700232858152 2.1428571428571428e-05 0
1700232918883 2.1367521367521368e-05 0
1700232979577 2.1306471306471307e-05 0
1700233040280 2.1245421245421246e-05 0
1700233101137 2.1184371184371186e-05 0
1700233161802 2.1123321123321125e-05 0
1700233222490 2.1062271062271064e-05 0
1700233283263 2.1001221001221004e-05 0
1700233343980 2.0940170940170943e-05 0
1700233404790 2.0879120879120882e-05 0
1700233465494 2.0818070818070822e-05 0
1700233526458 2.0757020757020758e-05 0
1700233588807 2.0695970695970697e-05 0
1700233650380 2.0634920634920636e-05 0
1700233710952 2.0573870573870572e-05 0
1700233771485 2.0512820512820512e-05 0
1700233832186 2.045177045177045e-05 0
1700233892950 2.039072039072039e-05 0
1700233953482 2.032967032967033e-05 0
1700234014117 2.026862026862027e-05 0
1700234075466 2.020757020757021e-05 0
1700234136157 2.0146520146520148e-05 0
1700234196725 2.0085470085470087e-05 0
1700234257381 2.0024420024420027e-05 0
1700234365950 1.9963369963369966e-05 0
1700234426545 1.9902319902319902e-05 0
1700234487137 1.984126984126984e-05 0
1700234547790 1.978021978021978e-05 0
1700234608482 1.971916971916972e-05 0
1700234669065 1.965811965811966e-05 0
1700234729531 1.95970695970696e-05 0
1700234790266 1.9536019536019538e-05 0
1700234850841 1.9474969474969477e-05 0
1700234911386 1.9413919413919417e-05 0
1700234972001 1.9352869352869356e-05 0
1700235032581 1.9291819291819292e-05 0
1700235093292 1.923076923076923e-05 0
1700235153787 1.916971916971917e-05 0
1700235214422 1.9108669108669107e-05 0
1700235274987 1.9047619047619046e-05 0
1700235335558 1.8986568986568985e-05 0
1700235396037 1.8925518925518925e-05 0
1700235456530 1.8864468864468864e-05 0
1700235518090 1.8803418803418804e-05 0
1700235580131 1.8742368742368743e-05 0
1700235641605 1.8681318681318682e-05 0
1700235702182 1.862026862026862e-05 0
1700235762802 1.855921855921856e-05 0
1700235823385 1.84981684981685e-05 0
1700235883990 1.843711843711844e-05 0
1700235944473 1.837606837606838e-05 0
1700236005019 1.8315018315018315e-05 0
1700236065822 1.8253968253968254e-05 0
1700236126365 1.8192918192918194e-05 0
1700236186858 1.8131868131868133e-05 0
1700236247445 1.8070818070818072e-05 0
1700236308006 1.8009768009768012e-05 0
1700236368546 1.794871794871795e-05 0
1700236429081 1.788766788766789e-05 0
1700236489797 1.7826617826617826e-05 0
1700236550393 1.7765567765567766e-05 0
1700236610944 1.7704517704517705e-05 0
1700236671603 1.7643467643467645e-05 0
1700236732190 1.7582417582417584e-05 0
1700236792735 1.752136752136752e-05 0
1700236853320 1.746031746031746e-05 0
1700236913954 1.73992673992674e-05 0
1700236974610 1.7338217338217338e-05 0
1700237035306 1.7277167277167277e-05 0
1700237095841 1.7216117216117217e-05 0
1700237156430 1.7155067155067156e-05 0
1700237217023 1.7094017094017095e-05 0
1700237277690 1.7032967032967035e-05 0
1700237338220 1.6971916971916974e-05 0
1700237398950 1.6910866910866913e-05 0
1700237459549 1.6849816849816853e-05 0
1700237520442 1.678876678876679e-05 0
1700237582568 1.6727716727716728e-05 0
1700237644825 1.6666666666666667e-05 0
1700237705973 1.6605616605616607e-05 0
1700237766632 1.6544566544566546e-05 0
1700237827178 1.6483516483516486e-05 0
1700237887756 1.642246642246642e-05 0
1700237948219 1.636141636141636e-05 0
1700238008866 1.63003663003663e-05 0
1700238069438 1.623931623931624e-05 0
1700238129929 1.617826617826618e-05 0
1700238190534 1.6117216117216118e-05 0
1700238251105 1.6056166056166058e-05 0
1700238311713 1.5995115995115994e-05 0
1700238372243 1.5934065934065933e-05 0
1700238432922 1.5873015873015872e-05 0
1700238493530 1.581196581196581e-05 0
1700238554122 1.575091575091575e-05 0
1700238614742 1.568986568986569e-05 0
1700238675405 1.562881562881563e-05 0
1700238736084 1.556776556776557e-05 0
1700238798062 1.550671550671551e-05 0
1700238860255 1.5445665445665448e-05 0
1700238922337 1.5384615384615387e-05 0
1700238983066 1.5323565323565327e-05 0
1700239043710 1.5262515262515266e-05 0
1700239104233 1.52014652014652e-05 0
1700239164769 1.514041514041514e-05 0
1700239225270 1.5079365079365079e-05 0
1700239285905 1.5018315018315018e-05 0
1700239346478 1.4957264957264958e-05 0
1700239407022 1.4896214896214897e-05 0
1700239467470 1.4835164835164836e-05 0
1700239528235 1.4774114774114776e-05 0
1700239588794 1.4713064713064715e-05 0
1700239649277 1.4652014652014653e-05 0
1700239709762 1.4590964590964592e-05 0
1700239770274 1.4529914529914531e-05 0
1700239831077 1.446886446886447e-05 0
1700239891709 1.4407814407814407e-05 0
1700239952171 1.4346764346764346e-05 0
1700240012706 1.4285714285714285e-05 0
1700240073170 1.4224664224664225e-05 0
1700240133746 1.4163614163614164e-05 0
1700240194237 1.4102564102564104e-05 0
1700240254750 1.4041514041514043e-05 0
1700240315316 1.3980463980463982e-05 0
1700240375702 1.391941391941392e-05 0
1700240436272 1.385836385836386e-05 0
1700240496890 1.3797313797313799e-05 0
1700240557559 1.3736263736263738e-05 0
1700240618124 1.3675213675213677e-05 0
1700240678606 1.3614163614163613e-05 0
1700240739178 1.3553113553113553e-05 0
1700240799701 1.3492063492063492e-05 0
1700240860497 1.3431013431013431e-05 0
1700240921992 1.336996336996337e-05 0
1700240984197 1.330891330891331e-05 0
1700241045049 1.324786324786325e-05 0
1700241105537 1.3186813186813187e-05 0
1700241166049 1.3125763125763126e-05 0
1700241226770 1.3064713064713066e-05 0
1700241287814 1.3003663003663005e-05 0
1700241348386 1.2942612942612944e-05 0
1700241408915 1.288156288156288e-05 0
1700241469478 1.282051282051282e-05 0
1700241529926 1.275946275946276e-05 0
1700241590470 1.2698412698412699e-05 0
1700241651073 1.2637362637362638e-05 0
1700241711552 1.2576312576312577e-05 0
1700241772145 1.2515262515262517e-05 0
1700241832697 1.2454212454212454e-05 0
1700241893415 1.2393162393162394e-05 0
1700241954086 1.2332112332112333e-05 0
1700242014591 1.227106227106227e-05 0
1700242075149 1.221001221001221e-05 0
1700242135869 1.214896214896215e-05 0
1700242196506 1.2087912087912089e-05 0
1700242257166 1.2026862026862028e-05 0
1700242317768 1.1965811965811967e-05 0
1700242378281 1.1904761904761905e-05 0
1700242438799 1.1843711843711844e-05 0
1700242499427 1.1782661782661784e-05 0
1700242560074 1.1721611721611721e-05 0
1700242620665 1.166056166056166e-05 0
1700242681242 1.15995115995116e-05 0
1700242741847 1.153846153846154e-05 0
1700242802472 1.1477411477411477e-05 0
1700242863938 1.1416361416361417e-05 0
1700242926150 1.1355311355311356e-05 0
1700242988757 1.1294261294261295e-05 0
1700243049405 1.1233211233211235e-05 0
1700243110134 1.1172161172161174e-05 0
1700243170821 1.1111111111111112e-05 0
1700243231361 1.1050061050061051e-05 0
1700243291921 1.0989010989010989e-05 0
1700243352469 1.0927960927960928e-05 0
1700243413199 1.0866910866910867e-05 0
1700243473717 1.0805860805860807e-05 0
1700243534421 1.0744810744810746e-05 0
1700243594978 1.0683760683760684e-05 0
1700243655672 1.0622710622710623e-05 0
1700243716305 1.0561660561660562e-05 0
1700243776949 1.0500610500610502e-05 0
1700243837534 1.0439560439560441e-05 0
1700243898077 1.0378510378510379e-05 0
1700243958749 1.0317460317460318e-05 0
1700244019417 1.0256410256410256e-05 0
1700244080070 1.0195360195360195e-05 0
1700244140596 1.0134310134310135e-05 0
1700244201177 1.0073260073260074e-05 0
1700244261692 1.0012210012210013e-05 0
1700244577489 9.951159951159951e-06 0
1700244638058 9.89010989010989e-06 0
1700244698768 9.82905982905983e-06 0
1700244759365 9.768009768009769e-06 0
1700244819914 9.706959706959708e-06 0
1700244880906 9.645909645909646e-06 0
1700244941602 9.584859584859585e-06 0
1700245002322 9.523809523809523e-06 0
1700245062886 9.462759462759462e-06 0
1700245123617 9.401709401709402e-06 0
1700245184198 9.340659340659341e-06 0
1700245244729 9.27960927960928e-06 0
1700245305562 9.21855921855922e-06 0
1700245366134 9.157509157509158e-06 0
1700245426813 9.096459096459097e-06 0
1700245487438 9.035409035409036e-06 0
1700245548085 8.974358974358976e-06 0
1700245608826 8.913308913308913e-06 0
1700245669533 8.852258852258853e-06 0
1700245730254 8.791208791208792e-06 0
1700245790885 8.73015873015873e-06 0
1700245851462 8.669108669108669e-06 0
1700245912105 8.608058608058608e-06 0
1700245972677 8.547008547008548e-06 0
1700246033239 8.485958485958487e-06 0
1700246093894 8.424908424908426e-06 0
1700246154500 8.363858363858364e-06 0
1700246215089 8.302808302808303e-06 0
1700246275665 8.241758241758243e-06 0
1700246337054 8.18070818070818e-06 0
1700246399071 8.11965811965812e-06 0
1700246461644 8.058608058608059e-06 0
1700246522461 7.997557997557997e-06 0
1700246582988 7.936507936507936e-06 0
1700246643706 7.875457875457876e-06 0
1700246704321 7.814407814407815e-06 0
1700246764866 7.753357753357754e-06 0
1700246825471 7.692307692307694e-06 0
1700246886107 7.631257631257633e-06 0
1700246946828 7.57020757020757e-06 0
1700247007413 7.509157509157509e-06 0
1700247068126 7.4481074481074485e-06 0
1700247128938 7.387057387057388e-06 0
1700247189545 7.326007326007326e-06 0
1700247250255 7.264957264957266e-06 0
1700247310955 7.203907203907203e-06 0
1700247371613 7.142857142857143e-06 0
1700247432321 7.081807081807082e-06 0
1700247493189 7.0207570207570214e-06 0
1700247553845 6.95970695970696e-06 0
1700247614570 6.898656898656899e-06 0
1700247675209 6.837606837606839e-06 0
1700247735799 6.776556776556776e-06 0
1700247796393 6.715506715506716e-06 0
1700247857155 6.654456654456655e-06 0
1700247917781 6.5934065934065935e-06 0
1700247978386 6.532356532356533e-06 0
1700248038834 6.471306471306472e-06 0
1700248100351 6.41025641025641e-06 0
1700248163030 6.349206349206349e-06 0
1700248224542 6.288156288156289e-06 0
1700248285290 6.227106227106227e-06 0
1700248345901 6.1660561660561665e-06 0
1700248406861 6.105006105006105e-06 0
1700248467638 6.043956043956044e-06 0
1700248528761 5.982905982905984e-06 0
1700248589446 5.921855921855922e-06 0
1700248650073 5.860805860805861e-06 0
1700248711146 5.7997557997558e-06 0
1700248771838 5.738705738705739e-06 0
1700248832383 5.677655677655678e-06 0
1700248892991 5.616605616605617e-06 0
1700248953642 5.555555555555556e-06 0
1700249014294 5.494505494505494e-06 0
1700249074954 5.433455433455434e-06 0
1700249135549 5.372405372405373e-06 0
1700249196270 5.3113553113553116e-06 0
1700249256942 5.250305250305251e-06 0
1700249317502 5.189255189255189e-06 0
1700249378144 5.128205128205128e-06 0
1700249438768 5.067155067155067e-06 0
1700249499389 5.006105006105007e-06 0
1700249560038 4.945054945054945e-06 0
1700249620869 4.8840048840048845e-06 0
1700249681597 4.822954822954823e-06 0
1700249742287 4.7619047619047615e-06 0
1700249802846 4.700854700854701e-06 0
1700249863430 4.63980463980464e-06 0
1700249924011 4.578754578754579e-06 0
1700249984697 4.517704517704518e-06 0
1700250045507 4.456654456654457e-06 0
1700250106338 4.395604395604396e-06 0
1700250166926 4.3345543345543345e-06 0
1700250227501 4.273504273504274e-06 0
1700250289078 4.212454212454213e-06 0
1700250352405 4.151404151404152e-06 0
1700250413626 4.09035409035409e-06 0
1700250474242 4.0293040293040296e-06 0
1700250534815 3.968253968253968e-06 0
1700250595553 3.9072039072039074e-06 0
1700250656127 3.846153846153847e-06 0
1700250716786 3.785103785103785e-06 0
1700250777466 3.7240537240537242e-06 0
1700250838189 3.663003663003663e-06 0
1700250898735 3.6019536019536017e-06 0
1700250959325 3.540903540903541e-06 0
1700251020050 3.47985347985348e-06 0
1700251080639 3.4188034188034193e-06 0
1700251141188 3.357753357753358e-06 0
1700251201742 3.2967032967032968e-06 0
1700251262282 3.235653235653236e-06 0
1700251324346 3.1746031746031746e-06 0
1700251386645 3.1135531135531136e-06 0
1700251447442 3.0525030525030525e-06 0
1700251508066 2.991452991452992e-06 0
1700251568662 2.9304029304029304e-06 0
1700251629296 2.8693528693528693e-06 0
1700251689878 2.8083028083028087e-06 0
1700251750382 2.747252747252747e-06 0
1700251811065 2.6862026862026865e-06 0
1700251871667 2.6251526251526255e-06 0
1700251932310 2.564102564102564e-06 0
1700251992918 2.5030525030525033e-06 0
1700252053601 2.4420024420024423e-06 0
1700252114694 2.3809523809523808e-06 0
1700252175226 2.31990231990232e-06 0
1700252235818 2.258852258852259e-06 0
1700252296590 2.197802197802198e-06 0
1700252357213 2.136752136752137e-06 0
1700252418022 2.075702075702076e-06 0
1700252478786 2.0146520146520148e-06 0
1700252539395 1.9536019536019537e-06 0
1700252600214 1.8925518925518924e-06 0
1700252661062 1.8315018315018316e-06 0
1700252721669 1.7704517704517705e-06 0
1700252782392 1.7094017094017097e-06 0
1700252843177 1.6483516483516484e-06 0
1700252903871 1.5873015873015873e-06 0
1700252964522 1.5262515262515263e-06 0
1700253025083 1.4652014652014652e-06 0
1700253085846 1.4041514041514043e-06 0
1700253146611 1.3431013431013433e-06 0
1700253207286 1.282051282051282e-06 0
1700253267945 1.2210012210012211e-06 0
1700253328532 1.15995115995116e-06 0
1700253389185 1.098901098901099e-06 0
1700253449842 1.037851037851038e-06 0
1700253510918 9.768009768009769e-07 0
1700253573513 9.157509157509158e-07 0
1700253636409 8.547008547008548e-07 0
1700253697325 7.936507936507937e-07 0
1700253758089 7.326007326007326e-07 0
1700253818876 6.715506715506716e-07 0
1700253879538 6.105006105006106e-07 0
1700253940818 5.494505494505495e-07 0
1700254001394 4.884004884004884e-07 0
1700254062130 4.273504273504274e-07 0
1700254122930 3.663003663003663e-07 0
1700254183485 3.052503052503053e-07 0
1700254244228 2.442002442002442e-07 0
1700254305033 1.8315018315018315e-07 0
1700254365655 1.221001221001221e-07 0
1700254426450 6.105006105006105e-08 0
1700254484838 0.0 0
