1700205987110 0.2166015625 0
1700206032580 1.9365234375 0
1700206083017 2.15859375 0
1700206133474 2.2330078125 0
1700206183927 2.1658203125 0
1700206234405 2.1548828125 0
1700206284912 2.1478515625 0
1700206335404 2.2078125 0
1700206385852 2.1912109375 0
1700206436332 2.2078125 0
1700206486831 2.18173828125 0
1700206537273 2.1681640625 0
1700206587698 2.201171875 0
1700206638244 2.227734375 0
1700206688772 2.1494140625 0
1700206739376 2.1787109375 0
1700206789958 2.1693359375 0
1700206840413 2.1369140625 0
1700206890912 2.1361328125 0
1700206941438 2.12119140625 0
1700206991925 2.1216796875 0
1700207042495 2.151953125 0
1700207093042 2.1966796875 0
1700207143537 2.180078125 0
1700207194153 2.12666015625 0
1700207244728 2.16396484375 0
1700207295181 2.1578125 0
1700207345670 2.2068359375 0
1700207396071 2.197265625 0
1700207446509 2.1626953125 0
1700207496924 2.1751953125 0
1700207547329 2.1525390625 0
1700207597742 2.155078125 0
1700207648208 2.159375 0
1700207698673 2.1833984375 0
1700207749094 2.13798828125 0
1700207799572 2.2025390625 0
1700207850019 2.148828125 0
1700207900460 2.1673828125 0
1700207950866 2.1994140625 0
1700208001321 2.2708984375 0
1700208051802 2.1716796875 0
1700208102161 2.1767578125 0
1700208152571 2.1736328125 0
1700208202944 2.150390625 0
1700208253340 2.178515625 0
1700208303738 2.1673828125 0
1700208354116 2.1634765625 0
1700208404527 2.1705078125 0
1700208454943 2.1607421875 0
1700208505320 2.219921875 0
1700208555703 2.15478515625 0
1700208606104 2.12197265625 0
1700208656462 2.20234375 0
1700208707043 2.176171875 0
1700208757645 2.15703125 0
1700208808127 2.1689453125 0
1700208858602 2.183984375 0
1700208908948 2.1560546875 0
1700208959319 2.1404296875 0
1700209009702 2.1486328125 0
1700209060109 2.1482421875 0
1700209110504 2.144140625 0
1700209160854 2.183984375 0
1700209211289 2.17421875 0
1700209261701 2.1322265625 0
1700209312153 2.15 0
1700209362526 2.1439453125 0
1700209412926 2.20234375 0
1700209463330 2.15068359375 0
1700209513783 2.209765625 0
1700209564302 2.1669921875 0
1700209614750 2.184765625 0
1700209665147 2.208203125 0
1700209715579 2.1654296875 0
1700209765970 2.16640625 0
1700209816415 2.1689453125 0
1700209866875 2.1779296875 0
1700209917331 2.1896484375 0
1700209967858 2.14521484375 0
1700210018400 2.1447265625 0
1700210068758 2.1677734375 0
1700210119226 2.1947265625 0
1700210169644 2.141015625 0
1700210220084 2.1810546875 0
1700210270676 2.1896484375 0
1700210321232 2.190625 0
1700210371643 2.199609375 0
1700210422059 2.152734375 0
1700210472446 2.13046875 0
1700210522818 2.2017578125 0
1700210573236 2.1775390625 0
1700210623658 2.155078125 0
1700210674054 2.187890625 0
1700210724396 2.1958984375 0
1700210774737 2.168359375 0
1700210825105 2.15703125 0
1700210875487 2.141796875 0
1700210925910 2.1513671875 0
1700210976343 2.1505859375 0
1700211026792 2.20078125 0
1700211077259 2.15126953125 0
1700211127660 2.1697265625 0
1700211178002 2.134765625 0
1700211228363 2.1798828125 0
1700211278729 2.1818359375 0
1700211329101 2.1935546875 0
1700211379491 2.2091796875 0
1700211429837 2.1857421875 0
1700211480193 2.21171875 0
1700211530508 2.1662109375 0
1700211580847 2.2310546875 0
1700211631252 2.1322265625 0
1700211681641 2.1767578125 0
1700211732081 2.143359375 0
1700211782509 2.128515625 0
1700211833095 2.12900390625 0
1700211883609 2.2033203125 0
1700211934079 2.235546875 0
1700211984515 2.1572265625 0
1700212034864 2.1865234375 0
1700212085216 2.1529296875 0
1700212135565 2.184375 0
1700212185938 2.2130859375 0
1700212236289 2.14560546875 0
1700212286713 2.1775390625 0
1700212337150 2.1708984375 0
1700212387530 2.210546875 0
1700212437886 2.187109375 0
1700212488252 2.1591796875 0
1700212538613 2.200390625 0
1700212589010 2.1587890625 0
1700212639408 2.1810546875 0
1700212689812 2.2103515625 0
1700212740202 2.11162109375 0
1700212790636 2.1935546875 0
1700212841058 2.14130859375 0
1700212891518 2.2126953125 0
1700212941908 2.203515625 0
1700212992236 2.1978515625 0
1700213042622 2.1837890625 0
1700213093054 2.2138671875 0
1700213143513 2.1609375 0
1700213193932 2.1443359375 0
1700213244312 2.2044921875 0
1700213294729 2.203125 0
1700213345119 2.16748046875 0
1700213395533 2.1912109375 0
1700213445965 2.17412109375 0
1700213496514 2.15234375 0
1700213547043 2.1775390625 0
1700213597413 2.2361328125 0
1700213647842 2.1865234375 0
1700213698261 2.1720703125 0
1700213748710 2.1353515625 0
1700213799214 2.14951171875 0
1700213849679 2.200390625 0
1700213900045 2.15341796875 0
1700213950471 2.15078125 0
1700214000869 2.1541015625 0
1700214051265 2.16240234375 0
1700214101648 2.17041015625 0
1700214152030 2.17998046875 0
1700214202425 2.148828125 0
1700214285826 2.1912109375 0
1700214346779 2.1890625 0
1700214407691 2.2375 0
1700214468488 2.8763671875 0
1700214529500 2.880078125 0
1700214590319 2.256640625 0
1700214651259 2.24541015625 0
1700214712139 2.2365234375 0
1700214772931 2.2728515625 0
1700214833684 2.2853515625 0
1700214894647 2.5361328125 0
1700214955471 2.3345703125 0
1700215016441 2.32421875 0
1700215077571 2.1955078125 0
1700215138458 2.1 0
1700215199358 2.042578125 0
1700215260266 2.1513671875 0
1700215321111 2.213671875 0
1700215381886 2.3296875 0
1700215443943 2.4052734375 0
1700215506804 2.45703125 0
1700215568551 2.456640625 0
1700215629304 2.361328125 0
1700215690303 2.2349609375 0
1700215751365 2.99140625 0
1700215812446 2.06396484375 0
1700215873423 2.1546875 0
1700215934347 2.1251953125 0
1700215995698 2.75234375 0
1700216056619 2.1919921875 0
1700216117543 2.2505859375 0
1700216178579 2.3361328125 0
1700216239503 2.3724609375 0
1700216300511 2.4978515625 0
1700216361415 2.49921875 0
1700216422319 3.0708984375 0
1700216483164 2.57890625 0
1700216544071 2.5984375 0
1700216604967 2.5212890625 0
1700216665967 2.45234375 0
1700216726835 2.3298828125 0
1700216787682 2.239453125 0
1700216848488 2.1490234375 0
1700216909394 2.1462890625 0
1700216970154 2.117578125 0
1700217031035 2.040625 0
1700217091991 2.1279296875 0
1700217152779 2.12587890625 0
1700217213668 2.2177734375 0
1700217275601 2.267578125 0
1700217337852 2.42421875 0
1700217400055 2.4330078125 0
1700217460941 3.020703125 0
1700217521735 2.416015625 0
1700217582615 2.3537109375 0
1700217643439 2.3205078125 0
1700217704423 2.291015625 0
1700217765585 2.3173828125 0
1700217826531 2.321875 0
1700217887430 2.35234375 0
1700217948290 2.31171875 0
1700218009180 2.4873046875 0
1700218070215 2.3470703125 0
1700218131187 2.32578125 0
1700218192058 2.3474609375 0
1700218252995 2.360546875 0
1700218313947 2.363671875 0
1700218374870 2.44375 0
1700218435775 2.3708984375 0
1700218496715 2.433203125 0
1700218557651 2.433203125 0
1700218618715 2.411328125 0
1700218679683 2.3859375 0
1700218740519 2.4107421875 0
1700218801387 2.45078125 0
1700218862395 2.410546875 0
1700218923475 2.3837890625 0
1700218985781 2.4583984375 0
1700219047994 2.401953125 0
1700219109567 2.4466796875 0
1700219170609 2.4181640625 0
1700219231462 2.37734375 0
1700219292467 2.41484375 0
1700219353502 2.383984375 0
1700219414426 2.4494140625 0
1700219475479 2.3833984375 0
1700219536523 2.3916015625 0
1700219597794 2.3537109375 0
1700219658979 3.504296875 0
1700219719895 2.3478515625 0
1700219780911 2.35078125 0
1700219841851 2.3919921875 0
1700219902986 2.340625 0
1700219963975 2.3580078125 0
1700220024862 2.3708984375 0
1700220085853 2.4666015625 0
1700220146903 2.3392578125 0
1700220207791 2.3896484375 0
1700220268643 2.3771484375 0
1700220329539 2.415625 0
1700220390407 2.3478515625 0
1700220451502 2.4181640625 0
1700220512595 2.4 0
1700220573467 2.870703125 0
1700220634487 2.3892578125 0
1700220695487 2.4453125 0
1700220756503 2.463671875 0
1700220817383 2.402734375 0
1700220878211 2.435546875 0
1700220939058 2.473046875 0
1700221000058 2.5220703125 0
1700221061761 2.4669921875 0
1700221124282 2.46953125 0
1700221186947 2.4759765625 0
1700221247739 2.5001953125 0
1700221308516 2.4890625 0
1700221369503 2.5603515625 0
1700221430515 2.5623046875 0
1700221491479 2.615234375 0
1700221552323 2.5974609375 0
1700221613122 2.6306640625 0
1700221673960 2.6560546875 0
1700221734776 2.697265625 0
1700221795611 2.6880859375 0
1700221856515 2.7646484375 0
1700221917543 2.8099609375 0
1700221978734 2.8158203125 0
1700222039651 3.0189453125 0
1700222100427 2.81875 0
1700222161369 2.791015625 0
1700222222131 2.726171875 0
1700222282880 2.67109375 0
1700222343721 2.7505859375 0
1700222404531 2.652734375 0
1700222465350 2.64140625 0
1700222526058 2.6193359375 0
1700222586911 2.56640625 0
1700222647705 2.558984375 0
1700222708570 2.8689453125 0
1700222769339 2.4669921875 0
1700222830032 2.4212890625 0
1700222890921 2.47421875 0
1700222951711 2.4451171875 0
1700223012552 2.6677734375 0
1700223074927 2.421484375 0
1700223137227 2.45703125 0
1700223198221 2.4517578125 0
1700223259424 2.4703125 0
1700223320261 2.4712890625 0
1700223381303 2.43671875 0
1700223442066 2.5298828125 0
1700223502793 2.5244140625 0
1700223563736 2.4998046875 0
1700223624527 2.5890625 0
1700223685227 2.5853515625 0
1700223745947 2.55234375 0
1700223806557 2.58046875 0
1700223867305 2.584375 0
1700223927954 2.6220703125 0
1700223988767 2.687890625 0
1700224049583 2.655078125 0
1700224110282 2.6869140625 0
1700224171061 2.7171875 0
1700224231737 2.6625 0
1700224329944 2.7533203125 0
1700224390775 2.726953125 0
1700224451647 2.7203125 0
1700224512410 2.7755859375 0
1700224573106 2.8234375 0
1700224633838 2.821484375 0
1700224694703 2.8802734375 0
1700224755497 2.8515625 0
1700224817754 2.8431640625 0
1700224880438 2.9068359375 0
1700224942103 2.9060546875 0
1700225002879 2.9412109375 0
1700225063780 2.976171875 0
1700225124751 2.9849609375 0
1700225185530 3.021484375 0
1700225246455 3.113671875 0
1700225307341 3.3611328125 0
1700225368049 3.1384765625 0
1700225428875 3.172265625 0
1700225489662 3.15078125 0
1700225550414 3.293359375 0
1700225611115 3.261328125 0
1700225672052 3.201171875 0
1700225732847 3.2197265625 0
1700225793642 3.265234375 0
1700225854310 3.490234375 0
1700225915067 3.28515625 0
1700225975928 3.2453125 0
1700226036631 3.1984375 0
1700226097511 3.269140625 0
1700226158423 3.2697265625 0
1700226219196 3.2341796875 0
1700226280499 3.2671875 0
1700226341291 3.2732421875 0
1700226403001 3.515234375 0
1700226465622 3.27890625 0
1700226527103 3.2404296875 0
1700226587823 3.2435546875 0
1700226648579 3.2212890625 0
1700226709479 3.304296875 0
1700226770255 3.3890625 0
1700226831577 3.15234375 0
1700226892577 3.2486328125 0
1700226953375 3.2087890625 0
1700227014315 3.230078125 0
1700227075215 3.1751953125 0
1700227136058 3.2828125 0
1700227196871 3.1046875 0
1700227257817 3.1310546875 0
1700227318596 3.1810546875 0
1700227379379 3.1951171875 0
1700227440219 3.175 0
1700227501108 3.2029296875 0
1700227561999 3.157421875 0
1700227622636 3.298046875 0
1700227683415 3.1248046875 0
1700227744136 3.178515625 0
1700227804927 3.1298828125 0
1700227865771 3.1884765625 0
1700227926653 3.2142578125 0
1700227988218 3.39921875 0
1700228051013 3.248828125 0
1700228112157 3.358984375 0
1700228172918 3.3826171875 0
1700228233577 3.3041015625 0
1700228294212 3.273828125 0
1700228354930 3.364453125 0
1700228415756 3.3755859375 0
1700228476609 3.4068359375 0
1700228537292 3.4685546875 0
1700228598018 3.5310546875 0
1700228658791 3.478125 0
1700228719598 3.610546875 0
1700228780378 3.612109375 0
1700228841079 3.678515625 0
1700228901807 3.6208984375 0
1700228962627 3.7056640625 0
1700229023351 3.7892578125 0
1700229084047 3.811328125 0
1700229144736 3.86328125 0
1700229205507 3.88984375 0
1700229266259 3.9451171875 0
1700229327011 4.0857421875 0
1700229387827 4.103125 0
1700229448579 4.1419921875 0
1700229509351 4.2203125 0
1700229570039 4.25 0
1700229630919 4.235546875 0
1700229691643 4.302734375 0
1700229753047 4.360546875 0
1700229815085 4.471484375 0
1700229876569 4.490234375 0
1700229937511 4.523046875 0
1700229998261 4.591796875 0
1700230059020 4.646875 0
1700230119847 4.721875 0
1700230180571 4.798046875 0
1700230241286 4.89921875 0
1700230301951 4.95078125 0
1700230362783 5.081640625 0
1700230423591 5.076953125 0
1700230484747 5.128125 0
1700230545493 5.237109375 0
1700230606387 5.2328125 0
1700230667128 5.332421875 0
1700230727891 5.43984375 0
1700230788743 5.50859375 0
1700230849571 5.612890625 0
1700230910338 5.61953125 0
1700230971024 5.740234375 0
1700231031739 5.809765625 0
1700231092447 5.915234375 0
1700231153139 5.973046875 0
1700231213896 6.0265625 0
1700231274547 6.145703125 0
1700231335283 6.201953125 0
1700231395999 6.335546875 0
1700231456754 6.32421875 0
1700231517506 6.292578125 0
1700231578427 6.2765625 0
1700231639601 6.3484375 0
1700231700246 6.435546875 0
1700231762187 6.58203125 0
1700231824255 6.52578125 0
1700231886419 6.584765625 0
1700231947162 6.63984375 0
1700232007875 6.7 0
1700232068595 6.82578125 0
1700232129355 6.86796875 0
1700232190180 7.011328125 0
1700232250911 6.9703125 0
1700232311571 7.125390625 0
1700232372199 7.230078125 0
1700232432958 7.33125 0
1700232493815 7.4375 0
1700232554475 7.4671875 0
1700232615280 7.55546875 0
1700232675959 7.609375 0
1700232736716 7.635546875 0
1700232797432 7.730078125 0
1700232858149 7.81171875 0
1700232918881 8.0015625 0
1700232979575 8.1484375 0
1700233040278 8.3109375 0
1700233101135 8.138671875 0
1700233161799 8.221875 0
1700233222487 8.25078125 0
1700233283261 8.28046875 0
1700233343977 8.45546875 0
1700233404788 8.30625 0
1700233465491 8.33828125 0
1700233526456 8.46796875 0
1700233588804 8.484375 0
1700233650378 8.6640625 0
1700233710950 8.56484375 0
1700233771483 8.6328125 0
1700233832183 8.451953125 0
1700233892947 5.901953125 0
1700233953479 4.5015625 0
1700234014115 4.0333984375 0
1700234075463 4.0720703125 0
1700234136154 4.16796875 0
1700234196723 4.298046875 0
1700234257379 4.456640625 0
1700234365947 4.510546875 0
1700234426542 4.459765625 0
1700234487135 4.30390625 0
1700234547787 4.1115234375 0
1700234608479 3.9517578125 0
1700234669063 3.684375 0
1700234729529 3.51640625 0
1700234790263 3.32734375 0
1700234850839 3.1361328125 0
1700234911383 3.0572265625 0
1700234971998 3.1287109375 0
1700235032579 2.8625 0
1700235093290 2.672265625 0
1700235153785 2.4697265625 0
1700235214419 2.3984375 0
1700235274984 2.24609375 0
1700235335556 2.11875 0
1700235396035 1.98291015625 0
1700235456527 1.89892578125 0
1700235518088 1.80146484375 0
1700235580128 1.67568359375 0
1700235641603 1.61416015625 0
1700235702179 1.6078125 0
1700235762799 1.54306640625 0
1700235823383 1.51845703125 0
1700235883987 1.3638671875 0
1700235944470 1.333984375 0
1700236005018 1.3353515625 0
1700236065819 1.29208984375 0
1700236126363 1.231640625 0
1700236186855 1.28505859375 0
1700236247443 1.0533203125 0
1700236308003 0.91923828125 0
1700236368544 0.8921875 0
1700236429079 0.7046875 0
1700236489795 0.7138671875 0
1700236550391 0.668359375 0
1700236610943 0.6376953125 0
1700236671600 0.61630859375 0
1700236732187 0.57978515625 0
1700236792733 0.5587890625 0
1700236853318 0.54814453125 0
1700236913951 0.43974609375 0
1700236974607 0.4287109375 0
1700237035303 0.40888671875 0
1700237095839 0.34560546875 0
1700237156428 0.3841796875 0
1700237217020 0.4376953125 0
1700237277687 0.37099609375 0
1700237338218 0.45146484375 0
1700237398947 0.4404296875 0
1700237459547 0.5658203125 0
1700237520440 0.42880859375 0
1700237582566 0.43623046875 0
1700237644823 0.45146484375 0
1700237705971 0.45283203125 0
1700237766630 0.48408203125 0
1700237827175 0.48291015625 0
1700237887753 0.5328125 0
1700237948216 0.50078125 0
1700238008864 0.5185546875 0
1700238069435 0.528125 0
1700238129927 0.5828125 0
1700238190531 0.5673828125 0
1700238251102 0.61953125 0
1700238311711 0.6529296875 0
1700238372241 0.65 0
1700238432919 0.641015625 0
1700238493527 0.63291015625 0
1700238554119 0.6982421875 0
1700238614739 0.91083984375 0
1700238675402 0.75078125 0
1700238736082 0.7763671875 0
1700238798060 0.8017578125 0
1700238860253 0.804296875 0
1700238922335 0.83857421875 0
1700238983064 0.91318359375 0
1700239043707 0.8767578125 0
1700239104231 0.9265625 0
1700239164767 0.93046875 0
1700239225267 0.991015625 0
1700239285902 1.066796875 0
1700239346475 1.052734375 0
1700239407019 1.1923828125 0
1700239467468 1.125390625 0
1700239528233 1.2029296875 0
1700239588791 1.175390625 0
1700239649275 1.21328125 0
1700239709759 1.25703125 0
1700239770272 1.231640625 0
1700239831075 1.2748046875 0
1700239891706 1.35234375 0
1700239952169 1.3748046875 0
1700240012703 1.434375 0
1700240073167 1.4482421875 0
1700240133744 1.4361328125 0
1700240194235 1.541015625 0
1700240254748 1.54765625 0
1700240315314 1.570703125 0
1700240375700 1.605078125 0
1700240436269 1.62890625 0
1700240496887 1.6623046875 0
1700240557556 1.7681640625 0
1700240618121 1.746484375 0
1700240678603 1.76484375 0
1700240739175 1.7765625 0
1700240799699 1.876953125 0
1700240860494 1.89296875 0
1700240921990 1.9275390625 0
1700240984195 1.9130859375 0
1700241045047 2.019921875 0
1700241105534 2.0005859375 0
1700241166047 2.0943359375 0
1700241226767 2.0779296875 0
1700241287812 2.1134765625 0
1700241348383 2.180859375 0
1700241408913 2.2169921875 0
1700241469475 2.2521484375 0
1700241529923 2.2802734375 0
1700241590468 2.3140625 0
1700241651071 2.314453125 0
1700241711549 2.38046875 0
1700241772143 2.43046875 0
1700241832695 2.4732421875 0
1700241893413 2.51484375 0
1700241954083 2.5970703125 0
1700242014589 2.5587890625 0
1700242075147 2.6263671875 0
1700242135867 2.6568359375 0
1700242196503 2.760546875 0
1700242257163 2.76796875 0
1700242317765 2.843359375 0
1700242378279 2.797265625 0
1700242438796 2.854296875 0
1700242499425 2.9109375 0
1700242560071 2.9693359375 0
1700242620663 2.9841796875 0
1700242681239 3.0326171875 0
1700242741845 3.1056640625 0
1700242802469 3.078515625 0
1700242863936 3.1205078125 0
1700242926147 3.1740234375 0
1700242988755 3.18359375 0
1700243049403 3.2380859375 0
1700243110131 3.2306640625 0
1700243170819 3.2220703125 0
1700243231359 3.294140625 0
1700243291919 3.3056640625 0
1700243352467 3.31875 0
1700243413197 3.3287109375 0
1700243473715 3.3455078125 0
1700243534418 3.362109375 0
1700243594975 3.355859375 0
1700243655670 3.4119140625 0
1700243716303 3.501171875 0
1700243776946 3.469140625 0
1700243837532 3.504296875 0
1700243898075 3.504296875 0
1700243958747 3.455078125 0
1700244019415 3.4771484375 0
1700244080067 3.507421875 0
1700244140594 3.4974609375 0
1700244201175 3.544140625 0
1700244261689 3.5216796875 0
1700244577487 3.563671875 0
1700244638055 3.47421875 0
1700244698766 3.573046875 0
1700244759363 3.675390625 0
1700244819911 3.5896484375 0
1700244880903 3.57421875 0
1700244941599 3.605859375 0
1700245002319 3.6869140625 0
1700245062883 3.637890625 0
1700245123615 3.5990234375 0
1700245184195 3.5837890625 0
1700245244726 3.651953125 0
1700245305559 3.6375 0
1700245366132 3.63359375 0
1700245426811 3.56875 0
1700245487436 3.6458984375 0
1700245548083 3.6017578125 0
1700245608823 3.659375 0
1700245669531 3.650390625 0
1700245730251 3.598046875 0
1700245790883 3.6109375 0
1700245851459 3.78359375 0
1700245912103 3.658203125 0
1700245972675 3.709765625 0
1700246033237 3.6212890625 0
1700246093891 3.662109375 0
1700246154497 3.6505859375 0
1700246215087 3.72265625 0
1700246275663 3.7126953125 0
1700246337052 3.645703125 0
1700246399069 3.64765625 0
1700246461642 3.682421875 0
1700246522458 3.6798828125 0
1700246582986 3.6419921875 0
1700246643703 3.6365234375 0
1700246704319 3.619921875 0
1700246764864 3.655859375 0
1700246825469 3.67578125 0
1700246886104 3.7169921875 0
1700246946826 3.6810546875 0
1700247007411 3.68671875 0
1700247068124 3.852734375 0
1700247128936 3.6326171875 0
1700247189543 3.6767578125 0
1700247250253 3.6375 0
1700247310952 3.7037109375 0
1700247371611 3.6560546875 0
1700247432319 3.637890625 0
1700247493187 3.7681640625 0
1700247553843 3.7892578125 0
1700247614567 3.7072265625 0
1700247675207 3.6794921875 0
1700247735797 3.7064453125 0
1700247796391 3.7322265625 0
1700247857152 3.7275390625 0
1700247917778 3.7357421875 0
1700247978383 3.808203125 0
1700248038831 3.7212890625 0
1700248100349 3.7115234375 0
1700248163027 3.68125 0
1700248224539 3.6720703125 0
1700248285287 3.6853515625 0
1700248345899 3.705859375 0
1700248406859 3.773046875 0
1700248467636 3.733984375 0
1700248528758 3.6900390625 0
1700248589443 3.71953125 0
1700248650071 3.7080078125 0
1700248711143 3.7521484375 0
1700248771836 3.7125 0
1700248832381 3.7248046875 0
1700248892988 3.83046875 0
1700248953639 3.7060546875 0
1700249014291 3.744921875 0
1700249074951 3.7447265625 0
1700249135547 3.751171875 0
1700249196267 3.808984375 0
1700249256939 3.7994140625 0
1700249317499 3.8345703125 0
1700249378142 3.7357421875 0
1700249438767 3.733984375 0
1700249499387 3.7365234375 0
1700249560035 3.77890625 0
1700249620867 3.7955078125 0
1700249681595 3.8017578125 0
1700249742285 3.7220703125 0
1700249802843 3.7439453125 0
1700249863427 3.75546875 0
1700249924008 3.7486328125 0
1700249984695 3.7267578125 0
1700250045504 3.7548828125 0
1700250106335 3.84453125 0
1700250166924 3.8306640625 0
1700250227498 3.819140625 0
1700250289076 3.7818359375 0
1700250352403 3.71015625 0
1700250413624 3.7375 0
1700250474239 3.7787109375 0
1700250534813 3.8216796875 0
1700250595551 3.8818359375 0
1700250656124 3.7689453125 0
1700250716783 3.7771484375 0
1700250777463 3.7412109375 0
1700250838186 3.8146484375 0
1700250898733 3.7990234375 0
1700250959323 3.816015625 0
1700251020047 3.8279296875 0
1700251080636 3.7923828125 0
1700251141186 3.7833984375 0
1700251201739 3.8755859375 0
1700251262279 3.8212890625 0
1700251324343 3.835546875 0
1700251386643 3.8458984375 0
1700251447439 3.84296875 0
1700251508063 3.8705078125 0
1700251568659 3.8240234375 0
1700251629294 3.86796875 0
1700251689875 3.8529296875 0
1700251750379 3.858203125 0
1700251811063 3.8859375 0
1700251871664 3.8494140625 0
1700251932307 3.8810546875 0
1700251992915 3.9068359375 0
1700252053599 3.8755859375 0
1700252114691 3.8349609375 0
1700252175223 3.921484375 0
1700252235816 3.933984375 0
1700252296587 3.887890625 0
1700252357210 3.9181640625 0
1700252418019 3.8869140625 0
1700252478783 3.9287109375 0
1700252539393 3.9046875 0
1700252600212 3.905859375 0
1700252661059 3.9486328125 0
1700252721667 3.941015625 0
1700252782390 3.9541015625 0
1700252843175 3.9224609375 0
1700252903867 3.9296875 0
1700252964519 3.9330078125 0
1700253025081 3.93046875 0
1700253085843 3.952734375 0
1700253146608 4.025390625 0
1700253207283 3.87734375 0
1700253267943 3.922265625 0
1700253328529 3.965234375 0
1700253389183 3.9525390625 0
1700253449839 3.9509765625 0
1700253510915 3.979296875 0
1700253573240 3.944140625 0
1700253636407 3.964453125 0
1700253697323 3.9794921875 0
1700253758087 3.9515625 0
1700253818874 3.985546875 0
1700253879535 3.993359375 0
1700253940815 3.9798828125 0
1700254001391 3.998046875 0
1700254062127 3.9333984375 0
1700254122927 4.006640625 0
1700254183483 3.9794921875 0
1700254244226 4.0783203125 0
1700254305031 4.02734375 0
1700254365652 3.984375 0
1700254426447 4.0875 0
1700254484835 4.05859375 0
