1700205989503 0.003286332046429728 0
1700206034992 0.003286332046429728 0
1700206085411 0.003286332046429728 0
1700206135831 0.003286332046429728 0
1700206186300 0.003286332046429728 0
1700206236790 0.003286332046429728 0
1700206287259 0.003286332046429728 0
1700206337787 0.003286332046429728 0
1700206388229 0.003286332046429728 0
1700206438720 0.003286332046429728 0
1700206489190 0.003286332046429728 0
1700206539640 0.003286332046429728 0
1700206590136 0.003286332046429728 0
1700206640665 0.003286332046429728 0
1700206691300 0.003286332046429728 0
1700206741871 0.003286332046429728 0
1700206792338 0.003286332046429728 0
1700206842819 0.003286332046429728 0
1700206893352 0.003286332046429728 0
1700206943848 0.003286332046429728 0
1700206994417 0.003286332046429728 0
1700207044921 0.003286332046429728 0
1700207095461 0.003286332046429728 0
1700207146045 0.003286332046429728 0
1700207196655 0.003286332046429728 0
1700207247122 0.003286332046429728 0
1700207297575 0.003286332046429728 0
1700207348026 0.003286332046429728 0
1700207398460 0.003286332046429728 0
1700207448873 0.003286332046429728 0
1700207499278 0.003286332046429728 0
1700207549699 0.003286332046429728 0
1700207600151 0.003286332046429728 0
1700207650620 0.003286332046429728 0
1700207701058 0.003286332046429728 0
1700207751472 0.003286332046429728 0
1700207801966 0.003286332046429728 0
1700207852414 0.003286332046429728 0
1700207902808 0.003286332046429728 0
1700207953251 0.003286332046429728 0
1700208003735 0.003286332046429728 0
1700208054142 0.003286332046429728 0
1700208104535 0.003286332046429728 0
1700208154930 0.003286332046429728 0
1700208205323 0.003286332046429728 0
1700208255682 0.003286332046429728 0
1700208306076 0.003286332046429728 0
1700208356504 0.003286332046429728 0
1700208406944 0.003286332046429728 0
1700208457287 0.003286332046429728 0
1700208507698 0.003286332046429728 0
1700208558076 0.003286332046429728 0
1700208608451 0.003286332046429728 0
1700208658984 0.003286332046429728 0
1700208709585 0.003286332046429728 0
1700208760120 0.003286332046429728 0
1700208810562 0.003286332046429728 0
1700208860961 0.003286332046429728 0
1700208911326 0.003286332046429728 0
1700208961689 0.003286332046429728 0
1700209012053 0.003286332046429728 0
1700209062500 0.003286332046429728 0
1700209112855 0.003286332046429728 0
1700209163268 0.003286332046429728 0
1700209213651 0.003286332046429728 0
1700209264114 0.003286332046429728 0
1700209314496 0.003286332046429728 0
1700209364920 0.003286332046429728 0
1700209415295 0.003286332046429728 0
1700209465755 0.003286332046429728 0
1700209516274 0.003286332046429728 0
1700209566725 0.003286332046429728 0
1700209617144 0.003286332046429728 0
1700209667562 0.003286332046429728 0
1700209717953 0.003286332046429728 0
1700209768410 0.003286332046429728 0
1700209818822 0.003286332046429728 0
1700209869295 0.003286332046429728 0
1700209919842 0.003286332046429728 0
1700209970343 0.003286332046429728 0
1700210020767 0.003286332046429728 0
1700210071186 0.003286332046429728 0
1700210121610 0.003286332046429728 0
1700210172027 0.003286332046429728 0
1700210222626 0.003286332046429728 0
1700210273179 0.003286332046429728 0
1700210323624 0.003286332046429728 0
1700210374037 0.003286332046429728 0
1700210424430 0.003286332046429728 0
1700210474786 0.003286332046429728 0
1700210525227 0.003286332046429728 0
1700210575638 0.003286332046429728 0
1700210625994 0.003286332046429728 0
1700210676391 0.003286332046429728 0
1700210726756 0.003286332046429728 0
1700210777130 0.003286332046429728 0
1700210827456 0.003286332046429728 0
1700210877882 0.003286332046429728 0
1700210928343 0.003286332046429728 0
1700210978771 0.003286332046429728 0
1700211029237 0.003286332046429728 0
1700211079629 0.003286332046429728 0
1700211130037 0.003286332046429728 0
1700211180354 0.003286332046429728 0
1700211230707 0.003286332046429728 0
1700211281091 0.003286332046429728 0
1700211331500 0.003286332046429728 0
1700211381832 0.003286332046429728 0
1700211432184 0.003286332046429728 0
1700211482521 0.003286332046429728 0
1700211532857 0.003286332046429728 0
1700211583255 0.003286332046429728 0
1700211633637 0.003286332046429728 0
1700211684075 0.003286332046429728 0
1700211734471 0.003286332046429728 0
1700211785059 0.003286332046429728 0
1700211835582 0.003286332046429728 0
1700211886075 0.003286332046429728 0
1700211936539 0.003286332046429728 0
1700211986878 0.003286332046429728 0
1700212037242 0.003286332046429728 0
1700212087577 0.003286332046429728 0
1700212137951 0.003286332046429728 0
1700212188274 0.003286332046429728 0
1700212238681 0.003286332046429728 0
1700212289154 0.003286332046429728 0
1700212339565 0.003286332046429728 0
1700212389890 0.003286332046429728 0
1700212440235 0.003286332046429728 0
1700212490612 0.003286332046429728 0
1700212541017 0.003286332046429728 0
1700212591376 0.003286332046429728 0
1700212641793 0.003286332046429728 0
1700212692187 0.003286332046429728 0
1700212742578 0.003286332046429728 0
1700212793024 0.003286332046429728 0
1700212843460 0.003286332046429728 0
1700212893920 0.003286332046429728 0
1700212944268 0.003286332046429728 0
1700212994624 0.003286332046429728 0
1700213045039 0.003286332046429728 0
1700213095469 0.003286332046429728 0
1700213145935 0.003286332046429728 0
1700213196296 0.003286332046429728 0
1700213246749 0.003286332046429728 0
1700213297112 0.003286332046429728 0
1700213347542 0.003286332046429728 0
1700213397935 0.003286332046429728 0
1700213448456 0.003286332046429728 0
1700213499024 0.003286332046429728 0
1700213549422 0.003286332046429728 0
1700213599804 0.003286332046429728 0
1700213650198 0.003286332046429728 0
1700213700665 0.003286332046429728 0
1700213751182 0.003286332046429728 0
1700213801631 0.003286332046429728 0
1700213852053 0.003286332046429728 0
1700213902445 0.003286332046429728 0
1700213952881 0.003286332046429728 0
1700214003249 0.003286332046429728 0
1700214053632 0.003286332046429728 0
1700214104008 0.003286332046429728 0
1700214154434 0.003286332046429728 0
1700214204828 0.003286332046429728 0
1700214288247 0.0033469323667219882 0
1700214349156 0.0036513175371397344 0
1700214410043 0.00371190303347889 0
1700214470911 0.0038311807293966026 0
1700214531954 0.003922058973905336 0
1700214592710 0.004028083592498858 0
1700214653660 0.0041454679916559725 0
1700214714475 0.004255279203770692 0
1700214775272 0.004625736122921958 0
1700214836104 0.004777162803887086 0
1700214897008 0.005514009628888856 0
1700214957907 0.007593238291962776 0
1700215018878 0.01518197411700234 0
1700215079980 0.029219767590260876 0
1700215140827 0.04423197980371782 0
1700215201761 0.05740825499895323 0
1700215262703 0.06649351490593945 0
1700215323467 0.06882710222135553 0
1700215384358 0.06793498189955795 0
1700215446383 0.06445314306669285 0
1700215509315 0.05927498723558811 0
1700215570965 0.051594506891280256 0
1700215631756 0.0331778677634007 0
1700215692749 0.01601933197653973 0
1700215753817 0.011882859808175675 0
1700215814857 0.011747837684315103 0
1700215875863 0.011773075464475959 0
1700215936799 0.011694207401473287 0
1700215998147 0.012709432160916107 0
1700216059035 0.013137107840473788 0
1700216119927 0.014051753467846411 0
1700216180962 0.014254237086044074 0
1700216241951 0.015706946658346935 0
1700216302931 0.01715208674959568 0
1700216363868 0.018912621884766022 0
1700216424751 0.020456165229718302 0
1700216485564 0.025602301167700573 0
1700216546487 0.031046578921184637 0
1700216607390 0.04061836714571622 0
1700216668344 0.05070770141991927 0
1700216729219 0.06346359818092899 0
1700216790026 0.07302169401410948 0
1700216850893 0.08388425556489224 0
1700216911760 0.09245478643654542 0
1700216972543 0.10049145363773089 0
1700217033422 0.10504383698028603 0
1700217094367 0.1078627186735677 0
1700217155266 0.10882666012166077 0
1700217216145 0.10936333107824771 0
1700217278141 0.10924855538600467 0
1700217340377 0.10852773881329156 0
1700217402470 0.10790719331237318 0
1700217463355 0.1051056718579228 0
1700217524132 0.09964523537788984 0
1700217584998 0.08711261267489102 0
1700217645912 0.07224916052941831 0
1700217706867 0.06472438280446542 0
1700217768010 0.06317390076854686 0
1700217828945 0.06482657079869601 0
1700217889851 0.06850066487653268 0
1700217950696 0.0734068893398028 0
1700218011683 0.07803360538779146 0
1700218072626 0.08164785007121032 0
1700218133565 0.08369160995582225 0
1700218194418 0.08703290505112761 0
1700218255368 0.08871774537575677 0
1700218316351 0.09137526401584012 0
1700218377257 0.09338874597623559 0
1700218438186 0.09543250586084752 0
1700218499120 0.09648466372736995 0
1700218560072 0.09720061047707197 0
1700218621109 0.09961695498135423 0
1700218682084 0.10119918884390994 0
1700218742951 0.10332375394247974 0
1700218803826 0.1058796512957064 0
1700218864806 0.10759666191481555 0
1700218925864 0.1100534080223716 0
1700218988264 0.11175191062719711 0
1700219050507 0.11440440132210292 0
1700219112052 0.11515459433738431 0
1700219173017 0.11947908796794673 0
1700219233920 0.12154416932960865 0
1700219294846 0.12394554411191397 0
1700219355895 0.12667185531379027 0
1700219416798 0.12909783693175242 0
1700219477948 0.1318044931159736 0
1700219538920 0.13362369172931335 0
1700219600358 0.1373750003817168 0
1700219661357 0.14089070021179673 0
1700219722300 0.14442810956678243 0
1700219783341 0.14698499163197729 0
1700219844304 0.14969704141888593 0
1700219905411 0.15217798515922665 0
1700219966360 0.1537342263009264 0
1700220027298 0.15387233551302104 0
1700220088268 0.1548024689286484 0
1700220149315 0.15623911118877984 0
1700220210175 0.15687146041677405 0
1700220271042 0.15765553249596315 0
1700220331918 0.1581166400501765 0
1700220392799 0.15923124613539544 0
1700220453886 0.1591371047682095 0
1700220514993 0.15955100436284753 0
1700220575901 0.1614541504049548 0
1700220636912 0.16201807674348664 0
1700220697856 0.16261543495667413 0
1700220758917 0.16305951117851575 0
1700220819726 0.16350358740035734 0
1700220880590 0.16372785697946896 0
1700220941549 0.1638092488204877 0
1700221002513 0.16392092599769947 0
1700221064289 0.16405342434354397 0
1700221126771 0.16414049468509892 0
1700221189306 0.16423892202772625 0
1700221250135 0.16436384903952247 0
1700221310917 0.16480046263630527 0
1700221371888 0.16522571923201565 0
1700221432899 0.1656585471617743 0
1700221493847 0.16606298258885202 0
1700221554684 0.16647309651646588 0
1700221615493 0.16656963102558117 0
1700221676322 0.1671968633646792 0
1700221737134 0.16889305791088954 0
1700221798004 0.16992250733424963 0
1700221858948 0.1713051992068019 0
1700221919977 0.17270492241172594 0
1700221981144 0.1744295025118892 0
1700222042037 0.17700909703506706 0
1700222102854 0.18149228602493364 0
1700222163794 0.1859092582692754 0
1700222224514 0.1886493702626599 0
1700222285262 0.19234300339160187 0
1700222346112 0.1965752142080989 0
1700222406915 0.19922395876652219 0
1700222467750 0.20293280188901436 0
1700222528458 0.2060264460163413 0
1700222589315 0.20860731848780972 0
1700222650150 0.21139971996836093 0
1700222710972 0.21588538810996813 0
1700222771727 0.219501835849001 0
1700222832449 0.22196896088555687 0
1700222893339 0.22400945919165338 0
1700222954162 0.22630454715669465 0
1700223015011 0.22741112993171178 0
1700223077436 0.22922021984436353 0
1700223139719 0.23191480686009858 0
1700223200608 0.23419043190121033 0
1700223261944 0.23544920787910106 0
1700223322802 0.2365114498941392 0
1700223383747 0.237795111120056 0
1700223444524 0.2384088990601851 0
1700223505255 0.23901323441396724 0
1700223566163 0.23962891287136573 0
1700223626930 0.24059937840298667 0
1700223687596 0.2415566103137219 0
1700223748320 0.2424930465344938 0
1700223808948 0.2427577189522086 0
1700223869686 0.24301293878357644 0
1700223930348 0.2435964784473953 0
1700223991154 0.24388950862415096 0
1700224052023 0.24448817242612492 0
1700224112697 0.24537167416335387 0
1700224173416 0.2456079888220278 0
1700224234115 0.24614804658865064 0
1700224332338 0.24636356555736127 0
1700224393168 0.2468998422894453 0
1700224454035 0.24715695263808254 0
1700224514789 0.2481675771851614 0
1700224575521 0.24840016778886628 0
1700224636334 0.24864599525619666 0
1700224697155 0.24991862514476085 0
1700224757865 0.2502136181055573 0
1700224820294 0.25163558804927094 0
1700224882912 0.25255500961461835 0
1700224944505 0.2531158630712045 0
1700225005268 0.2540012553257028 0
1700225066237 0.254552656195942 0
1700225127159 0.25540212862232187 0
1700225187957 0.2559213906989814 0
1700225248850 0.2574256122729939 0
1700225309728 0.25853030453074166 0
1700225370441 0.2599688581543265 0
1700225431281 0.26270438321513834 0
1700225492021 0.2649467775858746 0
1700225552831 0.26615131163844175 0
1700225613535 0.2674884859453211 0
1700225674470 0.2692460618488529 0
1700225735247 0.27047339251622016 0
1700225796024 0.2726297180887331 0
1700225856693 0.27385838152213415 0
1700225917448 0.2766819055833965 0
1700225978320 0.27944752666616685 0
1700226039063 0.2815812078782314 0
1700226099966 0.28303815262305304 0
1700226160823 0.2867620019097402 0
1700226222016 0.28791993624805784 0
1700226282859 0.2898828061442301 0
1700226343666 0.29191554025047184 0
1700226405544 0.29416596549780255 0
1700226468166 0.2959389414811999 0
1700226529462 0.29850647980685063 0
1700226590198 0.30008823436158927 0
1700226651000 0.30097465688082836 0
1700226711830 0.3034051018984207 0
1700226772750 0.3055903281572569 0
1700226834049 0.30786458507103004 0
1700226894967 0.30931977904522356 0
1700226955766 0.3116969426061205 0
1700227016694 0.31380643745778136 0
1700227077617 0.31590293787921647 0
1700227138426 0.31762380318938144 0
1700227199284 0.31895283219727827 0
1700227260213 0.32037705337445355 0
1700227320993 0.3216208611745291 0
1700227381766 0.3233022711437601 0
1700227442606 0.32529917482885057 0
1700227503556 0.3276409634963218 0
1700227564405 0.3289709236337731 0
1700227625018 0.33034810269434833 0
1700227685773 0.3321181517190884 0
1700227746527 0.3341387621479331 0
1700227807326 0.335258279594115 0
1700227868164 0.3358515244691483 0
1700227929151 0.33725950322620607 0
1700227990720 0.3383469618663887 0
1700228053494 0.3396709164498384 0
1700228114483 0.34115471370479605 0
1700228175300 0.3426317974075752 0
1700228235918 0.3443199013181301 0
1700228296594 0.3456084444115199 0
1700228357306 0.3466755400358704 0
1700228418151 0.3472165193582446 0
1700228479003 0.3479613405435196 0
1700228539645 0.34916587027243384 0
1700228600392 0.35034347414352734 0
1700228661187 0.3513590758328611 0
1700228721996 0.3519167427571944 0
1700228782761 0.3534574128803194 0
1700228843483 0.354487679165262 0
1700228904188 0.3559714898544272 0
1700228965057 0.35712170322941994 0
1700229025747 0.3579164622978843 0
1700229086425 0.3589034969942557 0
1700229147163 0.35973611211529666 0
1700229207884 0.36087513711168356 0
1700229268649 0.36185488938667615 0
1700229329418 0.362394554627374 0
1700229390230 0.363606081570986 0
1700229450937 0.3654098813397897 0
1700229511709 0.3669320128742277 0
1700229572412 0.3682000667937679 0
1700229633287 0.3696816758170647 0
1700229694164 0.37043652015646505 0
1700229755496 0.37151134322961993 0
1700229817602 0.37275675124454993 0
1700229879030 0.3738609938423868 0
1700229939920 0.37525682529637233 0
1700230000653 0.3763611579188411 0
1700230061406 0.377866543790837 0
1700230122196 0.37856544175913914 0
1700230182934 0.3798406341841801 0
1700230243617 0.38075597298577657 0
1700230304383 0.3818473121045167 0
1700230365222 0.38323498189140476 0
1700230425974 0.3846212545207127 0
1700230487104 0.3854752056339244 0
1700230547861 0.3865666148576094 0
1700230608768 0.3877529806114849 0
1700230669495 0.38906116575157085 0
1700230730289 0.38999324172271965 0
1700230791145 0.3912598631233749 0
1700230851954 0.39253251601994965 0
1700230912730 0.3939661003765047 0
1700230973406 0.395074568264225 0
1700231034097 0.39619831223561974 0
1700231094830 0.3975831390662514 0
1700231155503 0.3987490116314567 0
1700231216255 0.4001780371591835 0
1700231276962 0.40125520813032756 0
1700231337646 0.40233518453459666 0
1700231398371 0.4034484532212964 0
1700231459148 0.405696454289046 0
1700231519875 0.40796181049989294 0
1700231580833 0.4100677099252612 0
1700231642010 0.4111008980731272 0
1700231702735 0.4125864905705724 0
1700231764691 0.4139941340901073 0
1700231826773 0.41529043072863564 0
1700231888772 0.41699626316060673 0
1700231949531 0.4178222856373367 0
1700232010243 0.4195903261708472 0
1700232071025 0.42074065381381176 0
1700232131832 0.42170310452812076 0
1700232192555 0.4229489259151597 0
1700232253261 0.4247809301077393 0
1700232313926 0.4255769680509913 0
1700232374537 0.42678004842965717 0
1700232435354 0.428017198885043 0
1700232496203 0.4294314010773298 0
1700232556840 0.4309661193832832 0
1700232617691 0.4323639523797702 0
1700232678311 0.4338202297378698 0
1700232739107 0.43554514461230737 0
1700232799782 0.43661642692249675 0
1700232860535 0.4375464520923832 0
1700232921250 0.43877218115515043 0
1700232981995 0.4401696901864956 0
1700233042694 0.4418010178934107 0
1700233103523 0.44341705685452476 0
1700233164195 0.4450678535076003 0
1700233224872 0.44669583517035055 0
1700233285639 0.4483802886824534 0
1700233346338 0.45034608661819614 0
1700233407154 0.45155922365929796 0
1700233467876 0.4529199485951755 0
1700233528970 0.4541579190004675 0
1700233591234 0.4557787346716372 0
1700233652785 0.4573525608821236 0
1700233713313 0.458725970952622 0
1700233773878 0.46060833165064996 0
1700233834573 0.4705867189817478 0
1700233895323 0.48431839133791355 0
1700233955863 0.4894140341121298 0
1700234016560 0.4915920599445778 0
1700234077924 0.49284223447809566 0
1700234138537 0.4937393202065186 0
1700234199101 0.4945767518769892 0
1700234259791 0.4952341446295921 0
1700234368370 0.4958793493132517 0
1700234428979 0.49668631528943313 0
1700234489563 0.497551548666287 0
1700234550237 0.49887607227335323 0
1700234610861 0.5000927369520454 0
1700234671457 0.5011197223564504 0
1700234731960 0.5022600086241806 0
1700234792662 0.5030178179086181 0
1700234853245 0.5036524821439555 0
1700234913808 0.5041225132546894 0
1700234974428 0.5046930523116354 0
1700235035079 0.5056380262028985 0
1700235095671 0.5069149550378631 0
1700235156181 0.5079973495994825 0
1700235216849 0.5084789602250015 0
1700235277354 0.5089853597428514 0
1700235337915 0.5099320732867779 0
1700235398453 0.5104095861701767 0
1700235458912 0.511001494573188 0
1700235520625 0.5115084654308971 0
1700235582666 0.5119836491006644 0
1700235643996 0.5124669521274962 0
1700235704594 0.5129101924945654 0
1700235765169 0.5133084213177774 0
1700235825768 0.5136023733591168 0
1700235886360 0.5140202971937743 0
1700235946941 0.5145752411432217 0
1700236007441 0.5149745229303528 0
1700236068180 0.5153262082468043 0
1700236128772 0.5156712579912472 0
1700236189259 0.5162832982490717 0
1700236249847 0.5167217754947089 0
1700236310371 0.5176461638564273 0
1700236370929 0.5183918272275381 0
1700236431482 0.5189459336236351 0
1700236492193 0.5193484854821714 0
1700236552800 0.5197442776180919 0
1700236613347 0.5200738455965112 0
1700236673973 0.5203372450072531 0
1700236734558 0.5206715659156365 0
1700236795133 0.5210206297086311 0
1700236855680 0.521354722235487 0
1700236916354 0.5216738560039145 0
1700236977008 0.522043073887652 0
1700237037688 0.5224698508650528 0
1700237098195 0.5226247417185591 0
1700237158796 0.522794462547401 0
1700237219400 0.5229674789263177 0
1700237280066 0.5231207220047867 0
1700237340644 0.5233668070383023 0
1700237401342 0.5234952973578261 0
1700237461956 0.5237539253086624 0
1700237523058 0.5239417188525818 0
1700237584990 0.5240718564838943 0
1700237647332 0.5240813748515332 0
1700237708400 0.5242000146542188 0
1700237769011 0.5245965791798626 0
1700237829563 0.5247498222583317 0
1700237890112 0.5249310775124347 0
1700237950654 0.5250661950654935 0
1700238011224 0.5252128470438132 0
1700238071790 0.5253281912964243 0
1700238132331 0.5254649566245203 0
1700238192878 0.5256313819032876 0
1700238253512 0.5257730905564956 0
1700238314083 0.5258917303591812 0
1700238374591 0.5260153134869788 0
1700238435321 0.5261290099645526 0
1700238495943 0.5262196375916042 0
1700238556504 0.526311912993693 0
1700238617182 0.5263712328950358 0
1700238677788 0.5264964637978707 0
1700238738478 0.5266661846267127 0
1700238800547 0.5268013021797714 0
1700238862969 0.5268869864817111 0
1700238924697 0.5269380675078673 0
1700238985424 0.5269463063830538 0
1700239046083 0.5268990224507188 0
1700239106648 0.5269995649861549 0
1700239167115 0.5270720874707315 0
1700239227712 0.5271512029084517 0
1700239288350 0.5272566901587452 0
1700239348845 0.5273143784987494 0
1700239409383 0.5273770115536112 0
1700239469915 0.5275072223781921 0
1700239530588 0.5276473226324881 0
1700239591147 0.5277659957890684 0
1700239651625 0.5278088499845001 0
1700239712139 0.5278484077033602 0
1700239772651 0.5279225784262227 0
1700239833507 0.5280049903405145 0
1700239894082 0.5279745524411374 0
1700239954520 0.5280734745331996 0
1700240015048 0.52816415311759 0
1700240075547 0.5282597778065835 0
1700240136104 0.5283488076894395 0
1700240196616 0.5284312427661579 0
1700240257090 0.5285120291413421 0
1700240317675 0.5285977616211294 0
1700240378100 0.5286472226671605 0
1700240438684 0.5286752505932447 0
1700240499289 0.5285543629542534 0
1700240559927 0.5285972412386089 0
1700240620514 0.5286829978073199 0
1700240680964 0.5288050360012548 0
1700240741556 0.5289006875586634 0
1700240802083 0.5289518116669334 0
1700240862957 0.5290062341047692 0
1700240924403 0.5290837448495658 0
1700240986704 0.5291711505830596 0
1700241047425 0.529218976361764 0
1700241107947 0.5291543692504804 0
1700241168544 0.5292137558596122 0
1700241229216 0.5293160327975615 0
1700241290211 0.5293787186627561 0
1700241350779 0.5294034630832277 0
1700241411296 0.5292861609878935 0
1700241471851 0.5291919749944322 0
1700241532328 0.5292365399667018 0
1700241592847 0.5291721061103702 0
1700241653449 0.528947539588948 0
1700241713945 0.528817096522435 0
1700241774529 0.5286816957701056 0
1700241835118 0.5285611731709594 0
1700241895826 0.5283631582025419 0
1700241956478 0.5282707974083065 0
1700242016989 0.5281817692240285 0
1700242077647 0.5278005254083347 0
1700242138291 0.5275795268271254 0
1700242198921 0.5273950618783427 0
1700242259564 0.527067076820166 0
1700242320182 0.526652822840399 0
1700242380697 0.5261414588424208 0
1700242441229 0.5255880729522112 0
1700242501804 0.5250099681201994 0
1700242562453 0.5242934894067636 0
1700242623081 0.5234085390913672 0
1700242683662 0.5224767830705396 0
1700242744267 0.5214164411465738 0
1700242804879 0.5202174223766426 0
1700242866533 0.5191789707989273 0
1700242928889 0.5183435215233522 0
1700242991125 0.5174081878340924 0
1700243051813 0.5163986188760076 0
1700243112625 0.5156462513721051 0
1700243173217 0.5147297362280633 0
1700243233744 0.5139451479355905 0
1700243294273 0.513150322777002 0
1700243354846 0.5123726127987699 0
1700243415571 0.5115469158313435 0
1700243476074 0.510577160459726 0
1700243536799 0.5096330584022047 0
1700243597374 0.5087440829202918 0
1700243657997 0.5079439461540064 0
1700243718675 0.5071593578615337 0
1700243779289 0.5064911094971889 0
1700243839878 0.5058245732994278 0
1700243900548 0.5053542169882226 0
1700243961144 0.5047277397442358 0
1700244021752 0.5042053768363024 0
1700244082470 0.5036690794124504 0
1700244143038 0.5030996073712957 0
1700244203578 0.5028410277527231 0
1700244264067 0.5023291287026874 0
1700244579874 0.5018137636271165 0
1700244640431 0.5012809090663732 0
1700244701135 0.5009027342722205 0
1700244761749 0.5005175699841791 0
1700244822342 0.49937440246498027 0
1700244883312 0.4989832942349923 0
1700244943992 0.4991676555705194 0
1700245004686 0.4991722460546642 0
1700245065257 0.49904034514501305 0
1700245125973 0.4987906260811603 0
1700245186581 0.49854268311218897 0
1700245247160 0.4983896492676414 0
1700245307963 0.4981205640988029 0
1700245368512 0.4978673456555203 0
1700245429199 0.49760884478919865 0
1700245489825 0.49748047892911446 0
1700245550467 0.49737506564417033 0
1700245611185 0.4972643685464414 0
1700245671925 0.4971006915668132 0
1700245732645 0.4970794951668675 0
1700245793270 0.4969034281419349 0
1700245853885 0.4967056142233814 0
1700245914477 0.49671267969002997 0
1700245975098 0.49658952136113854 0
1700246035642 0.4965789203816745 0
1700246096319 0.4967255706614163 0
1700246156901 0.496697293970869 0
1700246217505 0.4968168534763119 0
1700246278323 0.4968398222651506 0
1700246339683 0.4968398222651506 0
1700246401627 0.49674854547248604 0
1700246464050 0.4967432435930084 0
1700246524868 0.4967414762998492 0
1700246585399 0.49668669021191375 0
1700246646091 0.49662660224450067 0
1700246706705 0.49654177217285866 0
1700246767273 0.4964958225507193 0
1700246827944 0.496527633827585 0
1700246888541 0.4965647469839284 0
1700246949189 0.49655414322497315 0
1700247009817 0.4964292494126552 0
1700247070531 0.49644692697673265 0
1700247131333 0.49648051434847973 0
1700247191954 0.4963185050635758 0
1700247252696 0.49626722669354373 0
1700247313363 0.49626899491320003 0
1700247374014 0.49628314067045026 0
1700247434794 0.496237166959387 0
1700247495598 0.49617881571072986 0
1700247556265 0.49614168309794804 0
1700247616998 0.4962666158231429 0
1700247677585 0.4962224219129493 0
1700247738176 0.49620297659246415 0
1700247798920 0.4961959055668332 0
1700247859541 0.49609747760654116 0
1700247920126 0.4961063187048225 0
1700247980752 0.4960815636296346 0
1700248041206 0.49607095431169695 0
1700248102857 0.495937163348025 0
1700248165527 0.49589825232411916 0
1700248226930 0.49573614390402876 0
1700248287703 0.49571137585788194 0
1700248348425 0.49566537805789496 0
1700248409382 0.4955910739194544 0
1700248470053 0.4956630174977792 0
1700248531149 0.49565417408325513 0
1700248591810 0.49564533066873107 0
1700248652823 0.49564709935163587 0
1700248713516 0.4957632840915047 0
1700248774242 0.49572438325906665 0
1700248834791 0.4956678002300658 0
1700248895379 0.4956571909121281 0
1700248956048 0.49566249557109693 0
1700249016688 0.4956554226924718 0
1700249077345 0.49561829007969 0
1700249137972 0.49558469390622073 0
1700249198644 0.495503355802032 0
1700249259306 0.4954114083799056 0
1700249319865 0.4953548253509047 0
1700249380527 0.4953689711081549 0
1700249441180 0.4953866533047177 0
1700249501788 0.49537781220643634 0
1700249562415 0.4953318384953731 0
1700249623265 0.49532122917743543 0
1700249683968 0.4953477524722796 0
1700249744652 0.49538311686540515 0
1700249805244 0.4955047128114058 0
1700249865824 0.4954269315294651 0
1700249926397 0.4954057184525722 0
1700249987175 0.4952787919056848 0
1700250047992 0.4953685955680096 0
1700250108769 0.49531909838859284 0
1700250169304 0.4952554591579141 0
1700250229881 0.49522187178616695 0
1700250291714 0.4952448526194676 0
1700250355007 0.4952430848630599 0
1700250415941 0.49525192364509857 0
1700250476611 0.4952802077476225 0
1700250537184 0.4952430848630599 0
1700250597927 0.49520949749131277 0
1700250658464 0.49522540729898246 0
1700250719172 0.49519535544005083 0
1700250779907 0.49516353582471145 0
1700250840584 0.4951511615298573 0
1700250901088 0.49509636108121724 0
1700250961744 0.49505923819665465 0
1700251022433 0.4949584760814133 0
1700251083025 0.4949001401199578 0
1700251143528 0.4948647849918029 0
1700251204096 0.49482059108160936 0
1700251264629 0.4947799326842313 0
1700251326857 0.49475871960733836 0
1700251389159 0.4947392742868532 0
1700251449799 0.49470745467151384 0
1700251510448 0.4946402799280196 0
1700251571044 0.49461729909471897 0
1700251631696 0.49461199582549575 0
1700251692227 0.49457133742811765 0
1700251752772 0.49454128556918603 0
1700251813441 0.49453421454355506 0
1700251874019 0.4945324467871473 0
1700251934703 0.49455012435122475 0
1700251995396 0.49455365986404026 0
1700252056108 0.49454658883840924 0
1700252117064 0.4944776463385073 0
1700252177611 0.49439279403093567 0
1700252238177 0.49436804544122726 0
1700252299016 0.4943857230053047 0
1700252359582 0.4943910262745279 0
1700252420479 0.49441047159501306 0
1700252481132 0.4943910262745279 0
1700252541786 0.49447580646974437 0
1700252602672 0.4944139512091721 0
1700252663494 0.4943945109844208 0
1700252724103 0.49438037263914714 0
1700252784780 0.49437683805282867 0
1700252845584 0.49422839268501556 0
1700252906225 0.49426021230035494 0
1700252966889 0.4942619800567627 0
1700253027491 0.4944280895544457 0
1700253088234 0.4944139512091721 0
1700253149095 0.49458004680939904 0
1700253209681 0.4947478911728439 0
1700253270378 0.4947196293062497 0
1700253330951 0.4947072647396147 0
1700253391551 0.49502462194991237 0
1700253452190 0.4949857618833453 0
1700253513584 0.4949239390501704 0
1700253576117 0.494855050750347 0
1700253638915 0.49479146155051 0
1700253699762 0.4947720315172265 0
1700253760538 0.49478086335053717 0
1700253821299 0.49467133302145055 0
1700253882610 0.49481972341710423 0
1700253943235 0.4946784003410932 0
1700254003775 0.49462362861386233 0
1700254064508 0.4945723905464528 0
1700254125329 0.4945405876080607 0
1700254185915 0.4944946500303832 0
1700254246671 0.4946289558175932 0
1700254307465 0.49464485311755246 0
1700254368130 0.4946342549175796 0
1700254428879 0.4946501522175389 0
1700254487269 0.49478798332609664 0
