1700205989501 21282304.0 0
1700206034991 21282304.0 0
1700206085410 21282304.0 0
1700206135830 21282304.0 0
1700206186298 21282304.0 0
1700206236789 21282304.0 0
1700206287257 21282304.0 0
1700206337786 21282304.0 0
1700206388228 21282304.0 0
1700206438719 21282304.0 0
1700206489188 21282304.0 0
1700206539639 21282304.0 0
1700206590135 21282304.0 0
1700206640663 21282304.0 0
1700206691299 21282304.0 0
1700206741870 21282304.0 0
1700206792337 21282304.0 0
1700206842818 21282304.0 0
1700206893351 21282304.0 0
1700206943847 21282304.0 0
1700206994416 21282304.0 0
1700207044920 21282304.0 0
1700207095459 21282304.0 0
1700207146044 21282304.0 0
1700207196654 21282304.0 0
1700207247121 21282304.0 0
1700207297574 21282304.0 0
1700207348025 21282304.0 0
1700207398458 21282304.0 0
1700207448872 21282304.0 0
1700207499277 21282304.0 0
1700207549698 21282304.0 0
1700207600150 21282304.0 0
1700207650619 21282304.0 0
1700207701057 21282304.0 0
1700207751471 21282304.0 0
1700207801965 21282304.0 0
1700207852413 21282304.0 0
1700207902807 21282304.0 0
1700207953250 21282304.0 0
1700208003733 21282304.0 0
1700208054140 21282304.0 0
1700208104534 21282304.0 0
1700208154929 21282304.0 0
1700208205322 21282304.0 0
1700208255681 21282304.0 0
1700208306075 21282304.0 0
1700208356503 21282304.0 0
1700208406943 21282304.0 0
1700208457286 21282304.0 0
1700208507697 21282304.0 0
1700208558075 21282304.0 0
1700208608450 21282304.0 0
1700208658982 21282304.0 0
1700208709584 21282304.0 0
1700208760119 21282304.0 0
1700208810561 21282304.0 0
1700208860959 21282304.0 0
1700208911325 21282304.0 0
1700208961688 21282304.0 0
1700209012052 21282304.0 0
1700209062499 21282304.0 0
1700209112853 21282304.0 0
1700209163267 21282304.0 0
1700209213650 21282304.0 0
1700209264112 21282304.0 0
1700209314495 21282304.0 0
1700209364919 21282304.0 0
1700209415294 21282304.0 0
1700209465754 21282304.0 0
1700209516273 21282304.0 0
1700209566723 21282304.0 0
1700209617142 21282304.0 0
1700209667561 21282304.0 0
1700209717952 21282304.0 0
1700209768408 21282304.0 0
1700209818821 21282304.0 0
1700209869294 21282304.0 0
1700209919841 21282304.0 0
1700209970342 21282304.0 0
1700210020766 21282304.0 0
1700210071184 21282304.0 0
1700210121609 21282304.0 0
1700210172026 21282304.0 0
1700210222625 21282304.0 0
1700210273178 21282304.0 0
1700210323623 21282304.0 0
1700210374036 21282304.0 0
1700210424429 21282304.0 0
1700210474785 21282304.0 0
1700210525226 21282304.0 0
1700210575637 21282304.0 0
1700210625993 21282304.0 0
1700210676390 21282304.0 0
1700210726755 21282304.0 0
1700210777129 21282304.0 0
1700210827455 21282304.0 0
1700210877881 21282304.0 0
1700210928342 21282304.0 0
1700210978770 21282304.0 0
1700211029235 21282304.0 0
1700211079628 21282304.0 0
1700211130036 21282304.0 0
1700211180352 21282304.0 0
1700211230706 21282304.0 0
1700211281089 21282304.0 0
1700211331499 21282304.0 0
1700211381831 21282304.0 0
1700211432183 21282304.0 0
1700211482520 21282304.0 0
1700211532855 21282304.0 0
1700211583254 21282304.0 0
1700211633636 21282304.0 0
1700211684074 21282304.0 0
1700211734470 21282304.0 0
1700211785058 21282304.0 0
1700211835581 21282304.0 0
1700211886074 21282304.0 0
1700211936538 21282304.0 0
1700211986877 21282304.0 0
1700212037241 21282304.0 0
1700212087576 21282304.0 0
1700212137950 21282304.0 0
1700212188272 21282304.0 0
1700212238680 21282304.0 0
1700212289153 21282304.0 0
1700212339564 21282304.0 0
1700212389889 21282304.0 0
1700212440234 21282304.0 0
1700212490611 21282304.0 0
1700212541016 21282304.0 0
1700212591375 21282304.0 0
1700212641792 21282304.0 0
1700212692186 21282304.0 0
1700212742577 21282304.0 0
1700212793023 21282304.0 0
1700212843459 21282304.0 0
1700212893919 21282304.0 0
1700212944267 21282304.0 0
1700212994623 21282304.0 0
1700213045038 21282304.0 0
1700213095468 21282304.0 0
1700213145934 21282304.0 0
1700213196295 21282304.0 0
1700213246748 21282304.0 0
1700213297111 21282304.0 0
1700213347541 21282304.0 0
1700213397934 21282304.0 0
1700213448455 21282304.0 0
1700213499023 21282304.0 0
1700213549420 21282304.0 0
1700213599803 21282304.0 0
1700213650197 21282304.0 0
1700213700664 21282304.0 0
1700213751181 21282304.0 0
1700213801630 21282304.0 0
1700213852052 21282304.0 0
1700213902444 21282304.0 0
1700213952879 21282304.0 0
1700214003248 21282304.0 0
1700214053631 21282304.0 0
1700214104007 21282304.0 0
1700214154432 21282304.0 0
1700214204827 21282304.0 0
1700214288245 21674752.0 0
1700214349155 23645952.0 0
1700214410042 24038304.0 0
1700214470910 24810747.0 0
1700214531953 25399275.0 0
1700214592709 26085891.0 0
1700214653659 26846073.0 0
1700214714474 27557211.0 0
1700214775270 29956292.0 0
1700214836103 30936932.0 0
1700214897007 35708756.0 0
1700214957906 49173852.0 0
1700215018877 98318546.0 0
1700215079979 189227372.0 0
1700215140826 286446539.0 0
1700215201760 371776168.0 0
1700215262702 430612360.0 0
1700215323466 445724684.0 0
1700215384357 439947308.0 0
1700215446381 417398901.0 0
1700215509314 383865136.0 0
1700215570964 334126304.0 0
1700215631755 214860050.0 0
1700215692748 103741280.0 0
1700215753816 76953464.0 0
1700215814856 76079060.0 0
1700215875862 76242500.0 0
1700215936798 75731750.0 0
1700215998146 82306351.0 0
1700216059034 85075981.0 0
1700216119925 90999231.0 0
1700216180961 92310516.0 0
1700216241950 101718271.0 0
1700216302929 111077006.0 0
1700216363867 122478241.0 0
1700216424750 132474236.0 0
1700216485563 165800640.0 0
1700216546485 201057812.0 0
1700216607389 263044764.0 0
1700216668343 328383347.0 0
1700216729218 410990603.0 0
1700216790025 472888883.0 0
1700216850892 543234890.0 0
1700216911759 598737694.0 0
1700216972542 650783194.0 0
1700217033421 680264453.0 0
1700217094366 698519546.0 0
1700217155265 704762036.0 0
1700217216144 708237520.0 0
1700217278140 707494232.0 0
1700217340376 702826220.0 0
1700217402468 698807564.0 0
1700217463354 680664896.0 0
1700217524131 645303080.0 0
1700217584997 564141748.0 0
1700217645911 467885952.0 0
1700217706866 419155451.0 0
1700217768009 409114521.0 0
1700217828944 419817221.0 0
1700217889850 443610674.0 0
1700217950695 475383410.0 0
1700218011682 505346048.0 0
1700218072625 528751916.0 0
1700218133564 541987316.0 0
1700218194416 563625561.0 0
1700218255367 574536596.0 0
1700218316350 591746701.0 0
1700218377256 604786021.0 0
1700218438185 618021421.0 0
1700218499119 624835201.0 0
1700218560071 629471676.0 0
1700218621107 645119936.0 0
1700218682083 655366491.0 0
1700218742950 669125186.0 0
1700218803825 685677191.0 0
1700218864805 696796561.0 0
1700218925863 712706462.0 0
1700218988263 723705974.0 0
1700219050506 740883518.0 0
1700219112051 745741772.0 0
1700219173016 773747216.0 0
1700219233918 787120694.0 0
1700219294845 802672010.0 0
1700219355894 820327616.0 0
1700219416797 836038286.0 0
1700219477947 853566606.0 0
1700219538918 865347746.0 0
1700219600357 889641241.0 0
1700219661356 912408932.0 0
1700219722299 935317214.0 0
1700219783339 951875596.0 0
1700219844303 969438845.0 0
1700219905410 985505450.0 0
1700219966359 995583676.0 0
1700220027297 996478072.0 0
1700220088266 1002501621.0 0
1700220149313 1011805324.0 0
1700220210174 1015900421.0 0
1700220271041 1020978076.0 0
1700220331916 1023964211.0 0
1700220392798 1031182406.0 0
1700220453885 1030572746.0 0
1700220514992 1033253162.0 0
1700220575900 1045577946.0 0
1700220636911 1049229936.0 0
1700220697855 1053098431.0 0
1700220758916 1055974271.0 0
1700220819725 1058850111.0 0
1700220880589 1060302482.0 0
1700220941548 1060829576.0 0
1700221002512 1061552798.0 0
1700221064287 1062410858.0 0
1700221126770 1062974726.0 0
1700221189304 1063612142.0 0
1700221250134 1064421170.0 0
1700221310915 1067248682.0 0
1700221371886 1070002646.0 0
1700221432898 1072805642.0 0
1700221493846 1075424768.0 0
1700221554683 1078080668.0 0
1700221615491 1078705826.0 0
1700221676321 1082767786.0 0
1700221737133 1093752351.0 0
1700221798003 1100419071.0 0
1700221858947 1109373391.0 0
1700221919976 1118438006.0 0
1700221981143 1129606396.0 0
1700222042036 1146311864.0 0
1700222102852 1175345020.0 0
1700222163793 1203949356.0 0
1700222224512 1221694336.0 0
1700222285261 1245614324.0 0
1700222346111 1273022144.0 0
1700222406913 1290175428.0 0
1700222467749 1314193916.0 0
1700222528457 1334228372.0 0
1700222589314 1350942116.0 0
1700222650149 1369025723.0 0
1700222710971 1398074934.0 0
1700222771726 1421495069.0 0
1700222832448 1437472184.0 0
1700222893338 1450686462.0 0
1700222954161 1465549464.0 0
1700223015009 1472715700.0 0
1700223077435 1484431376.0 0
1700223139718 1501881536.0 0
1700223200607 1516618496.0 0
1700223261943 1524770336.0 0
1700223322801 1531649421.0 0
1700223383746 1539962418.0 0
1700223444523 1543937312.0 0
1700223505253 1547850991.0 0
1700223566162 1551838128.0 0
1700223626928 1558122868.0 0
1700223687595 1564321907.0 0
1700223748318 1570386273.0 0
1700223808947 1572100293.0 0
1700223869685 1573753098.0 0
1700223930347 1577532104.0 0
1700223991153 1579429769.0 0
1700224052022 1583306719.0 0
1700224112696 1589028281.0 0
1700224173415 1590558656.0 0
1700224234114 1594056073.0 0
1700224332337 1595451775.0 0
1700224393167 1598924706.0 0
1700224454033 1600589754.0 0
1700224514788 1607134564.0 0
1700224575520 1608640822.0 0
1700224636333 1610232802.0 0
1700224697153 1618474360.0 0
1700224757864 1620384736.0 0
1700224820293 1629593421.0 0
1700224882911 1635547600.0 0
1700224944504 1639179690.0 0
1700225005267 1644913495.0 0
1700225066236 1648484370.0 0
1700225127158 1653985558.0 0
1700225187956 1657348302.0 0
1700225248849 1667089649.0 0
1700225309727 1674243642.0 0
1700225370439 1683559723.0 0
1700225431280 1701274998.0 0
1700225492019 1715796756.0 0
1700225552830 1723597325.0 0
1700225613534 1732256873.0 0
1700225674469 1743638944.0 0
1700225735246 1751587144.0 0
1700225796023 1765551520.0 0
1700225856692 1773508351.0 0
1700225917447 1791793508.0 0
1700225978319 1809703685.0 0
1700226039062 1823521416.0 0
1700226099965 1832956598.0 0
1700226160822 1857072266.0 0
1700226222015 1864571055.0 0
1700226282858 1877282611.0 0
1700226343664 1890446608.0 0
1700226405543 1905020374.0 0
1700226468165 1916502176.0 0
1700226529461 1933129568.0 0
1700226590197 1943373019.0 0
1700226650999 1949113496.0 0
1700226711829 1964853071.0 0
1700226772749 1979004608.0 0
1700226834048 1993732708.0 0
1700226894966 2003156552.0 0
1700226955765 2018551076.0 0
1700227016692 2032212176.0 0
1700227077616 2045789124.0 0
1700227138425 2056933457.0 0
1700227199283 2065540256.0 0
1700227260212 2074763520.0 0
1700227320991 2082818426.0 0
1700227381765 2093707246.0 0
1700227442605 2106639205.0 0
1700227503555 2121804641.0 0
1700227564403 2130417470.0 0
1700227625017 2139336089.0 0
1700227685772 2150798936.0 0
1700227746526 2163884420.0 0
1700227807325 2171134421.0 0
1700227868162 2174976278.0 0
1700227929150 2184094356.0 0
1700227990719 2191136744.0 0
1700228053493 2199710681.0 0
1700228114482 2209319760.0 0
1700228175299 2218885362.0 0
1700228235917 2229817532.0 0
1700228296593 2238162144.0 0
1700228357305 2245072661.0 0
1700228418150 2248576046.0 0
1700228479001 2253399512.0 0
1700228539643 2261200053.0 0
1700228600391 2268826222.0 0
1700228661186 2275403264.0 0
1700228721995 2279014718.0 0
1700228782759 2288992106.0 0
1700228843482 2295664116.0 0
1700228904187 2305273282.0 0
1700228965056 2312722070.0 0
1700229025745 2317868934.0 0
1700229086424 2324260976.0 0
1700229147162 2329652996.0 0
1700229207883 2337029328.0 0
1700229268647 2343374209.0 0
1700229329417 2346869084.0 0
1700229390229 2354714939.0 0
1700229450936 2366396356.0 0
1700229511708 2376253688.0 0
1700229572411 2384465612.0 0
1700229633286 2394060520.0 0
1700229694163 2398948896.0 0
1700229755495 2405909456.0 0
1700229817601 2413974725.0 0
1700229879029 2421125806.0 0
1700229939919 2430165218.0 0
1700230000652 2437316882.0 0
1700230061405 2447065769.0 0
1700230122195 2451591836.0 0
1700230182933 2459849989.0 0
1700230243616 2465777728.0 0
1700230304382 2472845246.0 0
1700230365221 2481831803.0 0
1700230425973 2490809312.0 0
1700230487102 2496339504.0 0
1700230547860 2503407476.0 0
1700230608767 2511090387.0 0
1700230669494 2519562201.0 0
1700230730287 2525598330.0 0
1700230791144 2533800977.0 0
1700230851953 2542042684.0 0
1700230912729 2551326584.0 0
1700230973405 2558505028.0 0
1700231034096 2565782400.0 0
1700231094829 2574750546.0 0
1700231155502 2582300743.0 0
1700231216254 2591555120.0 0
1700231276961 2598530885.0 0
1700231337645 2605524818.0 0
1700231398370 2612734352.0 0
1700231459147 2627292419.0 0
1700231519873 2641962878.0 0
1700231580831 2655600694.0 0
1700231642009 2662291626.0 0
1700231702734 2671912331.0 0
1700231764690 2681028238.0 0
1700231826772 2689423062.0 0
1700231888771 2700470042.0 0
1700231949529 2705819368.0 0
1700232010242 2717269208.0 0
1700232071023 2724718736.0 0
1700232131831 2730951572.0 0
1700232192554 2739019518.0 0
1700232253260 2750883587.0 0
1700232313925 2756038733.0 0
1700232374536 2763829888.0 0
1700232435353 2771841681.0 0
1700232496202 2781000062.0 0
1700232556839 2790938906.0 0
1700232617690 2799991280.0 0
1700232678310 2809422140.0 0
1700232739106 2820592698.0 0
1700232799780 2827530328.0 0
1700232860534 2833553176.0 0
1700232921249 2841491004.0 0
1700232981994 2850541280.0 0
1700233042693 2861105767.0 0
1700233103522 2871571244.0 0
1700233164194 2882261812.0 0
1700233224871 2892804630.0 0
1700233285638 2903713160.0 0
1700233346337 2916443678.0 0
1700233407152 2924299960.0 0
1700233467875 2933112022.0 0
1700233528969 2941129125.0 0
1700233591233 2951625536.0 0
1700233652784 2961817643.0 0
1700233713312 2970711854.0 0
1700233773877 2982902032.0 0
1700233834572 3047522122.0 0
1700233895322 3136448506.0 0
1700233955862 3169447916.0 0
1700234016559 3183552823.0 0
1700234077923 3191648960.0 0
1700234138536 3197458492.0 0
1700234199100 3202881704.0 0
1700234259790 3207138983.0 0
1700234368369 3211317332.0 0
1700234428978 3216543248.0 0
1700234489562 3222146504.0 0
1700234550236 3230724126.0 0
1700234610860 3238603253.0 0
1700234671456 3245254016.0 0
1700234731959 3252638516.0 0
1700234792660 3257546093.0 0
1700234853244 3261656182.0 0
1700234913807 3264700106.0 0
1700234974427 3268394920.0 0
1700235035078 3274514576.0 0
1700235095670 3282783974.0 0
1700235156180 3289793567.0 0
1700235216848 3292912480.0 0
1700235277352 3296191926.0 0
1700235337914 3302322848.0 0
1700235398452 3305415224.0 0
1700235458910 3309248426.0 0
1700235520624 3312531572.0 0
1700235582665 3315608864.0 0
1700235643995 3318738737.0 0
1700235704592 3321609164.0 0
1700235765168 3324188096.0 0
1700235825767 3326091731.0 0
1700235886359 3328798208.0 0
1700235946940 3332392028.0 0
1700236007440 3334977779.0 0
1700236068179 3337255295.0 0
1700236128771 3339489839.0 0
1700236189258 3343453415.0 0
1700236249845 3346292996.0 0
1700236310370 3352279340.0 0
1700236370928 3357108260.0 0
1700236431481 3360696656.0 0
1700236492192 3363303584.0 0
1700236552799 3365866736.0 0
1700236613346 3368001020.0 0
1700236673972 3369706796.0 0
1700236734557 3371871860.0 0
1700236795132 3374132399.0 0
1700236855678 3376295984.0 0
1700236916353 3378362696.0 0
1700236977007 3380753753.0 0
1700237037687 3383517563.0 0
1700237098194 3384520637.0 0
1700237158795 3385619750.0 0
1700237219399 3386740205.0 0
1700237280065 3387732608.0 0
1700237340643 3389326256.0 0
1700237401341 3390158360.0 0
1700237461955 3391833236.0 0
1700237523057 3393049388.0 0
1700237584989 3393892160.0 0
1700237647331 3393953801.0 0
1700237708399 3394722113.0 0
1700237769010 3397290267.0 0
1700237829561 3398282670.0 0
1700237890111 3399456480.0 0
1700237950653 3400331502.0 0
1700238011223 3401281221.0 0
1700238071789 3402028191.0 0
1700238132330 3402913884.0 0
1700238192877 3403991655.0 0
1700238253511 3404909361.0 0
1700238314082 3405677673.0 0
1700238374589 3406477998.0 0
1700238435320 3407214297.0 0
1700238495942 3407801202.0 0
1700238556503 3408398778.0 0
1700238617180 3408782934.0 0
1700238677787 3409593930.0 0
1700238738477 3410693043.0 0
1700238800546 3411568065.0 0
1700238862968 3412122957.0 0
1700238924696 3412453758.0 0
1700238985423 3412507113.0 0
1700239046082 3412200902.0 0
1700239106647 3412852016.0 0
1700239167114 3413321672.0 0
1700239227711 3413834024.0 0
1700239288349 3414517160.0 0
1700239348844 3414890750.0 0
1700239409382 3415296362.0 0
1700239469914 3416139608.0 0
1700239530587 3417046898.0 0
1700239591146 3417815426.0 0
1700239651623 3418092950.0 0
1700239712138 3418349126.0 0
1700239772649 3418829456.0 0
1700239833505 3419363156.0 0
1700239894080 3419166040.0 0
1700239954519 3419806660.0 0
1700240015047 3420393895.0 0
1700240075546 3421013161.0 0
1700240136103 3421589719.0 0
1700240196615 3422123569.0 0
1700240257089 3422646742.0 0
1700240317673 3423201946.0 0
1700240378099 3423522256.0 0
1700240438683 3423703765.0 0
1700240499288 3422920896.0 0
1700240559926 3423198576.0 0
1700240620513 3423753936.0 0
1700240680963 3424544256.0 0
1700240741554 3425163696.0 0
1700240802082 3425494776.0 0
1700240862955 3425847216.0 0
1700240924402 3426349176.0 0
1700240986703 3426915216.0 0
1700241047424 3427224936.0 0
1700241107946 3426806540.0 0
1700241168542 3427191128.0 0
1700241229214 3427853474.0 0
1700241290210 3428259428.0 0
1700241350778 3428419673.0 0
1700241411295 3427660024.0 0
1700241471849 3427050075.0 0
1700241532327 3427338678.0 0
1700241592846 3426921404.0 0
1700241653448 3425467110.0 0
1700241713944 3424622360.0 0
1700241774528 3423745504.0 0
1700241835117 3422964999.0 0
1700241895825 3421682653.0 0
1700241956477 3421084524.0 0
1700242016988 3420507977.0 0
1700242077646 3418039040.0 0
1700242138290 3416607852.0 0
1700242198920 3415413256.0 0
1700242259563 3413289223.0 0
1700242320181 3410606512.0 0
1700242380696 3407294916.0 0
1700242441227 3403711186.0 0
1700242501803 3399967376.0 0
1700242562452 3395327456.0 0
1700242623080 3389596513.0 0
1700242683661 3383562456.0 0
1700242744265 3376695676.0 0
1700242804877 3368930824.0 0
1700242866532 3362205806.0 0
1700242928888 3356795432.0 0
1700242991124 3350738206.0 0
1700243051812 3344200232.0 0
1700243112624 3339327896.0 0
1700243173216 3333392539.0 0
1700243233742 3328311541.0 0
1700243294272 3323164249.0 0
1700243354845 3318127795.0 0
1700243415570 3312780577.0 0
1700243476072 3306500436.0 0
1700243536798 3300386426.0 0
1700243597373 3294629416.0 0
1700243657995 3289447726.0 0
1700243718673 3284366728.0 0
1700243779288 3280039148.0 0
1700243839877 3275722656.0 0
1700243900546 3272676626.0 0
1700243961143 3268619556.0 0
1700244021751 3265236731.0 0
1700244082468 3261763666.0 0
1700244143037 3258075762.0 0
1700244203577 3256401199.0 0
1700244264066 3253086138.0 0
1700244579873 3249748631.0 0
1700244640430 3246297862.0 0
1700244701134 3243848800.0 0
1700244761748 3241354474.0 0
1700244822340 3233951315.0 0
1700244883311 3231418496.0 0
1700244943990 3232612421.0 0
1700245004685 3232642149.0 0
1700245065255 3231787958.0 0
1700245125972 3230170776.0 0
1700245186580 3228565096.0 0
1700245247159 3227574048.0 0
1700245307962 3225831451.0 0
1700245368510 3224191607.0 0
1700245429198 3222517554.0 0
1700245489824 3221686256.0 0
1700245550465 3221003599.0 0
1700245611183 3220286724.0 0
1700245671924 3219226751.0 0
1700245732644 3219089483.0 0
1700245793269 3217949272.0 0
1700245853884 3216668228.0 0
1700245914476 3216713984.0 0
1700245975097 3215916410.0 0
1700246035641 3215847758.0 0
1700246096318 3216797466.0 0
1700246156899 3216614346.0 0
1700246217504 3217388614.0 0
1700246278322 3217537360.0 0
1700246339682 3217537360.0 0
1700246401626 3216946251.0 0
1700246464049 3216911916.0 0
1700246524867 3216900471.0 0
1700246585397 3216545676.0 0
1700246646090 3216156546.0 0
1700246706704 3215607186.0 0
1700246767272 3215309616.0 0
1700246827943 3215515626.0 0
1700246888540 3215755971.0 0
1700246949188 3215687301.0 0
1700247009816 3214878488.0 0
1700247070530 3214992968.0 0
1700247131332 3215210480.0 0
1700247191953 3214161307.0 0
1700247252694 3213829228.0 0
1700247313362 3213840679.0 0
1700247374013 3213932287.0 0
1700247434793 3213634561.0 0
1700247495597 3213256678.0 0
1700247556264 3213016207.0 0
1700247616997 3213825272.0 0
1700247677584 3213539072.0 0
1700247738175 3213413144.0 0
1700247798919 3213367352.0 0
1700247859540 3212729932.0 0
1700247920125 3212787187.0 0
1700247980751 3212626873.0 0
1700248041205 3212558167.0 0
1700248102856 3211691736.0 0
1700248165526 3211439748.0 0
1700248226929 3210389933.0 0
1700248287702 3210229535.0 0
1700248348424 3209931653.0 0
1700248409381 3209450459.0 0
1700248470052 3209916366.0 0
1700248531148 3209859096.0 0
1700248591809 3209801826.0 0
1700248652821 3209813280.0 0
1700248713515 3210565693.0 0
1700248774241 3210313771.0 0
1700248834790 3209947339.0 0
1700248895378 3209878633.0 0
1700248956047 3209912986.0 0
1700249016687 3209867182.0 0
1700249077344 3209626711.0 0
1700249137971 3209409142.0 0
1700249198643 3208882396.0 0
1700249259305 3208286944.0 0
1700249319864 3207920512.0 0
1700249380525 3208012120.0 0
1700249441179 3208126630.0 0
1700249501787 3208069375.0 0
1700249562414 3207771649.0 0
1700249623264 3207702943.0 0
1700249683967 3207874708.0 0
1700249744651 3208103728.0 0
1700249805242 3208891184.0 0
1700249865823 3208387472.0 0
1700249926396 3208250096.0 0
1700249987174 3207428119.0 0
1700250047991 3208009688.0 0
1700250108768 3207689144.0 0
1700250169303 3207277016.0 0
1700250229880 3207059504.0 0
1700250291713 3207208328.0 0
1700250355006 3207196880.0 0
1700250415940 3207254120.0 0
1700250476610 3207437288.0 0
1700250537183 3207196880.0 0
1700250597926 3206979368.0 0
1700250658463 3207082400.0 0
1700250719171 3206887784.0 0
1700250779906 3206681720.0 0
1700250840583 3206601584.0 0
1700250901087 3206246696.0 0
1700250961743 3206006288.0 0
1700251022432 3205353752.0 0
1700251083024 3204975968.0 0
1700251143527 3204747008.0 0
1700251204094 3204460808.0 0
1700251264628 3204197504.0 0
1700251326856 3204060128.0 0
1700251389157 3203934200.0 0
1700251449798 3203728136.0 0
1700251510447 3203293112.0 0
1700251571043 3203144288.0 0
1700251631695 3203109944.0 0
1700251692226 3202846640.0 0
1700251752771 3202652024.0 0
1700251813440 3202606232.0 0
1700251874018 3202594784.0 0
1700251934702 3202709264.0 0
1700251995395 3202732160.0 0
1700252056107 3202686368.0 0
1700252117063 3202239896.0 0
1700252177610 3201690392.0 0
1700252238176 3201530120.0 0
1700252299015 3201644600.0 0
1700252359581 3201678944.0 0
1700252420478 3201804872.0 0
1700252481131 3201678944.0 0
1700252541785 3202227981.0 0
1700252602671 3201827406.0 0
1700252663493 3201701511.0 0
1700252724102 3201609951.0 0
1700252784779 3201587061.0 0
1700252845582 3200625728.0 0
1700252906224 3200831792.0 0
1700252966888 3200843240.0 0
1700253027490 3201918966.0 0
1700253088233 3201827406.0 0
1700253149094 3202903042.0 0
1700253209679 3203990003.0 0
1700253270377 3203806979.0 0
1700253330950 3203726906.0 0
1700253391550 3205782113.0 0
1700253452189 3205530455.0 0
1700253513583 3205130090.0 0
1700253576115 3204683969.0 0
1700253638914 3204272165.0 0
1700253699761 3204146336.0 0
1700253760537 3204203531.0 0
1700253821298 3203494212.0 0
1700253882608 3204455189.0 0
1700253943234 3203539980.0 0
1700254003774 3203185278.0 0
1700254064507 3202853460.0 0
1700254125328 3202647504.0 0
1700254185914 3202350012.0 0
1700254246670 3203219777.0 0
1700254307464 3203322728.0 0
1700254368129 3203254094.0 0
1700254428878 3203357045.0 0
1700254487267 3204249640.0 0
