1700205989502 6454723072.0 0
1700206034991 6454723072.0 0
1700206085410 6454723072.0 0
1700206135830 6454723072.0 0
1700206186299 6454723072.0 0
1700206236789 6454723072.0 0
1700206287258 6454723072.0 0
1700206337787 6454723072.0 0
1700206388229 6454723072.0 0
1700206438720 6454723072.0 0
1700206489189 6454723072.0 0
1700206539639 6454723072.0 0
1700206590136 6454723072.0 0
1700206640664 6454723072.0 0
1700206691300 6454723072.0 0
1700206741870 6454723072.0 0
1700206792338 6454723072.0 0
1700206842818 6454723072.0 0
1700206893351 6454723072.0 0
1700206943847 6454723072.0 0
1700206994417 6454723072.0 0
1700207044920 6454723072.0 0
1700207095460 6454723072.0 0
1700207146044 6454723072.0 0
1700207196654 6454723072.0 0
1700207247121 6454723072.0 0
1700207297575 6454723072.0 0
1700207348026 6454723072.0 0
1700207398459 6454723072.0 0
1700207448872 6454723072.0 0
1700207499277 6454723072.0 0
1700207549699 6454723072.0 0
1700207600150 6454723072.0 0
1700207650619 6454723072.0 0
1700207701057 6454723072.0 0
1700207751471 6454723072.0 0
1700207801966 6454723072.0 0
1700207852413 6454723072.0 0
1700207902808 6454723072.0 0
1700207953251 6454723072.0 0
1700208003734 6454723072.0 0
1700208054141 6454723072.0 0
1700208104535 6454723072.0 0
1700208154929 6454723072.0 0
1700208205322 6454723072.0 0
1700208255681 6454723072.0 0
1700208306076 6454723072.0 0
1700208356504 6454723072.0 0
1700208406943 6454723072.0 0
1700208457286 6454723072.0 0
1700208507698 6454723072.0 0
1700208558075 6454723072.0 0
1700208608451 6454723072.0 0
1700208658983 6454723072.0 0
1700208709584 6454723072.0 0
1700208760120 6454723072.0 0
1700208810561 6454723072.0 0
1700208860960 6454723072.0 0
1700208911325 6454723072.0 0
1700208961689 6454723072.0 0
1700209012053 6454723072.0 0
1700209062500 6454723072.0 0
1700209112854 6454723072.0 0
1700209163267 6454723072.0 0
1700209213650 6454723072.0 0
1700209264113 6454723072.0 0
1700209314496 6454723072.0 0
1700209364919 6454723072.0 0
1700209415295 6454723072.0 0
1700209465754 6454723072.0 0
1700209516274 6454723072.0 0
1700209566724 6454723072.0 0
1700209617143 6454723072.0 0
1700209667562 6454723072.0 0
1700209717952 6454723072.0 0
1700209768409 6454723072.0 0
1700209818822 6454723072.0 0
1700209869295 6454723072.0 0
1700209919842 6454723072.0 0
1700209970342 6454723072.0 0
1700210020766 6454723072.0 0
1700210071185 6454723072.0 0
1700210121609 6454723072.0 0
1700210172027 6454723072.0 0
1700210222625 6454723072.0 0
1700210273179 6454723072.0 0
1700210323623 6454723072.0 0
1700210374037 6454723072.0 0
1700210424429 6454723072.0 0
1700210474786 6454723072.0 0
1700210525226 6454723072.0 0
1700210575638 6454723072.0 0
1700210625994 6454723072.0 0
1700210676390 6454723072.0 0
1700210726756 6454723072.0 0
1700210777130 6454723072.0 0
1700210827455 6454723072.0 0
1700210877882 6454723072.0 0
1700210928343 6454723072.0 0
1700210978771 6454723072.0 0
1700211029236 6454723072.0 0
1700211079629 6454723072.0 0
1700211130037 6454723072.0 0
1700211180353 6454723072.0 0
1700211230706 6454723072.0 0
1700211281090 6454723072.0 0
1700211331499 6454723072.0 0
1700211381832 6454723072.0 0
1700211432183 6454723072.0 0
1700211482520 6454723072.0 0
1700211532856 6454723072.0 0
1700211583254 6454723072.0 0
1700211633636 6454723072.0 0
1700211684075 6454723072.0 0
1700211734471 6454723072.0 0
1700211785059 6454723072.0 0
1700211835581 6454723072.0 0
1700211886074 6454723072.0 0
1700211936539 6454723072.0 0
1700211986877 6454723072.0 0
1700212037242 6454723072.0 0
1700212087576 6454723072.0 0
1700212137951 6454723072.0 0
1700212188273 6454723072.0 0
1700212238681 6454723072.0 0
1700212289153 6454723072.0 0
1700212339564 6454723072.0 0
1700212389890 6454723072.0 0
1700212440235 6454723072.0 0
1700212490611 6454723072.0 0
1700212541016 6454723072.0 0
1700212591376 6454723072.0 0
1700212641793 6454723072.0 0
1700212692186 6454723072.0 0
1700212742578 6454723072.0 0
1700212793023 6454723072.0 0
1700212843460 6454723072.0 0
1700212893920 6454723072.0 0
1700212944268 6454723072.0 0
1700212994623 6454723072.0 0
1700213045038 6454723072.0 0
1700213095468 6454723072.0 0
1700213145934 6454723072.0 0
1700213196295 6454723072.0 0
1700213246749 6454723072.0 0
1700213297112 6454723072.0 0
1700213347541 6454723072.0 0
1700213397935 6454723072.0 0
1700213448455 6454723072.0 0
1700213499023 6454723072.0 0
1700213549421 6454723072.0 0
1700213599803 6454723072.0 0
1700213650197 6454723072.0 0
1700213700665 6454723072.0 0
1700213751182 6454723072.0 0
1700213801631 6454723072.0 0
1700213852053 6454723072.0 0
1700213902445 6454723072.0 0
1700213952880 6454723072.0 0
1700214003249 6454723072.0 0
1700214053631 6454723072.0 0
1700214104007 6454723072.0 0
1700214154433 6454723072.0 0
1700214204828 6454723072.0 0
1700214288246 6454330624.0 0
1700214349156 6452359424.0 0
1700214410042 6451967072.0 0
1700214470910 6451194629.0 0
1700214531954 6450606101.0 0
1700214592710 6449919485.0 0
1700214653660 6449159303.0 0
1700214714475 6448448165.0 0
1700214775271 6446049084.0 0
1700214836104 6445068444.0 0
1700214897007 6440296620.0 0
1700214957907 6426831524.0 0
1700215018877 6377686830.0 0
1700215079980 6286778004.0 0
1700215140826 6189558837.0 0
1700215201760 6104229208.0 0
1700215262702 6045393016.0 0
1700215323466 6030280692.0 0
1700215384358 6036058068.0 0
1700215446382 6058606475.0 0
1700215509314 6092140240.0 0
1700215570964 6141879072.0 0
1700215631756 6261145326.0 0
1700215692748 6372264096.0 0
1700215753816 6399051912.0 0
1700215814856 6399926316.0 0
1700215875863 6399762876.0 0
1700215936799 6400273626.0 0
1700215998147 6393699025.0 0
1700216059035 6390929395.0 0
1700216119926 6385006145.0 0
1700216180962 6383694860.0 0
1700216241950 6374287105.0 0
1700216302930 6364928370.0 0
1700216363867 6353527135.0 0
1700216424751 6343531140.0 0
1700216485564 6310204736.0 0
1700216546486 6274947564.0 0
1700216607390 6212960612.0 0
1700216668344 6147622029.0 0
1700216729219 6065014773.0 0
1700216790025 6003116493.0 0
1700216850893 5932770486.0 0
1700216911760 5877267682.0 0
1700216972542 5825222182.0 0
1700217033421 5795740923.0 0
1700217094366 5777485830.0 0
1700217155265 5771243340.0 0
1700217216145 5767767856.0 0
1700217278141 5768511144.0 0
1700217340377 5773179156.0 0
1700217402469 5777197812.0 0
1700217463355 5795340480.0 0
1700217524131 5830702296.0 0
1700217584997 5911863628.0 0
1700217645912 6008119424.0 0
1700217706866 6056849925.0 0
1700217768009 6066890855.0 0
1700217828944 6056188155.0 0
1700217889850 6032394702.0 0
1700217950695 6000621966.0 0
1700218011683 5970659328.0 0
1700218072625 5947253460.0 0
1700218133564 5934018060.0 0
1700218194417 5912379815.0 0
1700218255368 5901468780.0 0
1700218316351 5884258675.0 0
1700218377257 5871219355.0 0
1700218438185 5857983955.0 0
1700218499120 5851170175.0 0
1700218560071 5846533700.0 0
1700218621108 5830885440.0 0
1700218682083 5820638885.0 0
1700218742951 5806880190.0 0
1700218803826 5790328185.0 0
1700218864806 5779208815.0 0
1700218925863 5763298914.0 0
1700218988263 5752299402.0 0
1700219050507 5735121858.0 0
1700219112051 5730263604.0 0
1700219173017 5702258160.0 0
1700219233919 5688884682.0 0
1700219294845 5673333366.0 0
1700219355895 5655677760.0 0
1700219416798 5639967090.0 0
1700219477948 5622438770.0 0
1700219538919 5610657630.0 0
1700219600357 5586364135.0 0
1700219661356 5563596444.0 0
1700219722299 5540688162.0 0
1700219783340 5524129780.0 0
1700219844304 5506566531.0 0
1700219905411 5490499926.0 0
1700219966360 5480421700.0 0
1700220027298 5479527304.0 0
1700220088267 5473503755.0 0
1700220149314 5464200052.0 0
1700220210174 5460104955.0 0
1700220271041 5455027300.0 0
1700220331917 5452041165.0 0
1700220392798 5444822970.0 0
1700220453886 5445432630.0 0
1700220514993 5442752214.0 0
1700220575900 5430427430.0 0
1700220636912 5426775440.0 0
1700220697855 5422906945.0 0
1700220758916 5420031105.0 0
1700220819725 5417155265.0 0
1700220880590 5415702894.0 0
1700220941548 5415175800.0 0
1700221002512 5414452578.0 0
1700221064288 5413594518.0 0
1700221126771 5413030650.0 0
1700221189305 5412393234.0 0
1700221250134 5411584206.0 0
1700221310916 5408756694.0 0
1700221371887 5406002730.0 0
1700221432898 5403199734.0 0
1700221493847 5400580608.0 0
1700221554684 5397924708.0 0
1700221615492 5397299550.0 0
1700221676322 5393237590.0 0
1700221737133 5382253025.0 0
1700221798004 5375586305.0 0
1700221858948 5366631985.0 0
1700221919977 5357567370.0 0
1700221981144 5346398980.0 0
1700222042036 5329693512.0 0
1700222102853 5300660356.0 0
1700222163793 5272056020.0 0
1700222224513 5254311040.0 0
1700222285261 5230391052.0 0
1700222346111 5202983232.0 0
1700222406914 5185829948.0 0
1700222467749 5161811460.0 0
1700222528457 5141777004.0 0
1700222589315 5125063260.0 0
1700222650150 5106979653.0 0
1700222710972 5077930442.0 0
1700222771726 5054510307.0 0
1700222832448 5038533192.0 0
1700222893339 5025318914.0 0
1700222954161 5010455912.0 0
1700223015010 5003289676.0 0
1700223077435 4991574000.0 0
1700223139718 4974123840.0 0
1700223200608 4959386880.0 0
1700223261943 4951235040.0 0
1700223322801 4944355955.0 0
1700223383746 4936042958.0 0
1700223444524 4932068064.0 0
1700223505254 4928154385.0 0
1700223566163 4924167248.0 0
1700223626929 4917882508.0 0
1700223687595 4911683469.0 0
1700223748319 4905619103.0 0
1700223808947 4903905083.0 0
1700223869686 4902252278.0 0
1700223930348 4898473272.0 0
1700223991154 4896575607.0 0
1700224052022 4892698657.0 0
1700224112697 4886977095.0 0
1700224173416 4885446720.0 0
1700224234115 4881949303.0 0
1700224332338 4880553601.0 0
1700224393167 4877080670.0 0
1700224454034 4875415622.0 0
1700224514788 4868870812.0 0
1700224575521 4867364554.0 0
1700224636334 4865772574.0 0
1700224697154 4857531016.0 0
1700224757865 4855620640.0 0
1700224820294 4846411955.0 0
1700224882912 4840457776.0 0
1700224944504 4836825686.0 0
1700225005268 4831091881.0 0
1700225066237 4827521006.0 0
1700225127159 4822019818.0 0
1700225187957 4818657074.0 0
1700225248850 4808915727.0 0
1700225309728 4801761734.0 0
1700225370440 4792445653.0 0
1700225431281 4774730378.0 0
1700225492020 4760208620.0 0
1700225552831 4752408051.0 0
1700225613535 4743748503.0 0
1700225674469 4732366432.0 0
1700225735247 4724418232.0 0
1700225796023 4710453856.0 0
1700225856692 4702497025.0 0
1700225917448 4684211868.0 0
1700225978319 4666301691.0 0
1700226039063 4652483960.0 0
1700226099966 4643048778.0 0
1700226160822 4618933110.0 0
1700226222015 4611434321.0 0
1700226282859 4598722765.0 0
1700226343665 4585558768.0 0
1700226405544 4570985002.0 0
1700226468165 4559503200.0 0
1700226529461 4542875808.0 0
1700226590198 4532632357.0 0
1700226651000 4526891880.0 0
1700226711829 4511152305.0 0
1700226772750 4497000768.0 0
1700226834049 4482272668.0 0
1700226894967 4472848824.0 0
1700226955766 4457454300.0 0
1700227016693 4443793200.0 0
1700227077617 4430216252.0 0
1700227138426 4419071919.0 0
1700227199284 4410465120.0 0
1700227260212 4401241856.0 0
1700227320992 4393186950.0 0
1700227381766 4382298130.0 0
1700227442605 4369366171.0 0
1700227503555 4354200735.0 0
1700227564404 4345587906.0 0
1700227625018 4336669287.0 0
1700227685773 4325206440.0 0
1700227746526 4312120956.0 0
1700227807326 4304870955.0 0
1700227868163 4301029098.0 0
1700227929150 4291911020.0 0
1700227990720 4284868632.0 0
1700228053493 4276294695.0 0
1700228114483 4266685616.0 0
1700228175300 4257120014.0 0
1700228235917 4246187844.0 0
1700228296594 4237843232.0 0
1700228357306 4230932715.0 0
1700228418151 4227429330.0 0
1700228479002 4222605864.0 0
1700228539644 4214805323.0 0
1700228600392 4207179154.0 0
1700228661186 4200602112.0 0
1700228721995 4196990658.0 0
1700228782760 4187013270.0 0
1700228843482 4180341260.0 0
1700228904188 4170732094.0 0
1700228965056 4163283306.0 0
1700229025746 4158136442.0 0
1700229086424 4151744400.0 0
1700229147163 4146352380.0 0
1700229207884 4138976048.0 0
1700229268648 4132631167.0 0
1700229329417 4129136292.0 0
1700229390229 4121290437.0 0
1700229450937 4109609020.0 0
1700229511709 4099751688.0 0
1700229572412 4091539764.0 0
1700229633287 4081944856.0 0
1700229694164 4077056480.0 0
1700229755495 4070095920.0 0
1700229817601 4062030651.0 0
1700229879029 4054879570.0 0
1700229939920 4045840158.0 0
1700230000652 4038688494.0 0
1700230061405 4028939607.0 0
1700230122195 4024413540.0 0
1700230182934 4016155387.0 0
1700230243617 4010227648.0 0
1700230304383 4003160130.0 0
1700230365221 3994173573.0 0
1700230425974 3985196064.0 0
1700230487103 3979665872.0 0
1700230547861 3972597900.0 0
1700230608768 3964914989.0 0
1700230669495 3956443175.0 0
1700230730288 3950407046.0 0
1700230791144 3942204399.0 0
1700230851953 3933962692.0 0
1700230912729 3924678792.0 0
1700230973405 3917500348.0 0
1700231034096 3910222976.0 0
1700231094830 3901254830.0 0
1700231155502 3893704633.0 0
1700231216254 3884450256.0 0
1700231276961 3877474491.0 0
1700231337645 3870480558.0 0
1700231398371 3863271024.0 0
1700231459148 3848712957.0 0
1700231519874 3834042498.0 0
1700231580832 3820404682.0 0
1700231642009 3813713750.0 0
1700231702735 3804093045.0 0
1700231764691 3794977138.0 0
1700231826773 3786582314.0 0
1700231888771 3775535334.0 0
1700231949530 3770186008.0 0
1700232010243 3758736168.0 0
1700232071024 3751286640.0 0
1700232131831 3745053804.0 0
1700232192555 3736985858.0 0
1700232253261 3725121789.0 0
1700232313926 3719966643.0 0
1700232374537 3712175488.0 0
1700232435353 3704163695.0 0
1700232496202 3695005314.0 0
1700232556840 3685066470.0 0
1700232617691 3676014096.0 0
1700232678310 3666583236.0 0
1700232739107 3655412678.0 0
1700232799781 3648475048.0 0
1700232860535 3642452200.0 0
1700232921250 3634514372.0 0
1700232981995 3625464096.0 0
1700233042693 3614899609.0 0
1700233103522 3604434132.0 0
1700233164194 3593743564.0 0
1700233224872 3583200746.0 0
1700233285639 3572292216.0 0
1700233346337 3559561698.0 0
1700233407153 3551705416.0 0
1700233467876 3542893354.0 0
1700233528969 3534876251.0 0
1700233591234 3524379840.0 0
1700233652785 3514187733.0 0
1700233713312 3505293522.0 0
1700233773877 3493103344.0 0
1700233834573 3428483254.0 0
1700233895322 3339556870.0 0
1700233955862 3306557460.0 0
1700234016559 3292452553.0 0
1700234077924 3284356416.0 0
1700234138537 3278546884.0 0
1700234199100 3273123672.0 0
1700234259791 3268866393.0 0
1700234368369 3264688044.0 0
1700234428979 3259462128.0 0
1700234489563 3253858872.0 0
1700234550237 3245281250.0 0
1700234610860 3237402123.0 0
1700234671456 3230751360.0 0
1700234731960 3223366860.0 0
1700234792661 3218459283.0 0
1700234853244 3214349194.0 0
1700234913807 3211305270.0 0
1700234974427 3207610456.0 0
1700235035078 3201490800.0 0
1700235095670 3193221402.0 0
1700235156181 3186211809.0 0
1700235216849 3183092896.0 0
1700235277353 3179813450.0 0
1700235337915 3173682528.0 0
1700235398453 3170590152.0 0
1700235458911 3166756950.0 0
1700235520625 3163473804.0 0
1700235582665 3160396512.0 0
1700235643996 3157266639.0 0
1700235704593 3154396212.0 0
1700235765168 3151817280.0 0
1700235825768 3149913645.0 0
1700235886359 3147207168.0 0
1700235946940 3143613348.0 0
1700236007441 3141027597.0 0
1700236068179 3138750081.0 0
1700236128772 3136515537.0 0
1700236189258 3132551961.0 0
1700236249846 3129712380.0 0
1700236310370 3123726036.0 0
1700236370928 3118897116.0 0
1700236431482 3115308720.0 0
1700236492193 3112701792.0 0
1700236552799 3110138640.0 0
1700236613346 3108004356.0 0
1700236673972 3106298580.0 0
1700236734557 3104133516.0 0
1700236795132 3101872977.0 0
1700236855679 3099709392.0 0
1700236916354 3097642680.0 0
1700236977007 3095251623.0 0
1700237037688 3092487813.0 0
1700237098194 3091484739.0 0
1700237158796 3090385626.0 0
1700237219400 3089265171.0 0
1700237280066 3088272768.0 0
1700237340643 3086679120.0 0
1700237401341 3085847016.0 0
1700237461956 3084172140.0 0
1700237523058 3082955988.0 0
1700237584990 3082113216.0 0
1700237647331 3082051575.0 0
1700237708399 3081283263.0 0
1700237769011 3078715109.0 0
1700237829562 3077722706.0 0
1700237890112 3076548896.0 0
1700237950654 3075673874.0 0
1700238011224 3074724155.0 0
1700238071790 3073977185.0 0
1700238132330 3073091492.0 0
1700238192877 3072013721.0 0
1700238253512 3071096015.0 0
1700238314083 3070327703.0 0
1700238374590 3069527378.0 0
1700238435321 3068791079.0 0
1700238495943 3068204174.0 0
1700238556503 3067606598.0 0
1700238617181 3067222442.0 0
1700238677787 3066411446.0 0
1700238738478 3065312333.0 0
1700238800546 3064437311.0 0
1700238862968 3063882419.0 0
1700238924696 3063551618.0 0
1700238985424 3063498263.0 0
1700239046082 3063804474.0 0
1700239106647 3063153360.0 0
1700239167115 3062683704.0 0
1700239227712 3062171352.0 0
1700239288350 3061488216.0 0
1700239348844 3061114626.0 0
1700239409383 3060709014.0 0
1700239469914 3059865768.0 0
1700239530587 3058958478.0 0
1700239591147 3058189950.0 0
1700239651624 3057912426.0 0
1700239712138 3057656250.0 0
1700239772650 3057175920.0 0
1700239833506 3056642220.0 0
1700239894081 3056839336.0 0
1700239954520 3056198716.0 0
1700240015048 3055611481.0 0
1700240075547 3054992215.0 0
1700240136104 3054415657.0 0
1700240196615 3053881807.0 0
1700240257089 3053358634.0 0
1700240317674 3052803430.0 0
1700240378099 3052483120.0 0
1700240438684 3052301611.0 0
1700240499289 3053084480.0 0
1700240559927 3052806800.0 0
1700240620514 3052251440.0 0
1700240680964 3051461120.0 0
1700240741555 3050841680.0 0
1700240802082 3050510600.0 0
1700240862956 3050158160.0 0
1700240924402 3049656200.0 0
1700240986704 3049090160.0 0
1700241047424 3048780440.0 0
1700241107946 3049198836.0 0
1700241168543 3048814248.0 0
1700241229215 3048151902.0 0
1700241290211 3047745948.0 0
1700241350779 3047585703.0 0
1700241411295 3048345352.0 0
1700241471850 3048955301.0 0
1700241532328 3048666698.0 0
1700241592846 3049083972.0 0
1700241653449 3050538266.0 0
1700241713944 3051383016.0 0
1700241774529 3052259872.0 0
1700241835117 3053040377.0 0
1700241895826 3054322723.0 0
1700241956478 3054920852.0 0
1700242016989 3055497399.0 0
1700242077647 3057966336.0 0
1700242138291 3059397524.0 0
1700242198920 3060592120.0 0
1700242259563 3062716153.0 0
1700242320181 3065398864.0 0
1700242380697 3068710460.0 0
1700242441228 3072294190.0 0
1700242501803 3076038000.0 0
1700242562452 3080677920.0 0
1700242623081 3086408863.0 0
1700242683661 3092442920.0 0
1700242744266 3099309700.0 0
1700242804878 3107074552.0 0
1700242866533 3113799570.0 0
1700242928888 3119209944.0 0
1700242991124 3125267170.0 0
1700243051812 3131805144.0 0
1700243112624 3136677480.0 0
1700243173216 3142612837.0 0
1700243233743 3147693835.0 0
1700243294272 3152841127.0 0
1700243354845 3157877581.0 0
1700243415571 3163224799.0 0
1700243476073 3169504940.0 0
1700243536798 3175618950.0 0
1700243597374 3181375960.0 0
1700243657996 3186557650.0 0
1700243718674 3191638648.0 0
1700243779289 3195966228.0 0
1700243839877 3200282720.0 0
1700243900547 3203328750.0 0
1700243961143 3207385820.0 0
1700244021752 3210768645.0 0
1700244082469 3214241710.0 0
1700244143038 3217929614.0 0
1700244203577 3219604177.0 0
1700244264067 3222919238.0 0
1700244579874 3226256745.0 0
1700244640430 3229707514.0 0
1700244701134 3232156576.0 0
1700244761749 3234650902.0 0
1700244822341 3242054061.0 0
1700244883312 3244586880.0 0
1700244943991 3243392955.0 0
1700245004686 3243363227.0 0
1700245065256 3244217418.0 0
1700245125972 3245834600.0 0
1700245186581 3247440280.0 0
1700245247160 3248431328.0 0
1700245307962 3250173925.0 0
1700245368511 3251813769.0 0
1700245429199 3253487822.0 0
1700245489824 3254319120.0 0
1700245550466 3255001777.0 0
1700245611184 3255718652.0 0
1700245671924 3256778625.0 0
1700245732645 3256915893.0 0
1700245793270 3258056104.0 0
1700245853884 3259337148.0 0
1700245914476 3259291392.0 0
1700245975098 3260088966.0 0
1700246035642 3260157618.0 0
1700246096318 3259207910.0 0
1700246156900 3259391030.0 0
1700246217505 3258616762.0 0
1700246278322 3258468016.0 0
1700246339682 3258468016.0 0
1700246401627 3259059125.0 0
1700246464049 3259093460.0 0
1700246524867 3259104905.0 0
1700246585398 3259459700.0 0
1700246646091 3259848830.0 0
1700246706704 3260398190.0 0
1700246767273 3260695760.0 0
1700246827943 3260489750.0 0
1700246888540 3260249405.0 0
1700246949189 3260318075.0 0
1700247009816 3261126888.0 0
1700247070531 3261012408.0 0
1700247131333 3260794896.0 0
1700247191954 3261844069.0 0
1700247252695 3262176148.0 0
1700247313363 3262164697.0 0
1700247374014 3262073089.0 0
1700247434793 3262370815.0 0
1700247495598 3262748698.0 0
1700247556264 3262989169.0 0
1700247616998 3262180104.0 0
1700247677584 3262466304.0 0
1700247738176 3262592232.0 0
1700247798920 3262638024.0 0
1700247859540 3263275444.0 0
1700247920126 3263218189.0 0
1700247980751 3263378503.0 0
1700248041205 3263447209.0 0
1700248102857 3264313640.0 0
1700248165526 3264565628.0 0
1700248226930 3265615443.0 0
1700248287702 3265775841.0 0
1700248348425 3266073723.0 0
1700248409382 3266554917.0 0
1700248470052 3266089010.0 0
1700248531148 3266146280.0 0
1700248591809 3266203550.0 0
1700248652822 3266192096.0 0
1700248713516 3265439683.0 0
1700248774241 3265691605.0 0
1700248834791 3266058037.0 0
1700248895379 3266126743.0 0
1700248956047 3266092390.0 0
1700249016687 3266138194.0 0
1700249077345 3266378665.0 0
1700249137972 3266596234.0 0
1700249198644 3267122980.0 0
1700249259306 3267718432.0 0
1700249319865 3268084864.0 0
1700249380526 3267993256.0 0
1700249441180 3267878746.0 0
1700249501787 3267936001.0 0
1700249562414 3268233727.0 0
1700249623265 3268302433.0 0
1700249683967 3268130668.0 0
1700249744651 3267901648.0 0
1700249805243 3267114192.0 0
1700249865824 3267617904.0 0
1700249926396 3267755280.0 0
1700249987174 3268577257.0 0
1700250047992 3267995688.0 0
1700250108769 3268316232.0 0
1700250169304 3268728360.0 0
1700250229881 3268945872.0 0
1700250291714 3268797048.0 0
1700250355007 3268808496.0 0
1700250415940 3268751256.0 0
1700250476610 3268568088.0 0
1700250537183 3268808496.0 0
1700250597926 3269026008.0 0
1700250658464 3268922976.0 0
1700250719171 3269117592.0 0
1700250779907 3269323656.0 0
1700250840584 3269403792.0 0
1700250901088 3269758680.0 0
1700250961744 3269999088.0 0
1700251022433 3270651624.0 0
1700251083024 3271029408.0 0
1700251143528 3271258368.0 0
1700251204095 3271544568.0 0
1700251264628 3271807872.0 0
1700251326857 3271945248.0 0
1700251389158 3272071176.0 0
1700251449799 3272277240.0 0
1700251510448 3272712264.0 0
1700251571044 3272861088.0 0
1700251631696 3272895432.0 0
1700251692226 3273158736.0 0
1700251752771 3273353352.0 0
1700251813441 3273399144.0 0
1700251874019 3273410592.0 0
1700251934703 3273296112.0 0
1700251995395 3273273216.0 0
1700252056108 3273319008.0 0
1700252117064 3273765480.0 0
1700252177611 3274314984.0 0
1700252238176 3274475256.0 0
1700252299015 3274360776.0 0
1700252359582 3274326432.0 0
1700252420478 3274200504.0 0
1700252481131 3274326432.0 0
1700252541786 3273777395.0 0
1700252602671 3274177970.0 0
1700252663494 3274303865.0 0
1700252724102 3274395425.0 0
1700252784779 3274418315.0 0
1700252845583 3275379648.0 0
1700252906224 3275173584.0 0
1700252966888 3275162136.0 0
1700253027491 3274086410.0 0
1700253088234 3274177970.0 0
1700253149095 3273102334.0 0
1700253209680 3272015373.0 0
1700253270378 3272198397.0 0
1700253330950 3272278470.0 0
1700253391550 3270223263.0 0
1700253452189 3270474921.0 0
1700253513584 3270875286.0 0
1700253576116 3271321407.0 0
1700253638914 3271733211.0 0
1700253699761 3271859040.0 0
1700253760537 3271801845.0 0
1700253821298 3272511164.0 0
1700253882609 3271550187.0 0
1700253943234 3272465396.0 0
1700254003774 3272820098.0 0
1700254064508 3273151916.0 0
1700254125329 3273357872.0 0
1700254185915 3273655364.0 0
1700254246671 3272785599.0 0
1700254307464 3272682648.0 0
1700254368130 3272751282.0 0
1700254428879 3272648331.0 0
1700254487268 3271755736.0 0
