1700205987114 0.0 0
1700206032584 0.0 0
1700206083021 0.0 0
1700206133478 0.0 0
1700206183931 0.0 0
1700206234409 0.0 0
1700206284916 0.0 0
1700206335408 0.0 0
1700206385856 0.0 0
1700206436336 0.0 0
1700206486835 0.0 0
1700206537277 0.0 0
1700206587702 0.0 0
1700206638248 0.0 0
1700206688776 0.0 0
1700206739380 0.0 0
1700206789962 0.0 0
1700206840417 0.0 0
1700206890916 0.0 0
1700206941442 0.0 0
1700206991929 0.0 0
1700207042499 0.0 0
1700207093046 0.0 0
1700207143541 0.0 0
1700207194157 0.0 0
1700207244732 0.0 0
1700207295185 0.0 0
1700207345673 0.0 0
1700207396075 0.0 0
1700207446513 0.0 0
1700207496928 0.0 0
1700207547333 0.0 0
1700207597746 0.0 0
1700207648212 0.0 0
1700207698677 0.0 0
1700207749098 0.0 0
1700207799576 0.0 0
1700207850023 0.0 0
1700207900463 0.0 0
1700207950870 0.0 0
1700208001325 0.0 0
1700208051806 0.0 0
1700208102165 0.0 0
1700208152575 0.0 0
1700208202948 0.0 0
1700208253344 0.0 0
1700208303742 0.0 0
1700208354119 0.0 0
1700208404530 0.0 0
1700208454947 0.0 0
1700208505323 0.0 0
1700208555707 0.0 0
1700208606108 0.0 0
1700208656466 0.0 0
1700208707047 0.0 0
1700208757648 0.0 0
1700208808131 0.0 0
1700208858606 0.0 0
1700208908952 0.0 0
1700208959323 0.0 0
1700209009706 0.0 0
1700209060112 0.0 0
1700209110508 0.0 0
1700209160858 0.0 0
1700209211293 0.0 0
1700209261705 0.0 0
1700209312157 0.0 0
1700209362530 0.0 0
1700209412930 0.0 0
1700209463334 0.0 0
1700209513846 0.0 0
1700209564306 0.0 0
1700209614753 0.0 0
1700209665151 0.0 0
1700209715583 0.0 0
1700209765974 0.0 0
1700209816419 0.0 0
1700209866879 0.0 0
1700209917335 0.0 0
1700209967862 0.0 0
1700210018404 0.0 0
1700210068762 0.0 0
1700210119230 0.0 0
1700210169648 0.0 0
1700210220088 0.0 0
1700210270680 0.0 0
1700210321235 0.0 0
1700210371647 0.0 0
1700210422063 0.0 0
1700210472450 0.0 0
1700210522821 0.0 0
1700210573240 0.0 0
1700210623662 0.0 0
1700210674058 0.0 0
1700210724400 0.0 0
1700210774741 0.0 0
1700210825109 0.0 0
1700210875491 0.0 0
1700210925914 0.0 0
1700210976347 0.0 0
1700211026796 0.0 0
1700211077263 0.0 0
1700211127663 0.0 0
1700211178006 0.0 0
1700211228367 0.0 0
1700211278733 0.0 0
1700211329104 0.0 0
1700211379495 0.0 0
1700211429841 0.0 0
1700211480197 0.0 0
1700211530512 0.0 0
1700211580851 0.0 0
1700211631256 0.0 0
1700211681645 0.0 0
1700211732085 0.0 0
1700211782513 0.0 0
1700211833099 0.0 0
1700211883613 0.0 0
1700211934083 0.0 0
1700211984519 0.0 0
1700212034868 0.0 0
1700212085220 0.0 0
1700212135569 0.0 0
1700212185942 0.0 0
1700212236293 0.0 0
1700212286717 0.0 0
1700212337154 0.0 0
1700212387533 0.0 0
1700212437890 0.0 0
1700212488256 0.0 0
1700212538617 0.0 0
1700212589014 0.0 0
1700212639412 0.0 0
1700212689816 0.0 0
1700212740206 0.0 0
1700212790639 0.0 0
1700212841062 0.0 0
1700212891521 0.0 0
1700212941912 0.0 0
1700212992240 0.0 0
1700213042626 0.0 0
1700213093058 0.0 0
1700213143517 0.0 0
1700213193936 0.0 0
1700213244316 0.0 0
1700213294733 0.0 0
1700213345123 0.0 0
1700213395537 0.0 0
1700213445969 0.0 0
1700213496518 0.0 0
1700213547047 0.0 0
1700213597417 0.0 0
1700213647846 0.0 0
1700213698265 0.0 0
1700213748714 0.0 0
1700213799218 0.0 0
1700213849683 0.0 0
1700213900049 0.0 0
1700213950475 0.0 0
1700214000873 0.0 0
1700214051269 0.0 0
1700214101652 0.0 0
1700214152033 0.0 0
1700214202429 0.0 0
1700214285830 0.00015262515262515263 0
1700214346783 0.001678876678876679 0
1700214407696 0.003205128205128205 0
1700214468492 0.004731379731379731 0
1700214529505 0.006257631257631258 0
1700214590324 0.007783882783882784 0
1700214651264 0.00931013431013431 0
1700214712144 0.010836385836385836 0
1700214772935 0.012362637362637362 0
1700214833689 0.013888888888888888 0
1700214894652 0.015415140415140416 0
1700214955476 0.01694139194139194 0
1700215016446 0.018467643467643468 0
1700215077576 0.019993894993894992 0
1700215138463 0.02152014652014652 0
1700215199363 0.023046398046398048 0
1700215260271 0.024572649572649572 0
1700215321116 0.0260989010989011 0
1700215381889 0.027625152625152624 0
1700215443947 0.029151404151404152 0
1700215506809 0.030677655677655676 0
1700215568556 0.0322039072039072 0
1700215629309 0.03373015873015873 0
1700215690307 0.035256410256410256 0
1700215751369 0.036782661782661784 0
1700215812451 0.03830891330891331 0
1700215873428 0.03983516483516483 0
1700215934352 0.04136141636141636 0
1700215995702 0.04288766788766789 0
1700216056624 0.044413919413919416 0
1700216117548 0.045940170940170943 0
1700216178583 0.047466422466422464 0
1700216239508 0.04899267399267399 0
1700216300516 0.05051892551892552 0
1700216361420 0.05204517704517705 0
1700216422324 0.05357142857142857 0
1700216483169 0.055097680097680096 0
1700216544076 0.056623931623931624 0
1700216604972 0.05815018315018315 0
1700216665972 0.05967643467643468 0
1700216726840 0.0612026862026862 0
1700216787687 0.06272893772893773 0
1700216848494 0.06425518925518925 0
1700216909400 0.06578144078144078 0
1700216970158 0.0673076923076923 0
1700217031040 0.06883394383394384 0
1700217091996 0.07036019536019536 0
1700217152784 0.07188644688644688 0
1700217213673 0.07341269841269842 0
1700217275606 0.07493894993894994 0
1700217337857 0.07646520146520147 0
1700217400060 0.07799145299145299 0
1700217460946 0.07951770451770451 0
1700217521740 0.08104395604395605 0
1700217582620 0.08257020757020757 0
1700217643443 0.0840964590964591 0
1700217704428 0.08562271062271062 0
1700217765589 0.08714896214896214 0
1700217826536 0.08867521367521368 0
1700217887434 0.0902014652014652 0
1700217948295 0.09172771672771672 0
1700218009185 0.09325396825396826 0
1700218070219 0.09478021978021978 0
1700218131192 0.09630647130647131 0
1700218192063 0.09783272283272283 0
1700218253000 0.09935897435897435 0
1700218313952 0.10088522588522589 0
1700218374875 0.10241147741147741 0
1700218435780 0.10393772893772894 0
1700218496719 0.10546398046398046 0
1700218557656 0.10699023199023198 0
1700218618719 0.10851648351648352 0
1700218679688 0.11004273504273504 0
1700218740525 0.11156898656898658 0
1700218801392 0.1130952380952381 0
1700218862399 0.11462148962148962 0
1700218923479 0.11614774114774115 0
1700218985785 0.11767399267399267 0
1700219047999 0.11920024420024421 0
1700219109572 0.12072649572649573 0
1700219170614 0.12225274725274725 0
1700219231467 0.12377899877899878 0
1700219292472 0.1253052503052503 0
1700219353507 0.12683150183150182 0
1700219414431 0.12835775335775335 0
1700219475484 0.1298840048840049 0
1700219536527 0.13141025641025642 0
1700219597799 0.13293650793650794 0
1700219658982 0.13446275946275946 0
1700219719900 0.13598901098901098 0
1700219780916 0.13751526251526253 0
1700219841856 0.13904151404151405 0
1700219902991 0.14056776556776557 0
1700219963980 0.1420940170940171 0
1700220024867 0.1436202686202686 0
1700220085858 0.14514652014652016 0
1700220146907 0.14667277167277168 0
1700220207796 0.1481990231990232 0
1700220268647 0.14972527472527472 0
1700220329544 0.15125152625152624 0
1700220390412 0.1527777777777778 0
1700220451507 0.1543040293040293 0
1700220512600 0.15583028083028083 0
1700220573472 0.15735653235653235 0
1700220634492 0.15888278388278387 0
1700220695492 0.16040903540903542 0
1700220756508 0.16193528693528694 0
1700220817388 0.16346153846153846 0
1700220878216 0.16498778998778998 0
1700220939062 0.1665140415140415 0
1700221000064 0.16804029304029305 0
1700221061766 0.16956654456654457 0
1700221124286 0.1710927960927961 0
1700221186952 0.17261904761904762 0
1700221247744 0.17414529914529914 0
1700221308524 0.17567155067155066 0
1700221369508 0.1771978021978022 0
1700221430520 0.17872405372405373 0
1700221491483 0.18025030525030525 0
1700221552328 0.18177655677655677 0
1700221613127 0.1833028083028083 0
1700221673965 0.18482905982905984 0
1700221734780 0.18635531135531136 0
1700221795616 0.18788156288156288 0
1700221856520 0.1894078144078144 0
1700221917547 0.19093406593406592 0
1700221978739 0.19246031746031747 0
1700222039656 0.193986568986569 0
1700222100432 0.1955128205128205 0
1700222161373 0.19703907203907203 0
1700222222136 0.19856532356532355 0
1700222282885 0.2000915750915751 0
1700222343725 0.20161782661782662 0
1700222404536 0.20314407814407814 0
1700222465355 0.20467032967032966 0
1700222526063 0.20619658119658119 0
1700222586917 0.20772283272283273 0
1700222647710 0.20924908424908426 0
1700222708574 0.21077533577533578 0
1700222769344 0.2123015873015873 0
1700222830037 0.21382783882783882 0
1700222890926 0.21535409035409037 0
1700222951716 0.2168803418803419 0
1700223012556 0.2184065934065934 0
1700223074931 0.21993284493284493 0
1700223137235 0.22145909645909645 0
1700223198226 0.222985347985348 0
1700223259429 0.22451159951159952 0
1700223320265 0.22603785103785104 0
1700223381308 0.22756410256410256 0
1700223442071 0.22909035409035408 0
1700223502797 0.23061660561660563 0
1700223563741 0.23214285714285715 0
1700223624531 0.23366910866910867 0
1700223685232 0.2351953601953602 0
1700223745951 0.2367216117216117 0
1700223806561 0.23824786324786323 0
1700223867310 0.23977411477411478 0
1700223927958 0.2413003663003663 0
1700223988772 0.24282661782661782 0
1700224049588 0.24435286935286935 0
1700224110287 0.24587912087912087 0
1700224171065 0.24740537240537241 0
1700224231742 0.24893162393162394 0
1700224329949 0.25045787545787546 0
1700224390780 0.251984126984127 0
1700224451651 0.2535103785103785 0
1700224512415 0.25503663003663 0
1700224573110 0.25656288156288154 0
1700224633842 0.2580891330891331 0
1700224694708 0.25961538461538464 0
1700224755502 0.26114163614163616 0
1700224817759 0.2626678876678877 0
1700224880442 0.2641941391941392 0
1700224942108 0.2657203907203907 0
1700225002884 0.26724664224664224 0
1700225063785 0.26877289377289376 0
1700225124756 0.2702991452991453 0
1700225185535 0.2718253968253968 0
1700225246460 0.2733516483516483 0
1700225307346 0.2748778998778999 0
1700225368054 0.2764041514041514 0
1700225428884 0.27793040293040294 0
1700225489666 0.27945665445665446 0
1700225550419 0.280982905982906 0
1700225611120 0.2825091575091575 0
1700225672057 0.284035409035409 0
1700225732852 0.28556166056166055 0
1700225793647 0.28708791208791207 0
1700225854314 0.2886141636141636 0
1700225915072 0.29014041514041516 0
1700225975931 0.2916666666666667 0
1700226036636 0.2931929181929182 0
1700226097516 0.2947191697191697 0
1700226158429 0.29624542124542125 0
1700226219201 0.29777167277167277 0
1700226280504 0.2992979242979243 0
1700226341296 0.3008241758241758 0
1700226403008 0.30235042735042733 0
1700226465627 0.30387667887667885 0
1700226527108 0.30540293040293043 0
1700226587828 0.30692918192918195 0
1700226648584 0.30845543345543347 0
1700226709484 0.309981684981685 0
1700226770260 0.3115079365079365 0
1700226831583 0.31303418803418803 0
1700226892582 0.31456043956043955 0
1700226953381 0.3160866910866911 0
1700227014321 0.3176129426129426 0
1700227075221 0.3191391941391941 0
1700227136063 0.3206654456654457 0
1700227196877 0.3221916971916972 0
1700227257822 0.32371794871794873 0
1700227318602 0.32524420024420025 0
1700227379385 0.3267704517704518 0
1700227440223 0.3282967032967033 0
1700227501113 0.3298229548229548 0
1700227562004 0.33134920634920634 0
1700227622641 0.33287545787545786 0
1700227683421 0.3344017094017094 0
1700227744141 0.3359279609279609 0
1700227804932 0.3374542124542125 0
1700227865777 0.338980463980464 0
1700227926658 0.3405067155067155 0
1700227988223 0.34203296703296704 0
1700228051019 0.34355921855921856 0
1700228112162 0.3450854700854701 0
1700228172923 0.3466117216117216 0
1700228233582 0.3481379731379731 0
1700228294216 0.34966422466422464 0
1700228354935 0.35119047619047616 0
1700228415761 0.35271672771672774 0
1700228476615 0.35424297924297926 0
1700228537298 0.3557692307692308 0
1700228598022 0.3572954822954823 0
1700228658797 0.3588217338217338 0
1700228719603 0.36034798534798534 0
1700228780383 0.36187423687423687 0
1700228841085 0.3634004884004884 0
1700228901812 0.3649267399267399 0
1700228962633 0.36645299145299143 0
1700229023357 0.367979242979243 0
1700229084052 0.3695054945054945 0
1700229144741 0.37103174603174605 0
1700229205512 0.37255799755799757 0
1700229266265 0.3740842490842491 0
1700229327016 0.3756105006105006 0
1700229387832 0.37713675213675213 0
1700229448585 0.37866300366300365 0
1700229509356 0.38018925518925517 0
1700229570045 0.3817155067155067 0
1700229630925 0.38324175824175827 0
1700229691649 0.3847680097680098 0
1700229753053 0.3862942612942613 0
1700229815090 0.38782051282051283 0
1700229876574 0.38934676434676435 0
1700229937515 0.39087301587301587 0
1700229998266 0.3923992673992674 0
1700230059025 0.3939255189255189 0
1700230119852 0.39545177045177043 0
1700230180576 0.39697802197802196 0
1700230241290 0.39850427350427353 0
1700230301956 0.40003052503052505 0
1700230362789 0.4015567765567766 0
1700230423596 0.4030830280830281 0
1700230484753 0.4046092796092796 0
1700230545498 0.40613553113553114 0
1700230606392 0.40766178266178266 0
1700230667133 0.4091880341880342 0
1700230727897 0.4107142857142857 0
1700230788749 0.4122405372405372 0
1700230849576 0.41376678876678874 0
1700230910344 0.4152930402930403 0
1700230971029 0.41681929181929184 0
1700231031745 0.41834554334554336 0
1700231092453 0.4198717948717949 0
1700231153145 0.4213980463980464 0
1700231213901 0.4229242979242979 0
1700231274552 0.42445054945054944 0
1700231335289 0.42597680097680096 0
1700231396005 0.4275030525030525 0
1700231456760 0.429029304029304 0
1700231517511 0.4305555555555556 0
1700231578432 0.4320818070818071 0
1700231639605 0.4336080586080586 0
1700231700250 0.43513431013431014 0
1700231762192 0.43666056166056166 0
1700231824259 0.4381868131868132 0
1700231886423 0.4397130647130647 0
1700231947167 0.4412393162393162 0
1700232007880 0.44276556776556775 0
1700232068601 0.44429181929181927 0
1700232129361 0.44581807081807084 0
1700232190185 0.44734432234432236 0
1700232250916 0.4488705738705739 0
1700232311576 0.4503968253968254 0
1700232372204 0.4519230769230769 0
1700232432963 0.45344932844932845 0
1700232493820 0.45497557997557997 0
1700232554480 0.4565018315018315 0
1700232615286 0.458028083028083 0
1700232675965 0.45955433455433453 0
1700232736721 0.4610805860805861 0
1700232797437 0.46260683760683763 0
1700232858154 0.46413308913308915 0
1700232918885 0.46565934065934067 0
1700232979580 0.4671855921855922 0
1700233040283 0.4687118437118437 0
1700233101140 0.47023809523809523 0
1700233161805 0.47176434676434675 0
1700233222493 0.4732905982905983 0
1700233283266 0.4748168498168498 0
1700233343982 0.4763431013431013 0
1700233404792 0.4778693528693529 0
1700233465497 0.4793956043956044 0
1700233526460 0.48092185592185593 0
1700233588810 0.48244810744810745 0
1700233650383 0.483974358974359 0
1700233710955 0.4855006105006105 0
1700233771488 0.487026862026862 0
1700233832189 0.48855311355311354 0
1700233892952 0.49007936507936506 0
1700233953485 0.4916056166056166 0
1700234014120 0.49313186813186816 0
1700234075468 0.4946581196581197 0
1700234136159 0.4961843711843712 0
1700234196728 0.4977106227106227 0
1700234257383 0.49923687423687424 0
1700234365952 0.5 0
1700234426548 0.5 0
1700234487140 0.5 0
1700234547793 0.5 0
1700234608484 0.5 0
1700234669068 0.5 0
1700234729533 0.5 0
1700234790269 0.5 0
1700234850844 0.5 0
1700234911389 0.5 0
1700234972003 0.5 0
1700235032583 0.5 0
1700235093296 0.5 0
1700235153790 0.5 0
1700235214424 0.5 0
1700235274989 0.5 0
1700235335561 0.5 0
1700235396040 0.5 0
1700235456532 0.5 0
1700235518093 0.5 0
1700235580134 0.5 0
1700235641608 0.5 0
1700235702185 0.5 0
1700235762805 0.5 0
1700235823388 0.5 0
1700235883993 0.5 0
1700235944476 0.5 0
1700236005022 0.5 0
1700236065825 0.5 0
1700236126368 0.5 0
1700236186860 0.5 0
1700236247448 0.5 0
1700236308008 0.5 0
1700236368549 0.5 0
1700236429083 0.5 0
1700236489800 0.5 0
1700236550396 0.5 0
1700236610946 0.5 0
1700236671606 0.5 0
1700236732193 0.5 0
1700236792738 0.5 0
1700236853322 0.5 0
1700236913957 0.5 0
1700236974613 0.5 0
1700237035309 0.5 0
1700237095844 0.5 0
1700237156433 0.5 0
1700237217026 0.5 0
1700237277693 0.5 0
1700237338223 0.5 0
1700237398952 0.5 0
1700237459552 0.5 0
1700237520445 0.5 0
1700237582571 0.5 0
1700237644828 0.5 0
1700237705976 0.5 0
1700237766634 0.5 0
1700237827181 0.5 0
1700237887759 0.5 0
1700237948221 0.5 0
1700238008869 0.5 0
1700238069440 0.5 0
1700238129932 0.5 0
1700238190537 0.5 0
1700238251108 0.5 0
1700238311716 0.5 0
1700238372246 0.5 0
1700238432924 0.5 0
1700238493532 0.5 0
1700238554124 0.5 0
1700238614745 0.5 0
1700238675407 0.5 0
1700238736087 0.5 0
1700238798064 0.5 0
1700238860257 0.5 0
1700238922339 0.5 0
1700238983069 0.5 0
1700239043713 0.5 0
1700239104235 0.5 0
1700239164772 0.5 0
1700239225272 0.5 0
1700239285908 0.5 0
1700239346480 0.5 0
1700239407024 0.5 0
1700239467473 0.5 0
1700239528238 0.5 0
1700239588796 0.5 0
1700239649280 0.5 0
1700239709764 0.5 0
1700239770277 0.5 0
1700239831080 0.5 0
1700239891712 0.5 0
1700239952174 0.5 0
1700240012709 0.5 0
1700240073173 0.5 0
1700240133748 0.5 0
1700240194240 0.5 0
1700240254752 0.5 0
1700240315319 0.5 0
1700240375705 0.5 0
1700240436275 0.5 0
1700240496893 0.5 0
1700240557561 0.5 0
1700240618127 0.5 0
1700240678608 0.5 0
1700240739181 0.5 0
1700240799704 0.5 0
1700240860499 0.5 0
1700240921994 0.5 0
1700240984200 0.5 0
1700241045052 0.5 0
1700241105539 0.5 0
1700241166051 0.5 0
1700241226773 0.5 0
1700241287817 0.5 0
1700241348389 0.5 0
1700241408918 0.5 0
1700241469481 0.5 0
1700241529929 0.5 0
1700241590473 0.5 0
1700241651076 0.5 0
1700241711554 0.5 0
1700241772148 0.5 0
1700241832700 0.5 0
1700241893418 0.5 0
1700241954089 0.5 0
1700242014594 0.5 0
1700242075152 0.5 0
1700242135872 0.5 0
1700242196509 0.5 0
1700242257168 0.5 0
1700242317771 0.5 0
1700242378284 0.5 0
1700242438801 0.5 0
1700242499430 0.5 0
1700242560077 0.5 0
1700242620668 0.5 0
1700242681244 0.5 0
1700242741850 0.5 0
1700242802474 0.5 0
1700242863941 0.5 0
1700242926153 0.5 0
1700242988760 0.5 0
1700243049408 0.5 0
1700243110137 0.5 0
1700243170824 0.5 0
1700243231364 0.5 0
1700243291924 0.5 0
1700243352472 0.5 0
1700243413202 0.5 0
1700243473720 0.5 0
1700243534423 0.5 0
1700243594981 0.5 0
1700243655675 0.5 0
1700243716308 0.5 0
1700243776952 0.5 0
1700243837537 0.5 0
1700243898080 0.5 0
1700243958752 0.5 0
1700244019420 0.5 0
1700244080072 0.5 0
1700244140599 0.5 0
1700244201180 0.5 0
1700244261695 0.5 0
1700244577492 0.5 0
1700244638061 0.5 0
1700244698771 0.5 0
1700244759368 0.5 0
1700244819917 0.5 0
1700244880908 0.5 0
1700244941605 0.5 0
1700245002324 0.5 0
1700245062889 0.5 0
1700245123620 0.5 0
1700245184201 0.5 0
1700245244732 0.5 0
1700245305565 0.5 0
1700245366137 0.5 0
1700245426816 0.5 0
1700245487441 0.5 0
1700245548088 0.5 0
1700245608829 0.5 0
1700245669535 0.5 0
1700245730257 0.5 0
1700245790888 0.5 0
1700245851464 0.5 0
1700245912108 0.5 0
1700245972680 0.5 0
1700246033241 0.5 0
1700246093896 0.5 0
1700246154503 0.5 0
1700246215091 0.5 0
1700246275667 0.5 0
1700246337057 0.5 0
1700246399074 0.5 0
1700246461647 0.5 0
1700246522464 0.5 0
1700246582991 0.5 0
1700246643709 0.5 0
1700246704324 0.5 0
1700246764869 0.5 0
1700246825474 0.5 0
1700246886110 0.5 0
1700246946831 0.5 0
1700247007415 0.5 0
1700247068129 0.5 0
1700247128940 0.5 0
1700247189548 0.5 0
1700247250258 0.5 0
1700247310958 0.5 0
1700247371616 0.5 0
1700247432324 0.5 0
1700247493192 0.5 0
1700247553848 0.5 0
1700247614572 0.5 0
1700247675212 0.5 0
1700247735802 0.5 0
1700247796396 0.5 0
1700247857158 0.5 0
1700247917784 0.5 0
1700247978388 0.5 0
1700248038836 0.5 0
1700248100354 0.5 0
1700248163032 0.5 0
1700248224545 0.5 0
1700248285293 0.5 0
1700248345904 0.5 0
1700248406864 0.5 0
1700248467641 0.5 0
1700248528764 0.5 0
1700248589449 0.5 0
1700248650076 0.5 0
1700248711149 0.5 0
1700248771841 0.5 0
1700248832386 0.5 0
1700248892994 0.5 0
1700248953645 0.5 0
1700249014296 0.5 0
1700249074957 0.5 0
1700249135551 0.5 0
1700249196273 0.5 0
1700249256944 0.5 0
1700249317504 0.5 0
1700249378148 0.5 0
1700249438770 0.5 0
1700249499392 0.5 0
1700249560041 0.5 0
1700249620872 0.5 0
1700249681600 0.5 0
1700249742290 0.5 0
1700249802849 0.5 0
1700249863432 0.5 0
1700249924013 0.5 0
1700249984700 0.5 0
1700250045510 0.5 0
1700250106340 0.5 0
1700250166929 0.5 0
1700250227503 0.5 0
1700250289081 0.5 0
1700250352408 0.5 0
1700250413628 0.5 0
1700250474245 0.5 0
1700250534818 0.5 0
1700250595557 0.5 0
1700250656130 0.5 0
1700250716789 0.5 0
1700250777469 0.5 0
1700250838192 0.5 0
1700250898738 0.5 0
1700250959327 0.5 0
1700251020053 0.5 0
1700251080641 0.5 0
1700251141191 0.5 0
1700251201745 0.5 0
1700251262284 0.5 0
1700251324349 0.5 0
1700251386648 0.5 0
1700251447445 0.5 0
1700251508069 0.5 0
1700251568664 0.5 0
1700251629299 0.5 0
1700251689880 0.5 0
1700251750385 0.5 0
1700251811068 0.5 0
1700251871669 0.5 0
1700251932313 0.5 0
1700251992921 0.5 0
1700252053604 0.5 0
1700252114696 0.5 0
1700252175229 0.5 0
1700252235821 0.5 0
1700252296593 0.5 0
1700252357216 0.5 0
1700252418025 0.5 0
1700252478789 0.5 0
1700252539398 0.5 0
1700252600217 0.5 0
1700252661065 0.5 0
1700252721672 0.5 0
1700252782395 0.5 0
1700252843180 0.5 0
1700252903874 0.5 0
1700252964525 0.5 0
1700253025086 0.5 0
1700253085848 0.5 0
1700253146614 0.5 0
1700253207288 0.5 0
1700253267947 0.5 0
1700253328535 0.5 0
1700253389188 0.5 0
1700253449845 0.5 0
1700253510921 0.5 0
1700253573516 0.5 0
1700253636411 0.5 0
1700253697328 0.5 0
1700253758091 0.5 0
1700253818879 0.5 0
1700253879541 0.5 0
1700253940821 0.5 0
1700254001397 0.5 0
1700254062133 0.5 0
1700254122932 0.5 0
1700254183488 0.5 0
1700254244231 0.5 0
1700254305036 0.5 0
1700254365658 0.5 0
1700254426452 0.5 0
1700254484841 0.5 0
