1700287294899 0.0013113617897033691 0
1700287363225 0.004042625427246094 0
1700287439262 0.004172861576080322 0
1700287516837 0.004285991191864014 0
1700287593142 0.004388213157653809 0
1700287668997 0.004495561122894287 0
1700287744753 0.004596352577209473 0
1700287820657 0.004692375659942627 0
1700287896504 0.0047653913497924805 0
1700287972241 0.0052645206451416016 0
1700288048079 0.005469202995300293 0
1700288124185 0.005658388137817383 0
1700288200033 0.005868375301361084 0
1700288275901 0.00599360466003418 0
1700288351799 0.006067216396331787 0
