1700287294897 0.0 0
1700287363222 0.0013316964730620384 0
1700287439260 0.0025476427748799325 0
1700287516834 0.0010072965174913406 0
1700287593139 -0.002405453659594059 0
1700287668994 -0.005547838471829891 0
1700287744750 -0.0056847233325243 0
1700287820654 -0.0011231452226638794 0
1700287896501 0.008700076024979353 0
1700287972238 0.02287332760170102 0
1700288048076 0.04185850769281387 0
1700288124182 0.06578794717788697 0
1700288200030 0.09434336423873901 0
1700288275899 0.12817013263702393 0
1700288351796 0.16777656078338624 0
