1700287294898 0.09942184388637543 0
1700287363224 0.9278960227966309 0
1700287439262 1.70488703250885 0
1700287516836 2.130115270614624 0
1700287593141 2.353454113006592 0
1700287668996 2.8735530376434326 0
1700287744752 4.063629627227783 0
1700287820656 5.703691482543945 0
1700287896503 7.536655902862549 0
1700287972241 9.438850402832031 0
1700288048079 11.37610149383545 0
1700288124184 13.352191925048828 0
1700288200033 15.35721206665039 0
1700288275901 17.384828567504883 0
1700288351798 19.436304092407227 0
