1700287294898 0.09999923408031464 0
1700287363223 0.9738256335258484 0
1700287439261 1.8726842403411865 0
1700287516835 2.497476577758789 0
1700287593141 2.6017062664031982 0
1700287668995 2.027595043182373 0
1700287744751 0.9024048447608948 0
1700287820655 -0.5325733423233032 0
1700287896503 -2.1190855503082275 0
1700287972240 -3.765260934829712 0
1700288048078 -5.433300971984863 0
1700288124183 -7.119962215423584 0
1700288200032 -8.818869590759277 0
1700288275900 -10.525904655456543 0
1700288351797 -12.24163818359375 0
