1700287294897 4.9993894993894995e-05 0
1700287363223 4.993894993894994e-05 0
1700287439261 4.987789987789988e-05 0
1700287516834 4.981684981684982e-05 0
1700287593140 4.975579975579976e-05 0
1700287668994 4.9694749694749696e-05 0
1700287744751 4.963369963369964e-05 0
1700287820655 4.9572649572649575e-05 0
1700287896502 4.951159951159952e-05 0
1700287972239 4.945054945054945e-05 0
1700288048077 4.9389499389499396e-05 0
1700288124182 4.932844932844933e-05 0
1700288200031 4.9267399267399275e-05 0
1700288275899 4.9206349206349204e-05 0
1700288351796 4.9145299145299147e-05 0
