1700287297316 0.0032958008464753935 0
1700287365619 0.0033469323667219882 0
1700287441730 0.0037043298464364957 0
1700287519350 0.003772488529818046 0
1700287595559 0.0038463271034813915 0
1700287671376 0.003937205347990125 0
1700287747159 0.004028083592498858 0
1700287823078 0.004100028869401606 0
1700287898869 0.0041644009592619585 0
1700287974620 0.004236346236164706 0
1700288050432 0.004572736784584164 0
1700288126604 0.004693878129356266 0
1700288202455 0.0050680410367837225 0
1700288278278 0.005162659549960201 0
1700288354210 0.005232677249710794 0
