1700287294899 0.0 0
1700287363226 0.0013736263736263737 0
1700287439263 0.0028998778998779 0
1700287516837 0.004426129426129426 0
1700287593143 0.005952380952380952 0
1700287668997 0.007478632478632479 0
1700287744753 0.009004884004884004 0
1700287820658 0.010531135531135532 0
1700287896505 0.012057387057387058 0
1700287972242 0.013583638583638584 0
1700288048080 0.01510989010989011 0
1700288124186 0.016636141636141636 0
1700288200034 0.018162393162393164 0
1700288275902 0.019688644688644688 0
1700288351800 0.021214896214896216 0
